"","NSub","targetDur","RP","Exp","group","model","W_P_G","mu_r","sig_r","predY","W_PL","sig2_DL","log_lik","W_L","W_Ds","W_P_S","W_P_L","part","ver"
"1",1,0.565685424949238,0.526007140657384,"Exp1","mixed","IP",0,0.589960098361319,0.0960830915034921,0.589686645413776,0.724035215810326,0,0.923213503246153,0.724035215810326,0.275964784189674,0.724035215810326,0.724035215810326,"all","linear"
"2",1,1.2,1.19783450840987,"Exp1","mixed","IP",0,1.39700865558787,0.198934334299583,1.39753931861019,0.314907594207292,0,0.200313926298324,0.314907594207292,0.685092405792708,0.314907594207292,0.314907594207292,"all","linear"
"3",1,0.8,0.717920096783928,"Exp1","mixed","IP",0,0.631642129082915,0.0986814384482126,0.632029961289124,0.838807582501984,0,0.894853369707207,0.838807582501984,0.161192417498016,0.838807582501984,0.838807582501984,"all","linear"
"4",1,1.69705627484772,1.47795791490353,"Exp1","mixed","IP",0,1.75851206664148,0.238573780909048,1.75802848081112,0.477433549623705,0,0.0154026035209894,0.477433549623705,0.522566450376295,0.477433549623705,0.477433549623705,"all","linear"
"5",1,0.672717132202972,0.773946270903252,"Exp1","mixed","IP",0,0.614906537145962,0.0975126257315622,0.61442123709012,0.786938831070641,0,0.911699239975761,0.786938831070641,0.213061168929359,0.786938831070641,0.786938831070641,"all","linear"
"6",1,0.8,0.829871990645188,"Exp1","mixed","IP",0,0.631642129082915,0.0986814384482126,0.631440646508672,0.838807582501984,0,0.896040633109835,0.838807582501984,0.161192417498016,0.838807582501984,0.838807582501984,"all","linear"
"7",1,0.672717132202972,0.56597492061519,"Exp1","mixed","IP",0,0.614906537145962,0.0975126257315622,0.614714958357166,0.786938831070641,0,0.909815844973708,0.786938831070641,0.213061168929359,0.786938831070641,0.786938831070641,"all","linear"
"8",1,2.01815139660892,1.24593473886489,"Exp1","mixed","IP",0,1.90991148865231,0.257047909167984,1.910708589093,0.562911010388431,0,-0.0552951698551368,0.562911010388431,0.437088989611569,0.562911010388431,0.562911010388431,"all","linear"
"9",1,1.69705627484772,0.941986539735808,"Exp1","mixed","IP",0,1.75851206664148,0.238573780909048,1.75836310560212,0.477433549623705,0,0.0216271726046448,0.477433549623705,0.522566450376295,0.477433549623705,0.477433549623705,"all","linear"
"10",1,0.565685424949238,0.653942476650627,"Exp1","mixed","IP",0,0.589960098361319,0.0960830915034921,0.590163659514849,0.724035215810326,0,0.9285412008182,0.724035215810326,0.275964784189674,0.724035215810326,0.724035215810326,"all","linear"
"11",1,2.4,1.30997300482886,"Exp1","mixed","IP",0,2.02983028776582,0.273621369100537,2.0321475671467,0.644837840317081,0,-0.12485573778183,0.644837840317081,0.355162159682919,0.644837840317081,0.644837840317081,"all","linear"
"12",1,1.2,1.34996815316299,"Exp1","mixed","IP",0,1.39700865558787,0.198934334299583,1.39638523454334,0.314907594207292,0,0.197760712957034,0.314907594207292,0.685092405792708,0.314907594207292,0.314907594207292,"all","linear"
"13",1,0.475682846001088,0.589955215385999,"Exp1","mixed","IP",0,0.556065092368594,0.094405836791202,0.556584863236243,0.650973422759874,0,0.947584134019175,0.650973422759874,0.349026577240126,0.650973422759874,0.650973422759874,"all","linear"
"14",1,0.4,0.421965018240371,"Exp1","mixed","IP",0,0.513531729116098,0.0925300800754549,0.513214245461099,0.57020307129124,0,0.964073341804576,0.57020307129124,0.42979692870876,0.57020307129124,0.57020307129124,"all","linear"
"15",1,1.2,1.10980506252781,"Exp1","mixed","IP",0,1.39700865558787,0.198934334299583,1.39650623289219,0.314907594207292,0,0.200194525655004,0.314907594207292,0.685092405792708,0.314907594207292,0.314907594207292,"all","linear"
"16",1,0.475682846001088,0.677874254755807,"Exp1","mixed","IP",0,0.556065092368594,0.094405836791202,0.556077042633612,0.650973422759874,0,0.940664287472579,0.650973422759874,0.349026577240126,0.650973422759874,0.650973422759874,"all","linear"
"17",1,0.8,0.845924786728574,"Exp1","mixed","IP",0,0.631642129082915,0.0986814384482126,0.631674131305337,0.838807582501984,0,0.902777931958596,0.838807582501984,0.161192417498016,0.838807582501984,0.838807582501984,"all","linear"
"18",1,1.42704853800327,1.02194853501533,"Exp1","mixed","IP",0,1.58381245103047,0.218911541655465,1.58278236564882,0.393245375699174,0,0.0998284472504814,0.393245375699174,0.606754624300826,0.393245375699174,0.393245375699174,"all","linear"
"19",1,2.01815139660892,1.8299500527155,"Exp1","mixed","IP",0,1.90991148865231,0.257047909167984,1.91129633545668,0.562911010388431,0,-0.0622343049060364,0.562911010388431,0.437088989611569,0.562911010388431,0.562911010388431,"all","linear"
"20",1,2.4,2.0058994709816,"Exp1","mixed","IP",0,2.02983028776582,0.273621369100537,2.02837857075838,0.644837840317081,0,-0.12450429841077,0.644837840317081,0.355162159682919,0.644837840317081,0.644837840317081,"all","linear"
"21",1,1.42704853800327,1.67002015307662,"Exp1","mixed","IP",0,1.58381245103047,0.218911541655465,1.58452602498474,0.393245375699174,0,0.0998742029686945,0.393245375699174,0.606754624300826,0.393245375699174,0.393245375699174,"all","linear"
"22",1,0.8,0.790006220084251,"Exp1","mixed","IP",0,0.631642129082915,0.0986814384482126,0.631027627696974,0.838807582501984,0,0.901264591421415,0.838807582501984,0.161192417498016,0.838807582501984,0.838807582501984,"all","linear"
"23",1,1.2,0.909894631755378,"Exp1","mixed","IP",0,1.39700865558787,0.198934334299583,1.39825446210742,0.314907594207292,0,0.200347518406813,0.314907594207292,0.685092405792708,0.314907594207292,0.314907594207292,"all","linear"
"24",1,2.01815139660892,1.62989500496042,"Exp1","mixed","IP",0,1.90991148865231,0.257047909167984,1.9097032392609,0.562911010388431,0,-0.0634079572728926,0.562911010388431,0.437088989611569,0.562911010388431,0.562911010388431,"all","linear"
"25",1,0.475682846001088,0.501850506469054,"Exp1","mixed","IP",0,0.556065092368594,0.094405836791202,0.556626785332806,0.650973422759874,0,0.941258961582396,0.650973422759874,0.349026577240126,0.650973422759874,0.650973422759874,"all","linear"
"26",1,0.475682846001088,0.413932400113481,"Exp1","mixed","IP",0,0.556065092368594,0.094405836791202,0.555441428311514,0.650973422759874,0,0.938447568358688,0.650973422759874,0.349026577240126,0.650973422759874,0.650973422759874,"all","linear"
"27",1,0.4,0.429897181989872,"Exp1","mixed","IP",0,0.513531729116098,0.0925300800754549,0.512922350614628,0.57020307129124,0,0.966537703582382,0.57020307129124,0.42979692870876,0.57020307129124,0.57020307129124,"all","linear"
"28",1,2.4,1.34202914731941,"Exp1","mixed","IP",0,2.02983028776582,0.273621369100537,2.0287407593548,0.644837840317081,0,-0.119187109577983,0.644837840317081,0.355162159682919,0.644837840317081,0.644837840317081,"all","linear"
"29",1,0.4,0.605839136154827,"Exp1","mixed","IP",0,0.513531729116098,0.0925300800754549,0.513721283820105,0.57020307129124,0,0.966451433482579,0.57020307129124,0.42979692870876,0.57020307129124,0.57020307129124,"all","linear"
"30",1,0.4,0.397849747620057,"Exp1","mixed","IP",0,0.513531729116098,0.0925300800754549,0.51334672082253,0.57020307129124,0,0.963364257783537,0.57020307129124,0.42979692870876,0.57020307129124,0.57020307129124,"all","linear"
"31",1,0.565685424949238,0.69388786430136,"Exp1","mixed","IP",0,0.589960098361319,0.0960830915034921,0.589490815373019,0.724035215810326,0,0.927847022099978,0.724035215810326,0.275964784189674,0.724035215810326,0.724035215810326,"all","linear"
"32",1,1.42704853800327,1.58189647290055,"Exp1","mixed","IP",0,1.58381245103047,0.218911541655465,1.5828990126267,0.393245375699174,0,0.0992007813232505,0.393245375699174,0.606754624300826,0.393245375699174,0.393245375699174,"all","linear"
"33",1,1.69705627484772,1.8699427130141,"Exp1","mixed","IP",0,1.75851206664148,0.238573780909048,1.75875394092944,0.477433549623705,0,0.0166666282127826,0.477433549623705,0.522566450376295,0.477433549623705,0.477433549623705,"all","linear"
"34",1,0.565685424949238,0.661961099585824,"Exp1","mixed","IP",0,0.589960098361319,0.0960830915034921,0.590304358883062,0.724035215810326,0,0.921399792776892,0.724035215810326,0.275964784189674,0.724035215810326,0.724035215810326,"all","linear"
"35",1,0.8,0.805910667135322,"Exp1","mixed","IP",0,0.631642129082915,0.0986814384482126,0.632769190125622,0.838807582501984,0,0.88896040074562,0.838807582501984,0.161192417498016,0.838807582501984,0.838807582501984,"all","linear"
"36",1,2.4,2.10982278976917,"Exp1","mixed","IP",0,2.02983028776582,0.273621369100537,2.03156779202948,0.644837840317081,0,-0.123687153986204,0.644837840317081,0.355162159682919,0.644837840317081,0.644837840317081,"all","linear"
"37",1,0.565685424949238,0.493904036524327,"Exp1","mixed","IP",0,0.589960098361319,0.0960830915034921,0.589864262908907,0.724035215810326,0,0.932257081519713,0.724035215810326,0.275964784189674,0.724035215810326,0.724035215810326,"all","linear"
"38",1,1.42704853800327,1.20592715036037,"Exp1","mixed","IP",0,1.58381245103047,0.218911541655465,1.58380831182354,0.393245375699174,0,0.103444839446337,0.393245375699174,0.606754624300826,0.393245375699174,0.393245375699174,"all","linear"
"39",1,0.672717132202972,0.956879289915378,"Exp1","mixed","IP",0,0.614906537145962,0.0975126257315622,0.614665235327914,0.786938831070641,0,0.915706974814348,0.786938831070641,0.213061168929359,0.786938831070641,0.786938831070641,"all","linear"
"40",1,0.8,0.680590565996681,"Exp1","mixed","IP",0,0.631642129082915,0.0986814384482126,0.631666909669669,0.838807582501984,0,0.895066659676286,0.838807582501984,0.161192417498016,0.838807582501984,0.838807582501984,"all","linear"
"41",1,0.4,0.365864203098681,"Exp1","mixed","IP",0,0.513531729116098,0.0925300800754549,0.513719888575151,0.57020307129124,0,0.961062474528913,0.57020307129124,0.42979692870876,0.57020307129124,0.57020307129124,"all","linear"
"42",1,1.69705627484772,1.74986987581542,"Exp1","mixed","IP",0,1.75851206664148,0.238573780909048,1.75844213266094,0.477433549623705,0,0.0137737742733529,0.477433549623705,0.522566450376295,0.477433549623705,0.477433549623705,"all","linear"
"43",1,1.42704853800327,1.63790802981748,"Exp1","mixed","IP",0,1.58381245103047,0.218911541655465,1.58361706150818,0.393245375699174,0,0.10263041112647,0.393245375699174,0.606754624300826,0.393245375699174,0.393245375699174,"all","linear"
"44",1,1.2,1.50995963164678,"Exp1","mixed","IP",0,1.39700865558787,0.198934334299583,1.3960748803653,0.314907594207292,0,0.199242593316975,0.314907594207292,0.685092405792708,0.314907594207292,0.314907594207292,"all","linear"
"45",1,2.4,1.2698699380162,"Exp1","mixed","IP",0,2.02983028776582,0.273621369100537,2.02918991177126,0.644837840317081,0,-0.117855112523419,0.644837840317081,0.355162159682919,0.644837840317081,0.644837840317081,"all","linear"
"46",1,0.475682846001088,0.557911513065847,"Exp1","mixed","IP",0,0.556065092368594,0.094405836791202,0.55555442616513,0.650973422759874,0,0.943336538277365,0.650973422759874,0.349026577240126,0.650973422759874,0.650973422759874,"all","linear"
"47",1,0.672717132202972,0.571612494906731,"Exp1","mixed","IP",0,0.614906537145962,0.0975126257315622,0.614276778277792,0.786938831070641,0,0.915626250394436,0.786938831070641,0.213061168929359,0.786938831070641,0.786938831070641,"all","linear"
"48",1,0.4,0.413922447976802,"Exp1","mixed","IP",0,0.513531729116098,0.0925300800754549,0.513637857768737,0.57020307129124,0,0.961061878279951,0.57020307129124,0.42979692870876,0.57020307129124,0.57020307129124,"all","linear"
"49",1,2.01815139660892,1.56589841356617,"Exp1","mixed","IP",0,1.90991148865231,0.257047909167984,1.91042943117795,0.562911010388431,0,-0.0617432514075976,0.562911010388431,0.437088989611569,0.562911010388431,0.562911010388431,"all","linear"
"50",1,1.69705627484772,1.34987422987615,"Exp1","mixed","IP",0,1.75851206664148,0.238573780909048,1.75957436464284,0.477433549623705,0,0.0207834194372351,0.477433549623705,0.522566450376295,0.477433549623705,0.477433549623705,"all","linear"
"51",1,2.01815139660892,1.81373926646484,"Exp1","mixed","IP",0,1.90991148865231,0.257047909167984,1.91055532974922,0.562911010388431,0,-0.0577064164156995,0.562911010388431,0.437088989611569,0.562911010388431,0.562911010388431,"all","linear"
"52",1,2.4,2.02989469395652,"Exp1","mixed","IP",0,2.02983028776582,0.273621369100537,2.03000585780344,0.644837840317081,0,-0.124488427341742,0.644837840317081,0.355162159682919,0.644837840317081,0.644837840317081,"all","linear"
"53",1,1.69705627484772,1.86184665001747,"Exp1","mixed","IP",0,1.75851206664148,0.238573780909048,1.75632180741453,0.477433549623705,0,0.0105330681499983,0.477433549623705,0.522566450376295,0.477433549623705,0.477433549623705,"all","linear"
"54",1,0.4,0.531138089001615,"Exp1","mixed","IP",0,0.513531729116098,0.0925300800754549,0.513644635749339,0.57020307129124,0,0.966718512798749,0.57020307129124,0.42979692870876,0.57020307129124,0.57020307129124,"all","linear"
"55",1,0.8,0.709556881125536,"Exp1","mixed","IP",0,0.631642129082915,0.0986814384482126,0.631220274074552,0.838807582501984,0,0.900775359165216,0.838807582501984,0.161192417498016,0.838807582501984,0.838807582501984,"all","linear"
"56",1,2.4,1.70583913615337,"Exp1","mixed","IP",0,2.02983028776582,0.273621369100537,2.02981123205748,0.644837840317081,0,-0.120234059275769,0.644837840317081,0.355162159682919,0.644837840317081,0.644837840317081,"all","linear"
"57",1,1.2,1.30996802876143,"Exp1","mixed","IP",0,1.39700865558787,0.198934334299583,1.39728182445576,0.314907594207292,0,0.192559153572285,0.314907594207292,0.685092405792708,0.314907594207292,0.314907594207292,"all","linear"
"58",1,1.69705627484772,1.6938788451771,"Exp1","mixed","IP",0,1.75851206664148,0.238573780909048,1.75940913148323,0.477433549623705,0,0.0137716384121479,0.477433549623705,0.522566450376295,0.477433549623705,0.477433549623705,"all","linear"
"59",1,2.01815139660892,1.54183228162037,"Exp1","mixed","IP",0,1.90991148865231,0.257047909167984,1.90883927182928,0.562911010388431,0,-0.0556998818641187,0.562911010388431,0.437088989611569,0.562911010388431,0.562911010388431,"all","linear"
"60",1,2.01815139660892,1.8539085771863,"Exp1","mixed","IP",0,1.90991148865231,0.257047909167984,1.91000522066908,0.562911010388431,0,-0.0599080672389884,0.562911010388431,0.437088989611569,0.562911010388431,0.562911010388431,"all","linear"
"61",1,0.565685424949238,0.581904870015933,"Exp1","mixed","IP",0,0.589960098361319,0.0960830915034921,0.589646234277061,0.724035215810326,0,0.921017459949463,0.724035215810326,0.275964784189674,0.724035215810326,0.724035215810326,"all","linear"
"62",1,0.672717132202972,0.669849722738945,"Exp1","mixed","IP",0,0.614906537145962,0.0975126257315622,0.614361679364082,0.786938831070641,0,0.912790129818601,0.786938831070641,0.213061168929359,0.786938831070641,0.786938831070641,"all","linear"
"63",1,1.2,1.20595762877929,"Exp1","mixed","IP",0,1.39700865558787,0.198934334299583,1.39742031424515,0.314907594207292,0,0.199376135306701,0.314907594207292,0.685092405792708,0.314907594207292,0.314907594207292,"all","linear"
"64",1,0.475682846001088,0.645903327435008,"Exp1","mixed","IP",0,0.556065092368594,0.094405836791202,0.555915749013474,0.650973422759874,0,0.942720435513123,0.650973422759874,0.349026577240126,0.650973422759874,0.650973422759874,"all","linear"
"65",1,0.672717132202972,0.544461511666668,"Exp1","mixed","IP",0,0.614906537145962,0.0975126257315622,0.615052230687338,0.786938831070641,0,0.913620077086555,0.786938831070641,0.213061168929359,0.786938831070641,0.786938831070641,"all","linear"
"66",1,0.475682846001088,0.453901113083703,"Exp1","mixed","IP",0,0.556065092368594,0.094405836791202,0.556791407873398,0.650973422759874,0,0.944790378263017,0.650973422759874,0.349026577240126,0.650973422759874,0.650973422759874,"all","linear"
"67",1,1.42704853800327,1.54987049782358,"Exp1","mixed","IP",0,1.58381245103047,0.218911541655465,1.58307920350903,0.393245375699174,0,0.0963506154367691,0.393245375699174,0.606754624300826,0.393245375699174,0.393245375699174,"all","linear"
"68",1,2.4,1.73387648154676,"Exp1","mixed","IP",0,2.02983028776582,0.273621369100537,2.03039503171919,0.644837840317081,0,-0.123410630804372,0.644837840317081,0.355162159682919,0.644837840317081,0.644837840317081,"all","linear"
"69",1,0.475682846001088,0.501904932216348,"Exp1","mixed","IP",0,0.556065092368594,0.094405836791202,0.556350218376187,0.650973422759874,0,0.941783590388312,0.650973422759874,0.349026577240126,0.650973422759874,0.650973422759874,"all","linear"
"70",1,0.565685424949238,0.661871219353998,"Exp1","mixed","IP",0,0.589960098361319,0.0960830915034921,0.589876161909146,0.724035215810326,0,0.925212965492659,0.724035215810326,0.275964784189674,0.724035215810326,0.724035215810326,"all","linear"
"71",1,1.42704853800327,1.60592372931387,"Exp1","mixed","IP",0,1.58381245103047,0.218911541655465,1.58237816793385,0.393245375699174,0,0.107562364596205,0.393245375699174,0.606754624300826,0.393245375699174,0.393245375699174,"all","linear"
"72",1,0.565685424949238,0.565891882477445,"Exp1","mixed","IP",0,0.589960098361319,0.0960830915034921,0.589255726941803,0.724035215810326,0,0.92599412820129,0.724035215810326,0.275964784189674,0.724035215810326,0.724035215810326,"all","linear"
"73",1,0.565685424949238,0.66255107467623,"Exp1","mixed","IP",0,0.589960098361319,0.0960830915034921,0.58964292419384,0.724035215810326,0,0.924680830707445,0.724035215810326,0.275964784189674,0.724035215810326,0.724035215810326,"all","linear"
"74",1,0.672717132202972,0.573836175393808,"Exp1","mixed","IP",0,0.614906537145962,0.0975126257315622,0.614813178187105,0.786938831070641,0,0.917057770419748,0.786938831070641,0.213061168929359,0.786938831070641,0.786938831070641,"all","linear"
"75",1,0.475682846001088,0.741777233864923,"Exp1","mixed","IP",0,0.556065092368594,0.094405836791202,0.555774011554903,0.650973422759874,0,0.941965615190761,0.650973422759874,0.349026577240126,0.650973422759874,0.650973422759874,"all","linear"
"76",1,0.4,0.397953312040045,"Exp1","mixed","IP",0,0.513531729116098,0.0925300800754549,0.513250914039589,0.57020307129124,0,0.96470379994956,0.57020307129124,0.42979692870876,0.57020307129124,0.57020307129124,"all","linear"
"77",1,1.42704853800327,1.38200750142278,"Exp1","mixed","IP",0,1.58381245103047,0.218911541655465,1.58363049648233,0.393245375699174,0,0.105010035364948,0.393245375699174,0.606754624300826,0.393245375699174,0.393245375699174,"all","linear"
"78",1,2.01815139660892,1.72585381555473,"Exp1","mixed","IP",0,1.90991148865231,0.257047909167984,1.9123123826907,0.562911010388431,0,-0.0537782444289375,0.562911010388431,0.437088989611569,0.562911010388431,0.562911010388431,"all","linear"
"79",1,0.4,0.445909547519477,"Exp1","mixed","IP",0,0.513531729116098,0.0925300800754549,0.513292965162999,0.57020307129124,0,0.962898014205448,0.57020307129124,0.42979692870876,0.57020307129124,0.57020307129124,"all","linear"
"80",1,1.69705627484772,1.35792239821603,"Exp1","mixed","IP",0,1.75851206664148,0.238573780909048,1.75940999681616,0.477433549623705,0,0.0150810365608724,0.477433549623705,0.522566450376295,0.477433549623705,0.477433549623705,"all","linear"
"81",1,1.69705627484772,1.21401015117772,"Exp1","mixed","IP",0,1.75851206664148,0.238573780909048,1.75914922575338,0.477433549623705,0,0.0209052260611495,0.477433549623705,0.522566450376295,0.477433549623705,0.477433549623705,"all","linear"
"82",1,0.8,0.789897368593302,"Exp1","mixed","IP",0,0.631642129082915,0.0986814384482126,0.631906402025901,0.838807582501984,0,0.895141149060411,0.838807582501984,0.161192417498016,0.838807582501984,0.838807582501984,"all","linear"
"83",1,0.565685424949238,0.59789919729883,"Exp1","mixed","IP",0,0.589960098361319,0.0960830915034921,0.58996600130302,0.724035215810326,0,0.919453391669581,0.724035215810326,0.275964784189674,0.724035215810326,0.724035215810326,"all","linear"
"84",1,2.4,1.46983666055894,"Exp1","mixed","IP",0,2.02983028776582,0.273621369100537,2.0302145200994,0.644837840317081,0,-0.113116385392425,0.644837840317081,0.355162159682919,0.644837840317081,0.644837840317081,"all","linear"
"85",1,0.4,0.429879454746697,"Exp1","mixed","IP",0,0.513531729116098,0.0925300800754549,0.513561943037758,0.57020307129124,0,0.960716099857666,0.57020307129124,0.42979692870876,0.57020307129124,0.57020307129124,"all","linear"
"86",1,1.42704853800327,1.59790603939109,"Exp1","mixed","IP",0,1.58381245103047,0.218911541655465,1.58206147200545,0.393245375699174,0,0.0951142782386955,0.393245375699174,0.606754624300826,0.393245375699174,0.393245375699174,"all","linear"
"87",1,0.672717132202972,0.669860918893391,"Exp1","mixed","IP",0,0.614906537145962,0.0975126257315622,0.61423578596937,0.786938831070641,0,0.912176137458598,0.786938831070641,0.213061168929359,0.786938831070641,0.786938831070641,"all","linear"
"88",1,0.475682846001088,0.668013242562665,"Exp1","mixed","IP",0,0.556065092368594,0.094405836791202,0.555924468913499,0.650973422759874,0,0.942120672239066,0.650973422759874,0.349026577240126,0.650973422759874,0.650973422759874,"all","linear"
"89",1,0.475682846001088,0.550002363632302,"Exp1","mixed","IP",0,0.556065092368594,0.094405836791202,0.556086905283415,0.650973422759874,0,0.938069620734523,0.650973422759874,0.349026577240126,0.650973422759874,0.650973422759874,"all","linear"
"90",1,0.672717132202972,0.59791754654907,"Exp1","mixed","IP",0,0.614906537145962,0.0975126257315622,0.615099220795376,0.786938831070641,0,0.916220838829009,0.786938831070641,0.213061168929359,0.786938831070641,0.786938831070641,"all","linear"
"91",1,2.4,1.89395379720554,"Exp1","mixed","IP",0,2.02983028776582,0.273621369100537,2.02876918780695,0.644837840317081,0,-0.119741560666363,0.644837840317081,0.355162159682919,0.644837840317081,0.644837840317081,"all","linear"
"92",1,0.8,0.773848304559579,"Exp1","mixed","IP",0,0.631642129082915,0.0986814384482126,0.630629893833281,0.838807582501984,0,0.895493785655043,0.838807582501984,0.161192417498016,0.838807582501984,0.838807582501984,"all","linear"
"93",1,1.2,1.30197739620962,"Exp1","mixed","IP",0,1.39700865558787,0.198934334299583,1.39797946730026,0.314907594207292,0,0.198431349811835,0.314907594207292,0.685092405792708,0.314907594207292,0.314907594207292,"all","linear"
"94",1,1.2,0.893990184706126,"Exp1","mixed","IP",0,1.39700865558787,0.198934334299583,1.39552567437143,0.314907594207292,0,0.19711488026894,0.314907594207292,0.685092405792708,0.314907594207292,0.314907594207292,"all","linear"
"95",1,2.01815139660892,1.82189721931172,"Exp1","mixed","IP",0,1.90991148865231,0.257047909167984,1.90980932086229,0.562911010388431,0,-0.0569523488714634,0.562911010388431,0.437088989611569,0.562911010388431,0.562911010388431,"all","linear"
"96",1,2.01815139660892,1.24589493031817,"Exp1","mixed","IP",0,1.90991148865231,0.257047909167984,1.91369005972765,0.562911010388431,0,-0.0575177306224119,0.562911010388431,0.437088989611569,0.562911010388431,0.562911010388431,"all","linear"
"97",1,1.42704853800327,1.28592708815995,"Exp1","mixed","IP",0,1.58381245103047,0.218911541655465,1.58371169066229,0.393245375699174,0,0.0995125587778697,0.393245375699174,0.606754624300826,0.393245375699174,0.393245375699174,"all","linear"
"98",1,1.69705627484772,1.5899163398517,"Exp1","mixed","IP",0,1.75851206664148,0.238573780909048,1.76008259293652,0.477433549623705,0,0.0215740911084026,0.477433549623705,0.522566450376295,0.477433549623705,0.477433549623705,"all","linear"
"99",1,0.8,0.797949579988199,"Exp1","mixed","IP",0,0.631642129082915,0.0986814384482126,0.631726692717786,0.838807582501984,0,0.895724848434208,0.838807582501984,0.161192417498016,0.838807582501984,0.838807582501984,"all","linear"
"100",1,1.69705627484772,1.44590674848223,"Exp1","mixed","IP",0,1.75851206664148,0.238573780909048,1.75783363574973,0.477433549623705,0,0.0190722601982038,0.477433549623705,0.522566450376295,0.477433549623705,0.477433549623705,"all","linear"
"101",1,1.69705627484772,1.87799523541435,"Exp1","mixed","IP",0,1.75851206664148,0.238573780909048,1.75935693943626,0.477433549623705,0,0.014330049708997,0.477433549623705,0.522566450376295,0.477433549623705,0.477433549623705,"all","linear"
"102",1,0.4,0.454018983698916,"Exp1","mixed","IP",0,0.513531729116098,0.0925300800754549,0.513365726983142,0.57020307129124,0,0.962531012596563,0.57020307129124,0.42979692870876,0.57020307129124,0.57020307129124,"all","linear"
"103",1,1.2,1.26189609969515,"Exp1","mixed","IP",0,1.39700865558787,0.198934334299583,1.39600541636313,0.314907594207292,0,0.19119337660055,0.314907594207292,0.685092405792708,0.314907594207292,0.314907594207292,"all","linear"
"104",1,0.4,0.461929999159111,"Exp1","mixed","IP",0,0.513531729116098,0.0925300800754549,0.51306529901066,0.57020307129124,0,0.962831528365301,0.57020307129124,0.42979692870876,0.57020307129124,0.57020307129124,"all","linear"
"105",1,2.01815139660892,1.677735546853,"Exp1","mixed","IP",0,1.90991148865231,0.257047909167984,1.91043350833965,0.562911010388431,0,-0.0560085649600836,0.562911010388431,0.437088989611569,0.562911010388431,0.562911010388431,"all","linear"
"106",1,2.01815139660892,1.91790703460538,"Exp1","mixed","IP",0,1.90991148865231,0.257047909167984,1.90822970106569,0.562911010388431,0,-0.0606758283476592,0.562911010388431,0.437088989611569,0.562911010388431,0.562911010388431,"all","linear"
"107",1,0.672717132202972,0.95777187215208,"Exp1","mixed","IP",0,0.614906537145962,0.0975126257315622,0.614813390861023,0.786938831070641,0,0.904609336954771,0.786938831070641,0.213061168929359,0.786938831070641,0.786938831070641,"all","linear"
"108",1,1.42704853800327,1.40988841166836,"Exp1","mixed","IP",0,1.58381245103047,0.218911541655465,1.5831152766342,0.393245375699174,0,0.10289171446736,0.393245375699174,0.606754624300826,0.393245375699174,0.393245375699174,"all","linear"
"109",1,0.565685424949238,0.709996019144455,"Exp1","mixed","IP",0,0.589960098361319,0.0960830915034921,0.590089073802946,0.724035215810326,0,0.923689287863308,0.724035215810326,0.275964784189674,0.724035215810326,0.724035215810326,"all","linear"
"110",1,0.8,0.573933519726779,"Exp1","mixed","IP",0,0.631642129082915,0.0986814384482126,0.631030172237359,0.838807582501984,0,0.8941600556248,0.838807582501984,0.161192417498016,0.838807582501984,0.838807582501984,"all","linear"
"111",1,0.4,0.397906972404598,"Exp1","mixed","IP",0,0.513531729116098,0.0925300800754549,0.513431313008564,0.57020307129124,0,0.963175313454022,0.57020307129124,0.42979692870876,0.57020307129124,0.57020307129124,"all","linear"
"112",1,0.8,0.685897542754901,"Exp1","mixed","IP",0,0.631642129082915,0.0986814384482126,0.631631947675819,0.838807582501984,0,0.896087917290717,0.838807582501984,0.161192417498016,0.838807582501984,0.838807582501984,"all","linear"
"113",1,0.565685424949238,0.517933780973181,"Exp1","mixed","IP",0,0.589960098361319,0.0960830915034921,0.589800111560641,0.724035215810326,0,0.928822795303599,0.724035215810326,0.275964784189674,0.724035215810326,0.724035215810326,"all","linear"
"114",1,0.8,0.725861901666576,"Exp1","mixed","IP",0,0.631642129082915,0.0986814384482126,0.631873722998162,0.838807582501984,0,0.901245080544398,0.838807582501984,0.161192417498016,0.838807582501984,0.838807582501984,"all","linear"
"115",1,1.42704853800327,1.02994227760792,"Exp1","mixed","IP",0,1.58381245103047,0.218911541655465,1.58427251634323,0.393245375699174,0,0.0974290890233863,0.393245375699174,0.606754624300826,0.393245375699174,0.393245375699174,"all","linear"
"116",1,0.672717132202972,0.837967120627582,"Exp1","mixed","IP",0,0.614906537145962,0.0975126257315622,0.614372863163179,0.786938831070641,0,0.912679823530056,0.786938831070641,0.213061168929359,0.786938831070641,0.786938831070641,"all","linear"
"117",1,1.2,1.20603693486737,"Exp1","mixed","IP",0,1.39700865558787,0.198934334299583,1.39691449934738,0.314907594207292,0,0.196443501620545,0.314907594207292,0.685092405792708,0.314907594207292,0.314907594207292,"all","linear"
"118",1,0.475682846001088,0.611256830430648,"Exp1","mixed","IP",0,0.556065092368594,0.094405836791202,0.556222950953472,0.650973422759874,0,0.939823994460253,0.650973422759874,0.349026577240126,0.650973422759874,0.650973422759874,"all","linear"
"119",1,0.4,0.469869316008044,"Exp1","mixed","IP",0,0.513531729116098,0.0925300800754549,0.513434245589966,0.57020307129124,0,0.96055491919882,0.57020307129124,0.42979692870876,0.57020307129124,0.57020307129124,"all","linear"
"120",1,1.2,1.27002668416571,"Exp1","mixed","IP",0,1.39700865558787,0.198934334299583,1.39700942191847,0.314907594207292,0,0.194870812921791,0.314907594207292,0.685092405792708,0.314907594207292,0.314907594207292,"all","linear"
"121",1,0.565685424949238,0.722737863836301,"Exp1","mixed","IP",0,0.589960098361319,0.0960830915034921,0.590215942292619,0.724035215810326,0,0.928422256531532,0.724035215810326,0.275964784189674,0.724035215810326,0.724035215810326,"all","linear"
"122",1,0.672717132202972,0.605916576216259,"Exp1","mixed","IP",0,0.614906537145962,0.0975126257315622,0.615254571584028,0.786938831070641,0,0.916769551201539,0.786938831070641,0.213061168929359,0.786938831070641,0.786938831070641,"all","linear"
"123",1,2.4,1.79792780969001,"Exp1","mixed","IP",0,2.02983028776582,0.273621369100537,2.02809734981607,0.644837840317081,0,-0.125378755505083,0.644837840317081,0.355162159682919,0.644837840317081,0.644837840317081,"all","linear"
"124",1,2.01815139660892,1.53392437620278,"Exp1","mixed","IP",0,1.90991148865231,0.257047909167984,1.91101545424985,0.562911010388431,0,-0.0574883159136452,0.562911010388431,0.437088989611569,0.562911010388431,0.562911010388431,"all","linear"
"125",1,1.42704853800327,1.44589026525682,"Exp1","mixed","IP",0,1.58381245103047,0.218911541655465,1.58418623416145,0.393245375699174,0,0.102301273836949,0.393245375699174,0.606754624300826,0.393245375699174,0.393245375699174,"all","linear"
"126",1,1.69705627484772,1.10198797035628,"Exp1","mixed","IP",0,1.75851206664148,0.238573780909048,1.75717784622406,0.477433549623705,0,0.0213107702501693,0.477433549623705,0.522566450376295,0.477433549623705,0.477433549623705,"all","linear"
"127",1,2.4,2.16003411716883,"Exp1","mixed","IP",0,2.02983028776582,0.273621369100537,2.03197951684367,0.644837840317081,0,-0.117642926354979,0.644837840317081,0.355162159682919,0.644837840317081,0.644837840317081,"all","linear"
"128",1,2.4,2.3338895437264,"Exp1","mixed","IP",0,2.02983028776582,0.273621369100537,2.02847176407105,0.644837840317081,0,-0.121586358325737,0.644837840317081,0.355162159682919,0.644837840317081,0.644837840317081,"all","linear"
"129",1,0.8,0.798017378918303,"Exp1","mixed","IP",0,0.631642129082915,0.0986814384482126,0.632195035247587,0.838807582501984,0,0.902106557817189,0.838807582501984,0.161192417498016,0.838807582501984,0.838807582501984,"all","linear"
"130",1,0.475682846001088,0.550054923352945,"Exp1","mixed","IP",0,0.556065092368594,0.094405836791202,0.556419195154934,0.650973422759874,0,0.949026169319865,0.650973422759874,0.349026577240126,0.650973422759874,0.650973422759874,"all","linear"
"131",1,1.42704853800327,1.20587241361136,"Exp1","mixed","IP",0,1.58381245103047,0.218911541655465,1.58246720689851,0.393245375699174,0,0.105808994621573,0.393245375699174,0.606754624300826,0.393245375699174,0.393245375699174,"all","linear"
"132",1,0.672717132202972,0.517860072961412,"Exp1","mixed","IP",0,0.614906537145962,0.0975126257315622,0.615487951521145,0.786938831070641,0,0.907019266595872,0.786938831070641,0.213061168929359,0.786938831070641,0.786938831070641,"all","linear"
"133",1,1.2,1.21392369199384,"Exp1","mixed","IP",0,1.39700865558787,0.198934334299583,1.39785111881932,0.314907594207292,0,0.203367834223104,0.314907594207292,0.685092405792708,0.314907594207292,0.314907594207292,"all","linear"
"134",1,1.69705627484772,1.66992187572941,"Exp1","mixed","IP",0,1.75851206664148,0.238573780909048,1.75891683939712,0.477433549623705,0,0.0147244108589625,0.477433549623705,0.522566450376295,0.477433549623705,0.477433549623705,"all","linear"
"135",1,0.475682846001088,0.733929663274466,"Exp1","mixed","IP",0,0.556065092368594,0.094405836791202,0.555466145387297,0.650973422759874,0,0.93903709967763,0.650973422759874,0.349026577240126,0.650973422759874,0.650973422759874,"all","linear"
"136",1,0.565685424949238,0.533988443081398,"Exp1","mixed","IP",0,0.589960098361319,0.0960830915034921,0.590938246488681,0.724035215810326,0,0.930821348439846,0.724035215810326,0.275964784189674,0.724035215810326,0.724035215810326,"all","linear"
"137",1,2.01815139660892,1.677880474841,"Exp1","mixed","IP",0,1.90991148865231,0.257047909167984,1.91219180814684,0.562911010388431,0,-0.0551736967050276,0.562911010388431,0.437088989611569,0.562911010388431,0.562911010388431,"all","linear"
"138",1,2.4,2.03784738398645,"Exp1","mixed","IP",0,2.02983028776582,0.273621369100537,2.0325408669559,0.644837840317081,0,-0.116846734945647,0.644837840317081,0.355162159682919,0.644837840317081,0.644837840317081,"all","linear"
"139",2,1.2,1.12592978811517,"Exp1","mixed","IP",0,1.29628989318531,0.160807168847397,1.29677690068754,0.235915861239931,0,0.411356855180657,0.235915861239931,0.764084138760069,0.235915861239931,0.235915861239931,"all","linear"
"140",2,0.8,0.829917459981516,"Exp1","mixed","IP",0,0.603453123856083,0.0773992810278447,0.603735909350146,0.803799956960031,0,1.14469445235898,0.803799956960031,0.196200043039969,0.803799956960031,0.803799956960031,"all","linear"
"141",2,0.672717132202972,0.573955078823928,"Exp1","mixed","IP",0,0.585503817931721,0.0760993050555221,0.585397488516421,0.743982460034608,0,1.15609285151965,0.743982460034608,0.256017539965392,0.743982460034608,0.743982460034608,"all","linear"
"142",2,0.8,0.765930596724502,"Exp1","mixed","IP",0,0.603453123856083,0.0773992810278447,0.603560913031565,0.803799956960031,0,1.13860041686067,0.803799956960031,0.196200043039969,0.803799956960031,0.803799956960031,"all","linear"
"143",2,0.4,0.573944193743955,"Exp1","mixed","IP",0,0.479303279178698,0.0708301436126695,0.479008878786067,0.509837252681524,0,1.23329107361725,0.509837252681524,0.490162747318476,0.509837252681524,0.509837252681524,"all","linear"
"144",2,1.2,1.06190249455176,"Exp1","mixed","IP",0,1.29628989318531,0.160807168847397,1.29526043086529,0.235915861239931,0,0.410854042332475,0.235915861239931,0.764084138760069,0.235915861239931,0.235915861239931,"all","linear"
"145",2,1.42704853800327,1.30986745080736,"Exp1","mixed","IP",0,1.48190885541231,0.179762116315992,1.48078530946246,0.303398011853035,0,0.299785408444649,0.303398011853035,0.696601988146965,0.303398011853035,0.303398011853035,"all","linear"
"146",2,0.565685424949238,0.589956148673082,"Exp1","mixed","IP",0,0.55883181747639,0.0745435613161139,0.559012760877372,0.673463074111778,0,1.17548793972421,0.673463074111778,0.326536925888222,0.673463074111778,0.673463074111778,"all","linear"
"147",2,0.565685424949238,0.581940685635345,"Exp1","mixed","IP",0,0.55883181747639,0.0745435613161139,0.558492211884468,0.673463074111778,0,1.17342395192678,0.673463074111778,0.326536925888222,0.673463074111778,0.673463074111778,"all","linear"
"148",2,0.4,0.325899931893218,"Exp1","mixed","IP",0,0.479303279178698,0.0708301436126695,0.47972526527747,0.509837252681524,0,1.2258453526117,0.509837252681524,0.490162747318476,0.509837252681524,0.509837252681524,"all","linear"
"149",2,2.01815139660892,2.18192482451923,"Exp1","mixed","IP",0,1.8274441379176,0.218523469450945,1.82694263868114,0.464041626864055,0,0.106883579036452,0.464041626864055,0.535958373135945,0.464041626864055,0.464041626864055,"all","linear"
"150",2,1.2,1.17396938493039,"Exp1","mixed","IP",0,1.29628989318531,0.160807168847397,1.29830783294626,0.235915861239931,0,0.409398841209555,0.235915861239931,0.764084138760069,0.235915861239931,0.235915861239931,"all","linear"
"151",2,1.42704853800327,1.50186442786799,"Exp1","mixed","IP",0,1.48190885541231,0.179762116315992,1.48355112882832,0.303398011853035,0,0.297864217717786,0.303398011853035,0.696601988146965,0.303398011853035,0.303398011853035,"all","linear"
"152",2,0.672717132202972,0.613879380856815,"Exp1","mixed","IP",0,0.585503817931721,0.0760993050555221,0.585056551692877,0.743982460034608,0,1.15546947653819,0.743982460034608,0.256017539965392,0.743982460034608,0.743982460034608,"all","linear"
"153",2,0.4,0.453968203124532,"Exp1","mixed","IP",0,0.479303279178698,0.0708301436126695,0.478675598630727,0.509837252681524,0,1.23777072089307,0.509837252681524,0.490162747318476,0.509837252681524,0.509837252681524,"all","linear"
"154",2,2.4,2.37388541430118,"Exp1","mixed","IP",0,1.96402560707261,0.236676288837343,1.96390785824475,0.549646592248353,0,0.0264386716760478,0.549646592248353,0.450353407751647,0.549646592248353,0.549646592248353,"all","linear"
"155",2,1.42704853800327,1.37395010278851,"Exp1","mixed","IP",0,1.48190885541231,0.179762116315992,1.4820308478313,0.303398011853035,0,0.297244392282165,0.303398011853035,0.696601988146965,0.303398011853035,0.303398011853035,"all","linear"
"156",2,0.672717132202972,0.629924924040097,"Exp1","mixed","IP",0,0.585503817931721,0.0760993050555221,0.585571398653168,0.743982460034608,0,1.15796453511167,0.743982460034608,0.256017539965392,0.743982460034608,0.743982460034608,"all","linear"
"157",2,0.672717132202972,0.709920632205467,"Exp1","mixed","IP",0,0.585503817931721,0.0760993050555221,0.585216214351491,0.743982460034608,0,1.15626741798237,0.743982460034608,0.256017539965392,0.743982460034608,0.743982460034608,"all","linear"
"158",2,1.69705627484772,1.89391365331539,"Exp1","mixed","IP",0,1.66299688695828,0.199274979657138,1.66424089677075,0.380482850618835,0,0.198101661262668,0.380482850618835,0.619517149381165,0.380482850618835,0.380482850618835,"all","linear"
"159",2,1.69705627484772,1.7098724268435,"Exp1","mixed","IP",0,1.66299688695828,0.199274979657138,1.66238503368259,0.380482850618835,0,0.196982123317119,0.380482850618835,0.619517149381165,0.380482850618835,0.380482850618835,"all","linear"
"160",2,0.8,0.701972034672508,"Exp1","mixed","IP",0,0.603453123856083,0.0773992810278447,0.602906547347816,0.803799956960031,0,1.13721798590654,0.803799956960031,0.196200043039969,0.803799956960031,0.803799956960031,"all","linear"
"161",2,1.69705627484772,1.70984785766268,"Exp1","mixed","IP",0,1.66299688695828,0.199274979657138,1.6616294365111,0.380482850618835,0,0.197807462869243,0.380482850618835,0.619517149381165,0.380482850618835,0.380482850618835,"all","linear"
"162",2,0.475682846001088,0.493985805853299,"Exp1","mixed","IP",0,0.523128606612046,0.0727641450629731,0.522964780933322,0.594228999990939,0,1.20795863532639,0.594228999990939,0.405771000009061,0.594228999990939,0.594228999990939,"all","linear"
"163",2,2.01815139660892,1.5418966477082,"Exp1","mixed","IP",0,1.8274441379176,0.218523469450945,1.82650331005954,0.464041626864055,0,0.103868024979546,0.464041626864055,0.535958373135945,0.464041626864055,0.464041626864055,"all","linear"
"164",2,0.475682846001088,0.533906997865415,"Exp1","mixed","IP",0,0.523128606612046,0.0727641450629731,0.522912497021113,0.594228999990939,0,1.20261038050949,0.594228999990939,0.405771000009061,0.594228999990939,0.594228999990939,"all","linear"
"165",2,0.475682846001088,0.549908378714463,"Exp1","mixed","IP",0,0.523128606612046,0.0727641450629731,0.522892643958259,0.594228999990939,0,1.20412646401065,0.594228999990939,0.405771000009061,0.594228999990939,0.594228999990939,"all","linear"
"166",2,1.69705627484772,1.42184072948658,"Exp1","mixed","IP",0,1.66299688695828,0.199274979657138,1.66229253201404,0.380482850618835,0,0.193578330251319,0.380482850618835,0.619517149381165,0.380482850618835,0.380482850618835,"all","linear"
"167",2,0.4,0.421902618953027,"Exp1","mixed","IP",0,0.479303279178698,0.0708301436126695,0.479614610082151,0.509837252681524,0,1.23277433847367,0.509837252681524,0.490162747318476,0.509837252681524,0.509837252681524,"all","linear"
"168",2,2.01815139660892,1.92590241991275,"Exp1","mixed","IP",0,1.8274441379176,0.218523469450945,1.82655608052679,0.464041626864055,0,0.108777544302017,0.464041626864055,0.535958373135945,0.464041626864055,0.464041626864055,"all","linear"
"169",2,2.4,2.1978758229925,"Exp1","mixed","IP",0,1.96402560707261,0.236676288837343,1.96312534477158,0.549646592248353,0,0.0285108342490636,0.549646592248353,0.450353407751647,0.549646592248353,0.549646592248353,"all","linear"
"170",2,0.565685424949238,0.525972395436838,"Exp1","mixed","IP",0,0.55883181747639,0.0745435613161139,0.559281402506733,0.673463074111778,0,1.17640781641038,0.673463074111778,0.326536925888222,0.673463074111778,0.673463074111778,"all","linear"
"171",2,2.4,1.76596480697481,"Exp1","mixed","IP",0,1.96402560707261,0.236676288837343,1.96314421262331,0.549646592248353,0,0.0202031859401438,0.549646592248353,0.450353407751647,0.549646592248353,0.549646592248353,"all","linear"
"172",2,0.475682846001088,0.605894396052463,"Exp1","mixed","IP",0,0.523128606612046,0.0727641450629731,0.523379472481068,0.594228999990939,0,1.2040036026505,0.594228999990939,0.405771000009061,0.594228999990939,0.594228999990939,"all","linear"
"173",2,0.8,0.549882565519511,"Exp1","mixed","IP",0,0.603453123856083,0.0773992810278447,0.603317793742749,0.803799956960031,0,1.13958743422753,0.803799956960031,0.196200043039969,0.803799956960031,0.803799956960031,"all","linear"
"174",2,1.2,1.20589408504748,"Exp1","mixed","IP",0,1.29628989318531,0.160807168847397,1.2954477320279,0.235915861239931,0,0.411746289580509,0.235915861239931,0.764084138760069,0.235915861239931,0.235915861239931,"all","linear"
"175",2,1.2,1.18995583767173,"Exp1","mixed","IP",0,1.29628989318531,0.160807168847397,1.29569087140646,0.235915861239931,0,0.407425834356799,0.235915861239931,0.764084138760069,0.235915861239931,0.235915861239931,"all","linear"
"176",2,0.475682846001088,0.565898874483537,"Exp1","mixed","IP",0,0.523128606612046,0.0727641450629731,0.523457935994075,0.594228999990939,0,1.2037395808073,0.594228999990939,0.405771000009061,0.594228999990939,0.594228999990939,"all","linear"
"177",2,1.42704853800327,1.57391527052459,"Exp1","mixed","IP",0,1.48190885541231,0.179762116315992,1.48265809843647,0.303398011853035,0,0.296655093244099,0.303398011853035,0.696601988146965,0.303398011853035,0.303398011853035,"all","linear"
"178",2,2.4,1.99790163618309,"Exp1","mixed","IP",0,1.96402560707261,0.236676288837343,1.96290826242605,0.549646592248353,0,0.0253576762259456,0.549646592248353,0.450353407751647,0.549646592248353,0.549646592248353,"all","linear"
"179",2,0.8,0.853887342520466,"Exp1","mixed","IP",0,0.603453123856083,0.0773992810278447,0.603087217672127,0.803799956960031,0,1.14072687901139,0.803799956960031,0.196200043039969,0.803799956960031,0.803799956960031,"all","linear"
"180",2,2.4,2.18991727338289,"Exp1","mixed","IP",0,1.96402560707261,0.236676288837343,1.96530445409565,0.549646592248353,0,0.0250241647269315,0.549646592248353,0.450353407751647,0.549646592248353,0.549646592248353,"all","linear"
"181",2,2.4,2.17390034241544,"Exp1","mixed","IP",0,1.96402560707261,0.236676288837343,1.96437243559856,0.549646592248353,0,0.0222324500192347,0.549646592248353,0.450353407751647,0.549646592248353,0.549646592248353,"all","linear"
"182",2,2.01815139660892,2.06995092383659,"Exp1","mixed","IP",0,1.8274441379176,0.218523469450945,1.82666203036155,0.464041626864055,0,0.10759459406417,0.464041626864055,0.535958373135945,0.464041626864055,0.464041626864055,"all","linear"
"183",2,0.475682846001088,0.541917795868358,"Exp1","mixed","IP",0,0.523128606612046,0.0727641450629731,0.523669391082338,0.594228999990939,0,1.20472965195281,0.594228999990939,0.405771000009061,0.594228999990939,0.594228999990939,"all","linear"
"184",2,1.2,1.22192003508462,"Exp1","mixed","IP",0,1.29628989318531,0.160807168847397,1.29654354367261,0.235915861239931,0,0.407872867577178,0.235915861239931,0.764084138760069,0.235915861239931,0.235915861239931,"all","linear"
"185",2,0.672717132202972,0.645940299997164,"Exp1","mixed","IP",0,0.585503817931721,0.0760993050555221,0.585464624109586,0.743982460034608,0,1.15938404687669,0.743982460034608,0.256017539965392,0.743982460034608,0.743982460034608,"all","linear"
"186",2,1.42704853800327,1.50994053635441,"Exp1","mixed","IP",0,1.48190885541231,0.179762116315992,1.48175966331344,0.303398011853035,0,0.303985226507087,0.303398011853035,0.696601988146965,0.303398011853035,0.303398011853035,"all","linear"
"187",2,1.69705627484772,1.42189950892862,"Exp1","mixed","IP",0,1.66299688695828,0.199274979657138,1.66389962927696,0.380482850618835,0,0.195059662223116,0.380482850618835,0.619517149381165,0.380482850618835,0.380482850618835,"all","linear"
"188",2,0.475682846001088,0.541941743045754,"Exp1","mixed","IP",0,0.523128606612046,0.0727641450629731,0.523270916399065,0.594228999990939,0,1.2042874987213,0.594228999990939,0.405771000009061,0.594228999990939,0.594228999990939,"all","linear"
"189",2,2.01815139660892,2.06987535026929,"Exp1","mixed","IP",0,1.8274441379176,0.218523469450945,1.82818481547277,0.464041626864055,0,0.110937430676988,0.464041626864055,0.535958373135945,0.464041626864055,0.464041626864055,"all","linear"
"190",2,1.69705627484772,1.797876755998,"Exp1","mixed","IP",0,1.66299688695828,0.199274979657138,1.66266059217734,0.380482850618835,0,0.19177897343934,0.380482850618835,0.619517149381165,0.380482850618835,0.380482850618835,"all","linear"
"191",2,0.4,0.333915394930955,"Exp1","mixed","IP",0,0.479303279178698,0.0708301436126695,0.479476586015668,0.509837252681524,0,1.2242588023715,0.509837252681524,0.490162747318476,0.509837252681524,0.509837252681524,"all","linear"
"192",2,1.2,1.04598010829432,"Exp1","mixed","IP",0,1.29628989318531,0.160807168847397,1.29642789554775,0.235915861239931,0,0.406940673292741,0.235915861239931,0.764084138760069,0.235915861239931,0.235915861239931,"all","linear"
"193",2,0.565685424949238,0.493861093920714,"Exp1","mixed","IP",0,0.55883181747639,0.0745435613161139,0.559559993666846,0.673463074111778,0,1.18239356364421,0.673463074111778,0.326536925888222,0.673463074111778,0.673463074111778,"all","linear"
"194",2,0.4,0.437916128896177,"Exp1","mixed","IP",0,0.479303279178698,0.0708301436126695,0.479706948683905,0.509837252681524,0,1.22967461280462,0.509837252681524,0.490162747318476,0.509837252681524,0.509837252681524,"all","linear"
"195",2,0.672717132202972,0.557892430515494,"Exp1","mixed","IP",0,0.585503817931721,0.0760993050555221,0.585518134548306,0.743982460034608,0,1.16001301108799,0.743982460034608,0.256017539965392,0.743982460034608,0.743982460034608,"all","linear"
"196",2,0.672717132202972,0.61392229917692,"Exp1","mixed","IP",0,0.585503817931721,0.0760993050555221,0.585642914312337,0.743982460034608,0,1.16054946210125,0.743982460034608,0.256017539965392,0.743982460034608,0.743982460034608,"all","linear"
"197",2,1.69705627484772,1.87788055022975,"Exp1","mixed","IP",0,1.66299688695828,0.199274979657138,1.66331293069487,0.380482850618835,0,0.199826054157379,0.380482850618835,0.619517149381165,0.380482850618835,0.380482850618835,"all","linear"
"198",2,0.4,0.34994196696789,"Exp1","mixed","IP",0,0.479303279178698,0.0708301436126695,0.47936165032572,0.509837252681524,0,1.2344848946357,0.509837252681524,0.490162747318476,0.509837252681524,0.509837252681524,"all","linear"
"199",2,1.42704853800327,1.25387117039645,"Exp1","mixed","IP",0,1.48190885541231,0.179762116315992,1.48194029210722,0.303398011853035,0,0.299254984127819,0.303398011853035,0.696601988146965,0.303398011853035,0.303398011853035,"all","linear"
"200",2,2.01815139660892,2.12593756317438,"Exp1","mixed","IP",0,1.8274441379176,0.218523469450945,1.82564767942711,0.464041626864055,0,0.101492488021113,0.464041626864055,0.535958373135945,0.464041626864055,0.464041626864055,"all","linear"
"201",2,0.565685424949238,0.661930484762706,"Exp1","mixed","IP",0,0.55883181747639,0.0745435613161139,0.558714764577242,0.673463074111778,0,1.18198519257322,0.673463074111778,0.326536925888222,0.673463074111778,0.673463074111778,"all","linear"
"202",2,0.565685424949238,0.637880985628726,"Exp1","mixed","IP",0,0.55883181747639,0.0745435613161139,0.559531872203706,0.673463074111778,0,1.1810566017663,0.673463074111778,0.326536925888222,0.673463074111778,0.673463074111778,"all","linear"
"203",2,0.565685424949238,0.446002500462782,"Exp1","mixed","IP",0,0.55883181747639,0.0745435613161139,0.558979113828321,0.673463074111778,0,1.1757605522266,0.673463074111778,0.326536925888222,0.673463074111778,0.673463074111778,"all","linear"
"204",2,2.4,2.12590708494827,"Exp1","mixed","IP",0,1.96402560707261,0.236676288837343,1.96528544794407,0.549646592248353,0,0.0281841863560815,0.549646592248353,0.450353407751647,0.549646592248353,0.549646592248353,"all","linear"
"205",2,1.69705627484772,1.86986011115368,"Exp1","mixed","IP",0,1.66299688695828,0.199274979657138,1.66505914555992,0.380482850618835,0,0.20270921691831,0.380482850618835,0.619517149381165,0.380482850618835,0.380482850618835,"all","linear"
"206",2,0.8,0.709898240038456,"Exp1","mixed","IP",0,0.603453123856083,0.0773992810278447,0.60389473892974,0.803799956960031,0,1.13773554093398,0.803799956960031,0.196200043039969,0.803799956960031,0.803799956960031,"all","linear"
"207",2,0.475682846001088,0.549892517596163,"Exp1","mixed","IP",0,0.523128606612046,0.0727641450629731,0.523210240854618,0.594228999990939,0,1.20375537018693,0.594228999990939,0.405771000009061,0.594228999990939,0.594228999990939,"all","linear"
"208",2,0.8,0.925916415013489,"Exp1","mixed","IP",0,0.603453123856083,0.0773992810278447,0.603174508744612,0.803799956960031,0,1.14245144672713,0.803799956960031,0.196200043039969,0.803799956960031,0.803799956960031,"all","linear"
"209",2,2.4,2.07797664994723,"Exp1","mixed","IP",0,1.96402560707261,0.236676288837343,1.96201838587479,0.549646592248353,0,0.0213531188297929,0.549646592248353,0.450353407751647,0.549646592248353,0.549646592248353,"all","linear"
"210",2,1.2,1.18989861324008,"Exp1","mixed","IP",0,1.29628989318531,0.160807168847397,1.29554893898267,0.235915861239931,0,0.401794425300775,0.235915861239931,0.764084138760069,0.235915861239931,0.235915861239931,"all","linear"
"211",2,0.475682846001088,0.525906462942658,"Exp1","mixed","IP",0,0.523128606612046,0.0727641450629731,0.5232692428127,0.594228999990939,0,1.20310975633675,0.594228999990939,0.405771000009061,0.594228999990939,0.594228999990939,"all","linear"
"212",2,1.2,1.26987130723865,"Exp1","mixed","IP",0,1.29628989318531,0.160807168847397,1.29710206536331,0.235915861239931,0,0.409750019831196,0.235915861239931,0.764084138760069,0.235915861239931,0.235915861239931,"all","linear"
"213",2,2.01815139660892,2.16584227205749,"Exp1","mixed","IP",0,1.8274441379176,0.218523469450945,1.82558250852514,0.464041626864055,0,0.102624850688712,0.464041626864055,0.535958373135945,0.464041626864055,0.464041626864055,"all","linear"
"214",2,1.69705627484772,1.7978574738554,"Exp1","mixed","IP",0,1.66299688695828,0.199274979657138,1.66232988808777,0.380482850618835,0,0.193291615931719,0.380482850618835,0.619517149381165,0.380482850618835,0.380482850618835,"all","linear"
"215",2,1.42704853800327,1.59791189926182,"Exp1","mixed","IP",0,1.48190885541231,0.179762116315992,1.48033426596358,0.303398011853035,0,0.293484791076926,0.303398011853035,0.696601988146965,0.303398011853035,0.303398011853035,"all","linear"
"216",2,2.01815139660892,1.69388504110248,"Exp1","mixed","IP",0,1.8274441379176,0.218523469450945,1.82779698442418,0.464041626864055,0,0.108678151945861,0.464041626864055,0.535958373135945,0.464041626864055,0.464041626864055,"all","linear"
"217",2,0.4,0.32589899888626,"Exp1","mixed","IP",0,0.479303279178698,0.0708301436126695,0.479111156727012,0.509837252681524,0,1.23173212539755,0.509837252681524,0.490162747318476,0.509837252681524,0.509837252681524,"all","linear"
"218",2,1.42704853800327,1.30989264199525,"Exp1","mixed","IP",0,1.48190885541231,0.179762116315992,1.48142356264969,0.303398011853035,0,0.299363400058816,0.303398011853035,0.696601988146965,0.303398011853035,0.303398011853035,"all","linear"
"219",2,0.8,0.829906885905075,"Exp1","mixed","IP",0,0.603453123856083,0.0773992810278447,0.603587679274063,0.803799956960031,0,1.14113519734448,0.803799956960031,0.196200043039969,0.803799956960031,0.803799956960031,"all","linear"
"220",2,2.4,2.15786133028087,"Exp1","mixed","IP",0,1.96402560707261,0.236676288837343,1.96500920155083,0.549646592248353,0,0.0232311452673636,0.549646592248353,0.450353407751647,0.549646592248353,0.549646592248353,"all","linear"
"221",2,0.475682846001088,0.509920632204739,"Exp1","mixed","IP",0,0.523128606612046,0.0727641450629731,0.523195085003199,0.594228999990939,0,1.20484333254154,0.594228999990939,0.405771000009061,0.594228999990939,0.594228999990939,"all","linear"
"222",2,1.42704853800327,1.4459717112295,"Exp1","mixed","IP",0,1.48190885541231,0.179762116315992,1.48093980756491,0.303398011853035,0,0.2996157963816,0.303398011853035,0.696601988146965,0.303398011853035,0.303398011853035,"all","linear"
"223",2,0.4,0.453888275525969,"Exp1","mixed","IP",0,0.479303279178698,0.0708301436126695,0.479213947451711,0.509837252681524,0,1.2335822496796,0.509837252681524,0.490162747318476,0.509837252681524,0.509837252681524,"all","linear"
"224",2,1.2,1.08590876435846,"Exp1","mixed","IP",0,1.29628989318531,0.160807168847397,1.29552559428869,0.235915861239931,0,0.408469321762702,0.235915861239931,0.764084138760069,0.235915861239931,0.235915861239931,"all","linear"
"225",2,2.4,1.66990147446268,"Exp1","mixed","IP",0,1.96402560707261,0.236676288837343,1.96567947562579,0.549646592248353,0,0.0216725777082209,0.549646592248353,0.450353407751647,0.549646592248353,0.549646592248353,"all","linear"
"226",2,0.565685424949238,0.597864937910344,"Exp1","mixed","IP",0,0.55883181747639,0.0745435613161139,0.558661831209419,0.673463074111778,0,1.1777361189162,0.673463074111778,0.326536925888222,0.673463074111778,0.673463074111778,"all","linear"
"227",2,1.69705627484772,1.885900678295,"Exp1","mixed","IP",0,1.66299688695828,0.199274979657138,1.66366810012001,0.380482850618835,0,0.195731693509669,0.380482850618835,0.619517149381165,0.380482850618835,0.380482850618835,"all","linear"
"228",2,1.2,1.22989444581253,"Exp1","mixed","IP",0,1.29628989318531,0.160807168847397,1.29654384782503,0.235915861239931,0,0.411844989302,0.235915861239931,0.764084138760069,0.235915861239931,0.235915861239931,"all","linear"
"229",2,0.565685424949238,0.685953859694564,"Exp1","mixed","IP",0,0.55883181747639,0.0745435613161139,0.559223412330478,0.673463074111778,0,1.18427437660858,0.673463074111778,0.326536925888222,0.673463074111778,0.673463074111778,"all","linear"
"230",2,1.42704853800327,1.48589819027984,"Exp1","mixed","IP",0,1.48190885541231,0.179762116315992,1.48246889377013,0.303398011853035,0,0.304646306666749,0.303398011853035,0.696601988146965,0.303398011853035,0.303398011853035,"all","linear"
"231",2,0.672717132202972,0.66987317325038,"Exp1","mixed","IP",0,0.585503817931721,0.0760993050555221,0.585714090547242,0.743982460034608,0,1.16099286722523,0.743982460034608,0.256017539965392,0.743982460034608,0.743982460034608,"all","linear"
"232",2,0.672717132202972,0.73389922280694,"Exp1","mixed","IP",0,0.585503817931721,0.0760993050555221,0.58541960466968,0.743982460034608,0,1.15923134536625,0.743982460034608,0.256017539965392,0.743982460034608,0.743982460034608,"all","linear"
"233",2,0.672717132202972,0.733886471713049,"Exp1","mixed","IP",0,0.585503817931721,0.0760993050555221,0.58560378916358,0.743982460034608,0,1.15414585516862,0.743982460034608,0.256017539965392,0.743982460034608,0.743982460034608,"all","linear"
"234",2,2.4,1.98984480983927,"Exp1","mixed","IP",0,1.96402560707261,0.236676288837343,1.96286095733809,0.549646592248353,0,0.020769768760811,0.549646592248353,0.450353407751647,0.549646592248353,0.549646592248353,"all","linear"
"235",2,2.01815139660892,1.96587212828308,"Exp1","mixed","IP",0,1.8274441379176,0.218523469450945,1.82732588264463,0.464041626864055,0,0.105059464962316,0.464041626864055,0.535958373135945,0.464041626864055,0.464041626864055,"all","linear"
"236",2,0.475682846001088,0.557924152752094,"Exp1","mixed","IP",0,0.523128606612046,0.0727641450629731,0.52286280259475,0.594228999990939,0,1.20734794465949,0.594228999990939,0.405771000009061,0.594228999990939,0.594228999990939,"all","linear"
"237",2,0.672717132202972,0.621925011120766,"Exp1","mixed","IP",0,0.585503817931721,0.0760993050555221,0.585712638296379,0.743982460034608,0,1.15966254277324,0.743982460034608,0.256017539965392,0.743982460034608,0.743982460034608,"all","linear"
"238",2,0.4,0.525935386154742,"Exp1","mixed","IP",0,0.479303279178698,0.0708301436126695,0.479577690245762,0.509837252681524,0,1.23110226166882,0.509837252681524,0.490162747318476,0.509837252681524,0.509837252681524,"all","linear"
"239",2,0.8,0.829969708374847,"Exp1","mixed","IP",0,0.603453123856083,0.0773992810278447,0.603605412984964,0.803799956960031,0,1.14310566721724,0.803799956960031,0.196200043039969,0.803799956960031,0.803799956960031,"all","linear"
"240",2,0.565685424949238,0.661925819727912,"Exp1","mixed","IP",0,0.55883181747639,0.0745435613161139,0.558880106207209,0.673463074111778,0,1.17296557845167,0.673463074111778,0.326536925888222,0.673463074111778,0.673463074111778,"all","linear"
"241",2,0.8,0.594591327389935,"Exp1","mixed","IP",0,0.603453123856083,0.0773992810278447,0.603636573497531,0.803799956960031,0,1.14114910550193,0.803799956960031,0.196200043039969,0.803799956960031,0.803799956960031,"all","linear"
"242",2,2.4,1.95786070828035,"Exp1","mixed","IP",0,1.96402560707261,0.236676288837343,1.96361244690364,0.549646592248353,0,0.0270644014505415,0.549646592248353,0.450353407751647,0.549646592248353,0.549646592248353,"all","linear"
"243",2,0.672717132202972,0.669889034372318,"Exp1","mixed","IP",0,0.585503817931721,0.0760993050555221,0.585302589801723,0.743982460034608,0,1.15825042743796,0.743982460034608,0.256017539965392,0.743982460034608,0.743982460034608,"all","linear"
"244",2,1.69705627484772,1.88585185092961,"Exp1","mixed","IP",0,1.66299688695828,0.199274979657138,1.66295779240432,0.380482850618835,0,0.204816557439019,0.380482850618835,0.619517149381165,0.380482850618835,0.380482850618835,"all","linear"
"245",2,1.2,1.19786960294732,"Exp1","mixed","IP",0,1.29628989318531,0.160807168847397,1.29747133013511,0.235915861239931,0,0.408540210948835,0.235915861239931,0.764084138760069,0.235915861239931,0.235915861239931,"all","linear"
"246",2,0.4,0.429926168046222,"Exp1","mixed","IP",0,0.479303279178698,0.0708301436126695,0.479156434419898,0.509837252681524,0,1.23253454706611,0.509837252681524,0.490162747318476,0.509837252681524,0.509837252681524,"all","linear"
"247",2,1.69705627484772,1.66188134639015,"Exp1","mixed","IP",0,1.66299688695828,0.199274979657138,1.66336461187065,0.380482850618835,0,0.190857508046272,0.380482850618835,0.619517149381165,0.380482850618835,0.380482850618835,"all","linear"
"248",2,0.8,0.973928021623578,"Exp1","mixed","IP",0,0.603453123856083,0.0773992810278447,0.603850188887622,0.803799956960031,0,1.1389147236674,0.803799956960031,0.196200043039969,0.803799956960031,0.803799956960031,"all","linear"
"249",2,1.42704853800327,1.57387670623939,"Exp1","mixed","IP",0,1.48190885541231,0.179762116315992,1.48217670429191,0.303398011853035,0,0.299615051329436,0.303398011853035,0.696601988146965,0.303398011853035,0.303398011853035,"all","linear"
"250",2,1.42704853800327,1.62994451718623,"Exp1","mixed","IP",0,1.48190885541231,0.179762116315992,1.48018718590414,0.303398011853035,0,0.303838499529743,0.303398011853035,0.696601988146965,0.303398011853035,0.303398011853035,"all","linear"
"251",2,0.475682846001088,0.501872513927083,"Exp1","mixed","IP",0,0.523128606612046,0.0727641450629731,0.523270927186243,0.594228999990939,0,1.20827374410284,0.594228999990939,0.405771000009061,0.594228999990939,0.594228999990939,"all","linear"
"252",2,2.01815139660892,1.75793037280164,"Exp1","mixed","IP",0,1.8274441379176,0.218523469450945,1.82621951027872,0.464041626864055,0,0.100944704254378,0.464041626864055,0.535958373135945,0.464041626864055,0.464041626864055,"all","linear"
"253",2,2.01815139660892,1.82985836954322,"Exp1","mixed","IP",0,1.8274441379176,0.218523469450945,1.82714637314808,0.464041626864055,0,0.104005054283869,0.464041626864055,0.535958373135945,0.464041626864055,0.464041626864055,"all","linear"
"254",2,2.4,1.68588575018657,"Exp1","mixed","IP",0,1.96402560707261,0.236676288837343,1.96365153981866,0.549646592248353,0,0.0175706091565716,0.549646592248353,0.450353407751647,0.549646592248353,0.549646592248353,"all","linear"
"255",2,0.565685424949238,0.597892306115682,"Exp1","mixed","IP",0,0.55883181747639,0.0745435613161139,0.558338084349202,0.673463074111778,0,1.18115170424947,0.673463074111778,0.326536925888222,0.673463074111778,0.673463074111778,"all","linear"
"256",2,1.2,1.37387421821768,"Exp1","mixed","IP",0,1.29628989318531,0.160807168847397,1.29703303891126,0.235915861239931,0,0.416415105637479,0.235915861239931,0.764084138760069,0.235915861239931,0.235915861239931,"all","linear"
"257",2,1.2,1.14990837871665,"Exp1","mixed","IP",0,1.29628989318531,0.160807168847397,1.29506893878317,0.235915861239931,0,0.408261161246783,0.235915861239931,0.764084138760069,0.235915861239931,0.235915861239931,"all","linear"
"258",2,2.01815139660892,1.58189714531181,"Exp1","mixed","IP",0,1.8274441379176,0.218523469450945,1.82800177806445,0.464041626864055,0,0.103081189856236,0.464041626864055,0.535958373135945,0.464041626864055,0.464041626864055,"all","linear"
"259",2,1.42704853800327,1.48589010421711,"Exp1","mixed","IP",0,1.48190885541231,0.179762116315992,1.48150261424116,0.303398011853035,0,0.30429478724096,0.303398011853035,0.696601988146965,0.303398011853035,0.303398011853035,"all","linear"
"260",2,0.8,0.941994924443861,"Exp1","mixed","IP",0,0.603453123856083,0.0773992810278447,0.603287143754091,0.803799956960031,0,1.14033415915936,0.803799956960031,0.196200043039969,0.803799956960031,0.803799956960031,"all","linear"
"261",2,1.69705627484772,1.52587318569203,"Exp1","mixed","IP",0,1.66299688695828,0.199274979657138,1.66151675356194,0.380482850618835,0,0.199052369395478,0.380482850618835,0.619517149381165,0.380482850618835,0.380482850618835,"all","linear"
"262",2,0.565685424949238,0.589935933519882,"Exp1","mixed","IP",0,0.55883181747639,0.0745435613161139,0.559007166845756,0.673463074111778,0,1.18277988971472,0.673463074111778,0.326536925888222,0.673463074111778,0.673463074111778,"all","linear"
"263",2,0.4,0.526028686854261,"Exp1","mixed","IP",0,0.479303279178698,0.0708301436126695,0.479515608271049,0.509837252681524,0,1.23408618091127,0.509837252681524,0.490162747318476,0.509837252681524,0.509837252681524,"all","linear"
"264",2,0.475682846001088,0.541945786077122,"Exp1","mixed","IP",0,0.523128606612046,0.0727641450629731,0.523508431954945,0.594228999990939,0,1.20268151248808,0.594228999990939,0.405771000009061,0.594228999990939,0.594228999990939,"all","linear"
"265",2,1.42704853800327,1.28587486510514,"Exp1","mixed","IP",0,1.48190885541231,0.179762116315992,1.48206699791958,0.303398011853035,0,0.301253214058464,0.303398011853035,0.696601988146965,0.303398011853035,0.303398011853035,"all","linear"
"266",2,0.4,0.613893064961303,"Exp1","mixed","IP",0,0.479303279178698,0.0708301436126695,0.479266886706037,0.509837252681524,0,1.23057865887201,0.509837252681524,0.490162747318476,0.509837252681524,0.509837252681524,"all","linear"
"267",2,1.69705627484772,1.42988449373661,"Exp1","mixed","IP",0,1.66299688695828,0.199274979657138,1.66287128480166,0.380482850618835,0,0.189712335125516,0.380482850618835,0.619517149381165,0.380482850618835,0.380482850618835,"all","linear"
"268",2,0.475682846001088,0.541921838896087,"Exp1","mixed","IP",0,0.523128606612046,0.0727641450629731,0.523049008266675,0.594228999990939,0,1.20589217700845,0.594228999990939,0.405771000009061,0.594228999990939,0.594228999990939,"all","linear"
"269",2,0.565685424949238,0.645944343024894,"Exp1","mixed","IP",0,0.55883181747639,0.0745435613161139,0.558677291631803,0.673463074111778,0,1.18090698795209,0.673463074111778,0.326536925888222,0.673463074111778,0.673463074111778,"all","linear"
"270",2,0.565685424949238,0.565954232901277,"Exp1","mixed","IP",0,0.55883181747639,0.0745435613161139,0.55878881607452,0.673463074111778,0,1.18034929994192,0.673463074111778,0.326536925888222,0.673463074111778,0.673463074111778,"all","linear"
"271",2,2.01815139660892,1.73374403264461,"Exp1","mixed","IP",0,1.8274441379176,0.218523469450945,1.82637588835746,0.464041626864055,0,0.102705924389768,0.464041626864055,0.535958373135945,0.464041626864055,0.464041626864055,"all","linear"
"272",2,0.672717132202972,0.781944106660376,"Exp1","mixed","IP",0,0.585503817931721,0.0760993050555221,0.585792020284646,0.743982460034608,0,1.16024763778831,0.743982460034608,0.256017539965392,0.743982460034608,0.743982460034608,"all","linear"
"273",2,0.8,0.821886446829012,"Exp1","mixed","IP",0,0.603453123856083,0.0773992810278447,0.604092738849485,0.803799956960031,0,1.13616991749402,0.803799956960031,0.196200043039969,0.803799956960031,0.803799956960031,"all","linear"
"274",2,0.8,0.765925309682643,"Exp1","mixed","IP",0,0.603453123856083,0.0773992810278447,0.602751624483864,0.803799956960031,0,1.14069926748981,0.803799956960031,0.196200043039969,0.803799956960031,0.803799956960031,"all","linear"
"275",2,0.672717132202972,0.87794865973774,"Exp1","mixed","IP",0,0.585503817931721,0.0760993050555221,0.585490919786887,0.743982460034608,0,1.1591876333684,0.743982460034608,0.256017539965392,0.743982460034608,0.743982460034608,"all","linear"
"276",2,2.4,1.63787787560796,"Exp1","mixed","IP",0,1.96402560707261,0.236676288837343,1.96385462575929,0.549646592248353,0,0.0266479679299589,0.549646592248353,0.450353407751647,0.549646592248353,0.549646592248353,"all","linear"
"277",3,1.69705627484772,1.11792787525701,"Exp1","mixed","IP",0,1.5265144059019,0.250008188582032,1.52661520376694,0.63669037050449,0,-0.0307177708211756,0.63669037050449,0.36330962949551,0.63669037050449,0.63669037050449,"all","linear"
"278",3,1.42704853800327,1.24594531864932,"Exp1","mixed","IP",0,1.42852602310738,0.234114998896885,1.42827140736556,0.55478007014801,0,0.0346606510445665,0.55478007014801,0.44521992985199,0.55478007014801,0.55478007014801,"all","linear"
"279",3,0.672717132202972,0.693954277950979,"Exp1","mixed","IP",0,0.624228209694786,0.104947509087195,0.624560013601474,0.710363839550833,0,0.835714258382581,0.710363839550833,0.289636160449167,0.710363839550833,0.710363839550833,"all","linear"
"280",3,0.565685424949238,0.677979737698479,"Exp1","mixed","IP",0,0.590287650359476,0.100981767565794,0.590776132540295,0.635261472109724,0,0.872559968323184,0.635261472109724,0.364738527890276,0.635261472109724,0.635261472109724,"all","linear"
"281",3,0.8,0.709949655240052,"Exp1","mixed","IP",0,0.648374347106988,0.108279774740729,0.648512912619356,0.775564937157326,0,0.807399416272682,0.775564937157326,0.224435062842674,0.775564937157326,0.775564937157326,"all","linear"
"282",3,0.565685424949238,0.469970168833242,"Exp1","mixed","IP",0,0.590287650359476,0.100981767565794,0.589593413304028,0.635261472109724,0,0.868965713639386,0.635261472109724,0.364738527890276,0.635261472109724,0.635261472109724,"all","linear"
"283",3,2.01815139660892,1.59791577111537,"Exp1","mixed","IP",0,1.59879536635708,0.263715839680458,1.5984360972359,0.711465183107947,0,-0.0899141555960068,0.711465183107947,0.288534816892053,0.711465183107947,0.711465183107947,"all","linear"
"284",3,1.69705627484772,1.22990609029148,"Exp1","mixed","IP",0,1.5265144059019,0.250008188582032,1.52702519001262,0.63669037050449,0,-0.0330732572408034,0.63669037050449,0.36330962949551,0.63669037050449,0.63669037050449,"all","linear"
"285",3,1.42704853800327,1.06994112139,"Exp1","mixed","IP",0,1.42852602310738,0.234114998896885,1.42810367129122,0.55478007014801,0,0.0409136408894399,0.55478007014801,0.44521992985199,0.55478007014801,0.55478007014801,"all","linear"
"286",3,2.4,1.69383547576581,"Exp1","mixed","IP",0,1.64560765635449,0.275081218301488,1.64564615964398,0.776369948399455,0,-0.124450157051579,0.776369948399455,0.223630051600545,0.776369948399455,0.776369948399455,"all","linear"
"287",3,1.2,1.55786512779741,"Exp1","mixed","IP",0,1.30817204002599,0.216462741681874,1.30801807509927,0.46982915970656,0,0.111583260418419,0.46982915970656,0.53017084029344,0.46982915970656,0.46982915970656,"all","linear"
"288",3,1.69705627484772,1.26961183406456,"Exp1","mixed","IP",0,1.5265144059019,0.250008188582032,1.52655845921269,0.63669037050449,0,-0.0288114238813295,0.63669037050449,0.36330962949551,0.63669037050449,0.63669037050449,"all","linear"
"289",3,0.565685424949238,0.517965319711948,"Exp1","mixed","IP",0,0.590287650359476,0.100981767565794,0.590709484824688,0.635261472109724,0,0.873991072250912,0.635261472109724,0.364738527890276,0.635261472109724,0.635261472109724,"all","linear"
"290",3,0.475682846001088,0.517981180739298,"Exp1","mixed","IP",0,0.546848780262786,0.0964650359901703,0.547096806380533,0.553041444902489,0,0.92759100768078,0.553041444902489,0.446958555097511,0.553041444902489,0.553041444902489,"all","linear"
"291",3,1.2,1.22188538761111,"Exp1","mixed","IP",0,1.30817204002599,0.216462741681874,1.30870597890223,0.46982915970656,0,0.116909253981585,0.46982915970656,0.53017084029344,0.46982915970656,0.46982915970656,"all","linear"
"292",3,1.42704853800327,0.86189640946759,"Exp1","mixed","IP",0,1.42852602310738,0.234114998896885,1.42787281697489,0.55478007014801,0,0.0341565954007815,0.55478007014801,0.44521992985199,0.55478007014801,0.55478007014801,"all","linear"
"293",3,1.2,1.18187517435581,"Exp1","mixed","IP",0,1.30817204002599,0.216462741681874,1.30951553597721,0.46982915970656,0,0.116764827523959,0.46982915970656,0.53017084029344,0.46982915970656,0.46982915970656,"all","linear"
"294",3,0.475682846001088,0.525887746240187,"Exp1","mixed","IP",0,0.546848780262786,0.0964650359901703,0.5470167389446,0.553041444902489,0,0.919035087024491,0.553041444902489,0.446958555097511,0.553041444902489,0.553041444902489,"all","linear"
"295",3,2.4,1.28584916973705,"Exp1","mixed","IP",0,1.64560765635449,0.275081218301488,1.6461300826297,0.776369948399455,0,-0.123301240817387,0.776369948399455,0.223630051600545,0.776369948399455,0.776369948399455,"all","linear"
"296",3,1.42704853800327,1.70986755111153,"Exp1","mixed","IP",0,1.42852602310738,0.234114998896885,1.42817197261277,0.55478007014801,0,0.0328739341396072,0.55478007014801,0.44521992985199,0.55478007014801,0.55478007014801,"all","linear"
"297",3,0.475682846001088,0.565911643519939,"Exp1","mixed","IP",0,0.546848780262786,0.0964650359901703,0.546916246535257,0.553041444902489,0,0.921849043641975,0.553041444902489,0.446958555097511,0.553041444902489,0.553041444902489,"all","linear"
"298",3,1.69705627484772,1.31784210131809,"Exp1","mixed","IP",0,1.5265144059019,0.250008188582032,1.52723533123647,0.63669037050449,0,-0.0305927015922505,0.63669037050449,0.36330962949551,0.63669037050449,0.63669037050449,"all","linear"
"299",3,2.01815139660892,1.2939068814776,"Exp1","mixed","IP",0,1.59879536635708,0.263715839680458,1.59777040161675,0.711465183107947,0,-0.0811624502306861,0.711465183107947,0.288534816892053,0.711465183107947,0.711465183107947,"all","linear"
"300",3,0.672717132202972,0.693950234948716,"Exp1","mixed","IP",0,0.624228209694786,0.104947509087195,0.623781204349995,0.710363839550833,0,0.834177769824199,0.710363839550833,0.289636160449167,0.710363839550833,0.710363839550833,"all","linear"
"301",3,0.4,0.501946617387148,"Exp1","mixed","IP",0,0.495589491201344,0.0915640638784804,0.495653352087207,0.467859640477648,0,0.974836017568999,0.467859640477648,0.532140359522352,0.467859640477648,0.467859640477648,"all","linear"
"302",3,2.01815139660892,1.14985767373582,"Exp1","mixed","IP",0,1.59879536635708,0.263715839680458,1.59898343469356,0.711465183107947,0,-0.0870922142259095,0.711465183107947,0.288534816892053,0.711465183107947,0.711465183107947,"all","linear"
"303",3,0.4,0.445937294836767,"Exp1","mixed","IP",0,0.495589491201344,0.0915640638784804,0.496128058817989,0.467859640477648,0,0.971859744673825,0.467859640477648,0.532140359522352,0.467859640477648,0.467859640477648,"all","linear"
"304",3,2.01815139660892,1.58976662523128,"Exp1","mixed","IP",0,1.59879536635708,0.263715839680458,1.59974722576324,0.711465183107947,0,-0.0799131145410449,0.711465183107947,0.288534816892053,0.711465183107947,0.711465183107947,"all","linear"
"305",3,0.8,0.781979546121875,"Exp1","mixed","IP",0,0.648374347106988,0.108279774740729,0.648130785831497,0.775564937157326,0,0.809635092672462,0.775564937157326,0.224435062842674,0.775564937157326,0.775564937157326,"all","linear"
"306",3,0.565685424949238,0.813993003735959,"Exp1","mixed","IP",0,0.590287650359476,0.100981767565794,0.589629408898691,0.635261472109724,0,0.879042020467781,0.635261472109724,0.364738527890276,0.635261472109724,0.635261472109724,"all","linear"
"307",3,0.672717132202972,0.661994623427745,"Exp1","mixed","IP",0,0.624228209694786,0.104947509087195,0.623822210319032,0.710363839550833,0,0.835720764814525,0.710363839550833,0.289636160449167,0.710363839550833,0.710363839550833,"all","linear"
"308",3,0.4,0.765914504721877,"Exp1","mixed","IP",0,0.495589491201344,0.0915640638784804,0.495467178788906,0.467859640477648,0,0.979626412992954,0.467859640477648,0.532140359522352,0.467859640477648,0.467859640477648,"all","linear"
"309",3,0.4,0.429903353488044,"Exp1","mixed","IP",0,0.495589491201344,0.0915640638784804,0.495630982457694,0.467859640477648,0,0.969978612206478,0.467859640477648,0.532140359522352,0.467859640477648,0.467859640477648,"all","linear"
"310",3,0.672717132202972,0.614007247557311,"Exp1","mixed","IP",0,0.624228209694786,0.104947509087195,0.624872130210343,0.710363839550833,0,0.838704865511826,0.710363839550833,0.289636160449167,0.710363839550833,0.710363839550833,"all","linear"
"311",3,1.2,1.44679876620285,"Exp1","mixed","IP",0,1.30817204002599,0.216462741681874,1.3079325121543,0.46982915970656,0,0.11289475631966,0.46982915970656,0.53017084029344,0.46982915970656,0.46982915970656,"all","linear"
"312",3,0.475682846001088,0.557945365922933,"Exp1","mixed","IP",0,0.546848780262786,0.0964650359901703,0.547050001432539,0.553041444902489,0,0.921569911602189,0.553041444902489,0.446958555097511,0.553041444902489,0.553041444902489,"all","linear"
"313",3,0.672717132202972,0.661885773253744,"Exp1","mixed","IP",0,0.624228209694786,0.104947509087195,0.624108816116987,0.710363839550833,0,0.837838794304639,0.710363839550833,0.289636160449167,0.710363839550833,0.710363839550833,"all","linear"
"314",3,0.8,0.75788447202649,"Exp1","mixed","IP",0,0.648374347106988,0.108279774740729,0.647401914444235,0.775564937157326,0,0.808752350347683,0.775564937157326,0.224435062842674,0.775564937157326,0.775564937157326,"all","linear"
"315",3,0.475682846001088,0.677960144665121,"Exp1","mixed","IP",0,0.546848780262786,0.0964650359901703,0.546250596624081,0.553041444902489,0,0.919713706896824,0.553041444902489,0.446958555097511,0.553041444902489,0.553041444902489,"all","linear"
"316",3,1.69705627484772,1.40592179457235,"Exp1","mixed","IP",0,1.5265144059019,0.250008188582032,1.52551888455394,0.63669037050449,0,-0.0279922701122403,0.63669037050449,0.36330962949551,0.63669037050449,0.63669037050449,"all","linear"
"317",3,1.69705627484772,1.24586601352348,"Exp1","mixed","IP",0,1.5265144059019,0.250008188582032,1.52534190729476,0.63669037050449,0,-0.0287519536617833,0.63669037050449,0.36330962949551,0.63669037050449,0.63669037050449,"all","linear"
"318",3,0.475682846001088,0.605885469714849,"Exp1","mixed","IP",0,0.546848780262786,0.0964650359901703,0.547081606868044,0.553041444902489,0,0.91265162343741,0.553041444902489,0.446958555097511,0.553041444902489,0.553041444902489,"all","linear"
"319",3,1.2,1.08591286263982,"Exp1","mixed","IP",0,1.30817204002599,0.216462741681874,1.30998020358889,0.46982915970656,0,0.121063190134487,0.46982915970656,0.53017084029344,0.46982915970656,0.46982915970656,"all","linear"
"320",3,0.8,0.653950595708011,"Exp1","mixed","IP",0,0.648374347106988,0.108279774740729,0.647681993917572,0.775564937157326,0,0.809281982986213,0.775564937157326,0.224435062842674,0.775564937157326,0.775564937157326,"all","linear"
"321",3,1.42704853800327,0.861909471492254,"Exp1","mixed","IP",0,1.42852602310738,0.234114998896885,1.42805263002117,0.55478007014801,0,0.0402950210660333,0.55478007014801,0.44521992985199,0.55478007014801,0.55478007014801,"all","linear"
"322",3,1.2,0.825495978919207,"Exp1","mixed","IP",0,1.30817204002599,0.216462741681874,1.30787234165171,0.46982915970656,0,0.106380937105492,0.46982915970656,0.53017084029344,0.46982915970656,0.46982915970656,"all","linear"
"323",3,0.4,0.46196190617411,"Exp1","mixed","IP",0,0.495589491201344,0.0915640638784804,0.495101944826181,0.467859640477648,0,0.971601273973078,0.467859640477648,0.532140359522352,0.467859640477648,0.467859640477648,"all","linear"
"324",3,0.8,0.653917318653839,"Exp1","mixed","IP",0,0.648374347106988,0.108279774740729,0.648230001525799,0.775564937157326,0,0.800075252993042,0.775564937157326,0.224435062842674,0.775564937157326,0.775564937157326,"all","linear"
"325",3,0.8,0.933877162271529,"Exp1","mixed","IP",0,0.648374347106988,0.108279774740729,0.648418256062095,0.775564937157326,0,0.807065652004291,0.775564937157326,0.224435062842674,0.775564937157326,0.775564937157326,"all","linear"
"326",3,1.42704853800327,0.837957768620981,"Exp1","mixed","IP",0,1.42852602310738,0.234114998896885,1.43032611688054,0.55478007014801,0,0.0345003505338725,0.55478007014801,0.44521992985199,0.55478007014801,0.55478007014801,"all","linear"
"327",3,2.01815139660892,1.07795218305182,"Exp1","mixed","IP",0,1.59879536635708,0.263715839680458,1.6001448679526,0.711465183107947,0,-0.0826691898366633,0.711465183107947,0.288534816892053,0.711465183107947,0.711465183107947,"all","linear"
"328",3,2.01815139660892,1.37382778783285,"Exp1","mixed","IP",0,1.59879536635708,0.263715839680458,1.59538522254709,0.711465183107947,0,-0.0787128479985627,0.711465183107947,0.288534816892053,0.711465183107947,0.711465183107947,"all","linear"
"329",3,1.2,1.51785211553579,"Exp1","mixed","IP",0,1.30817204002599,0.216462741681874,1.3076820870282,0.46982915970656,0,0.115057002817952,0.46982915970656,0.53017084029344,0.46982915970656,0.46982915970656,"all","linear"
"330",3,0.565685424949238,0.781972393109754,"Exp1","mixed","IP",0,0.590287650359476,0.100981767565794,0.590201666957109,0.635261472109724,0,0.871040337399722,0.635261472109724,0.364738527890276,0.635261472109724,0.635261472109724,"all","linear"
"331",3,2.4,1.53386553085147,"Exp1","mixed","IP",0,1.64560765635449,0.275081218301488,1.64113673692411,0.776369948399455,0,-0.131382741113299,0.776369948399455,0.223630051600545,0.776369948399455,0.776369948399455,"all","linear"
"332",3,2.4,1.56593932256146,"Exp1","mixed","IP",0,1.64560765635449,0.275081218301488,1.64566729771231,0.776369948399455,0,-0.127366291022585,0.776369948399455,0.223630051600545,0.776369948399455,0.776369948399455,"all","linear"
"333",3,2.4,1.75786674499977,"Exp1","mixed","IP",0,1.64560765635449,0.275081218301488,1.64479652388508,0.776369948399455,0,-0.126682414797686,0.776369948399455,0.223630051600545,0.776369948399455,0.776369948399455,"all","linear"
"334",3,0.565685424949238,0.597929144139925,"Exp1","mixed","IP",0,0.590287650359476,0.100981767565794,0.590920837005497,0.635261472109724,0,0.87792609853949,0.635261472109724,0.364738527890276,0.635261472109724,0.635261472109724,"all","linear"
"335",3,0.565685424949238,0.701895364509255,"Exp1","mixed","IP",0,0.590287650359476,0.100981767565794,0.590423883097961,0.635261472109724,0,0.882506273629298,0.635261472109724,0.364738527890276,0.635261472109724,0.635261472109724,"all","linear"
"336",3,0.475682846001088,0.573919284175645,"Exp1","mixed","IP",0,0.546848780262786,0.0964650359901703,0.546651473589969,0.553041444902489,0,0.924840565907939,0.553041444902489,0.446958555097511,0.553041444902489,0.553041444902489,"all","linear"
"337",3,0.4,0.445973992893414,"Exp1","mixed","IP",0,0.495589491201344,0.0915640638784804,0.495655743221364,0.467859640477648,0,0.974198559071969,0.467859640477648,0.532140359522352,0.467859640477648,0.467859640477648,"all","linear"
"338",3,1.42704853800327,0.845925290221203,"Exp1","mixed","IP",0,1.42852602310738,0.234114998896885,1.42896627128999,0.55478007014801,0,0.0360081329049983,0.55478007014801,0.44521992985199,0.55478007014801,0.55478007014801,"all","linear"
"339",3,0.672717132202972,0.725903047463362,"Exp1","mixed","IP",0,0.624228209694786,0.104947509087195,0.623491073562326,0.710363839550833,0,0.841136770458821,0.710363839550833,0.289636160449167,0.710363839550833,0.710363839550833,"all","linear"
"340",3,0.565685424949238,0.629960950776876,"Exp1","mixed","IP",0,0.590287650359476,0.100981767565794,0.589531685314352,0.635261472109724,0,0.870586632073538,0.635261472109724,0.364738527890276,0.635261472109724,0.635261472109724,"all","linear"
"341",3,0.672717132202972,0.757937653110275,"Exp1","mixed","IP",0,0.624228209694786,0.104947509087195,0.624103085445147,0.710363839550833,0,0.833661357303865,0.710363839550833,0.289636160449167,0.710363839550833,0.710363839550833,"all","linear"
"342",3,1.69705627484772,1.74989518039729,"Exp1","mixed","IP",0,1.5265144059019,0.250008188582032,1.52507825544673,0.63669037050449,0,-0.0280094150024337,0.63669037050449,0.36330962949551,0.63669037050449,0.63669037050449,"all","linear"
"343",3,2.4,1.50188503929166,"Exp1","mixed","IP",0,1.64560765635449,0.275081218301488,1.64503442651837,0.776369948399455,0,-0.120523029766764,0.776369948399455,0.223630051600545,0.776369948399455,0.776369948399455,"all","linear"
"344",3,2.01815139660892,1.90185219764317,"Exp1","mixed","IP",0,1.59879536635708,0.263715839680458,1.5971010015344,0.711465183107947,0,-0.0881678946105219,0.711465183107947,0.288534816892053,0.711465183107947,0.711465183107947,"all","linear"
"345",3,0.4,0.597912661112787,"Exp1","mixed","IP",0,0.495589491201344,0.0915640638784804,0.495703097770491,0.467859640477648,0,0.974108019272207,0.467859640477648,0.532140359522352,0.467859640477648,0.467859640477648,"all","linear"
"346",3,1.2,1.2618352667705,"Exp1","mixed","IP",0,1.30817204002599,0.216462741681874,1.30817143353682,0.46982915970656,0,0.118543316521392,0.46982915970656,0.53017084029344,0.46982915970656,0.46982915970656,"all","linear"
"347",3,0.672717132202972,0.597944694160105,"Exp1","mixed","IP",0,0.624228209694786,0.104947509087195,0.624655014646908,0.710363839550833,0,0.840564810336316,0.710363839550833,0.289636160449167,0.710363839550833,0.710363839550833,"all","linear"
"348",3,0.8,0.677939929635613,"Exp1","mixed","IP",0,0.648374347106988,0.108279774740729,0.64867615106049,0.775564937157326,0,0.801417897963011,0.775564937157326,0.224435062842674,0.775564937157326,0.775564937157326,"all","linear"
"349",3,1.2,0.821889306218509,"Exp1","mixed","IP",0,1.30817204002599,0.216462741681874,1.30849081870826,0.46982915970656,0,0.113617753563831,0.46982915970656,0.53017084029344,0.46982915970656,0.46982915970656,"all","linear"
"350",3,2.01815139660892,1.58981234230669,"Exp1","mixed","IP",0,1.59879536635708,0.263715839680458,1.59940146528885,0.711465183107947,0,-0.0795228632533094,0.711465183107947,0.288534816892053,0.711465183107947,0.711465183107947,"all","linear"
"351",3,0.8,0.685949747297855,"Exp1","mixed","IP",0,0.648374347106988,0.108279774740729,0.648619731627034,0.775564937157326,0,0.807757688697282,0.775564937157326,0.224435062842674,0.775564937157326,0.775564937157326,"all","linear"
"352",3,0.672717132202972,0.77389073433369,"Exp1","mixed","IP",0,0.624228209694786,0.104947509087195,0.623928337685938,0.710363839550833,0,0.831536753791286,0.710363839550833,0.289636160449167,0.710363839550833,0.710363839550833,"all","linear"
"353",3,1.2,1.54984224811051,"Exp1","mixed","IP",0,1.30817204002599,0.216462741681874,1.30870961052539,0.46982915970656,0,0.110536643073727,0.46982915970656,0.53017084029344,0.46982915970656,0.46982915970656,"all","linear"
"354",3,2.01815139660892,1.52591604728514,"Exp1","mixed","IP",0,1.59879536635708,0.263715839680458,1.5983398950306,0.711465183107947,0,-0.0882452483115339,0.711465183107947,0.288534816892053,0.711465183107947,0.711465183107947,"all","linear"
"355",3,1.42704853800327,1.13383492840512,"Exp1","mixed","IP",0,1.42852602310738,0.234114998896885,1.42755739699026,0.55478007014801,0,0.0355840371671132,0.55478007014801,0.44521992985199,0.55478007014801,0.55478007014801,"all","linear"
"356",3,0.475682846001088,0.797951909375115,"Exp1","mixed","IP",0,0.546848780262786,0.0964650359901703,0.54708182155044,0.553041444902489,0,0.91876072683913,0.553041444902489,0.446958555097511,0.553041444902489,0.553041444902489,"all","linear"
"357",3,1.2,1.04587528134289,"Exp1","mixed","IP",0,1.30817204002599,0.216462741681874,1.30952697035422,0.46982915970656,0,0.115302679497146,0.46982915970656,0.53017084029344,0.46982915970656,0.46982915970656,"all","linear"
"358",3,1.42704853800327,1.48592262805687,"Exp1","mixed","IP",0,1.42852602310738,0.234114998896885,1.42915630512312,0.55478007014801,0,0.0328362186693758,0.55478007014801,0.44521992985199,0.55478007014801,0.55478007014801,"all","linear"
"359",3,0.8,0.685886925199156,"Exp1","mixed","IP",0,0.648374347106988,0.108279774740729,0.648863173742169,0.775564937157326,0,0.805226065562432,0.775564937157326,0.224435062842674,0.775564937157326,0.775564937157326,"all","linear"
"360",3,1.69705627484772,1.35782619053498,"Exp1","mixed","IP",0,1.5265144059019,0.250008188582032,1.52599842562261,0.63669037050449,0,-0.0286896505608589,0.63669037050449,0.36330962949551,0.63669037050449,0.63669037050449,"all","linear"
"361",3,0.672717132202972,0.71789011979854,"Exp1","mixed","IP",0,0.624228209694786,0.104947509087195,0.623726519874479,0.710363839550833,0,0.836450667433161,0.710363839550833,0.289636160449167,0.710363839550833,0.710363839550833,"all","linear"
"362",3,1.42704853800327,1.02188532541186,"Exp1","mixed","IP",0,1.42852602310738,0.234114998896885,1.42800767542104,0.55478007014801,0,0.0338102420788147,0.55478007014801,0.44521992985199,0.55478007014801,0.55478007014801,"all","linear"
"363",3,0.565685424949238,0.533930218956812,"Exp1","mixed","IP",0,0.590287650359476,0.100981767565794,0.590237286148932,0.635261472109724,0,0.873966076547232,0.635261472109724,0.364738527890276,0.635261472109724,0.635261472109724,"all","linear"
"364",3,0.475682846001088,0.541897429553501,"Exp1","mixed","IP",0,0.546848780262786,0.0964650359901703,0.546993222454404,0.553041444902489,0,0.917221327465731,0.553041444902489,0.446958555097511,0.553041444902489,0.553041444902489,"all","linear"
"365",3,0.4,0.357966762756405,"Exp1","mixed","IP",0,0.495589491201344,0.0915640638784804,0.496078099134017,0.467859640477648,0,0.976143180425781,0.467859640477648,0.532140359522352,0.467859640477648,0.467859640477648,"all","linear"
"366",3,1.69705627484772,1.18990800605752,"Exp1","mixed","IP",0,1.5265144059019,0.250008188582032,1.52850538943669,0.63669037050449,0,-0.0354688098636808,0.63669037050449,0.36330962949551,0.63669037050449,0.63669037050449,"all","linear"
"367",3,0.475682846001088,0.597915460115473,"Exp1","mixed","IP",0,0.546848780262786,0.0964650359901703,0.547251804584331,0.553041444902489,0,0.916322591551217,0.553041444902489,0.446958555097511,0.553041444902489,0.553041444902489,"all","linear"
"368",3,1.69705627484772,1.0219080284478,"Exp1","mixed","IP",0,1.5265144059019,0.250008188582032,1.52530910513307,0.63669037050449,0,-0.0293794752049157,0.63669037050449,0.36330962949551,0.63669037050449,0.63669037050449,"all","linear"
"369",3,0.4,0.477945154445479,"Exp1","mixed","IP",0,0.495589491201344,0.0915640638784804,0.495467943650042,0.467859640477648,0,0.975937914844681,0.467859640477648,0.532140359522352,0.467859640477648,0.467859640477648,"all","linear"
"370",3,2.01815139660892,1.13394440057527,"Exp1","mixed","IP",0,1.59879536635708,0.263715839680458,1.59749239647659,0.711465183107947,0,-0.0805358278154266,0.711465183107947,0.288534816892053,0.711465183107947,0.711465183107947,"all","linear"
"371",3,0.565685424949238,0.478018550558772,"Exp1","mixed","IP",0,0.590287650359476,0.100981767565794,0.590273885633308,0.635261472109724,0,0.872096181896848,0.635261472109724,0.364738527890276,0.635261472109724,0.635261472109724,"all","linear"
"372",3,2.4,1.2699172365501,"Exp1","mixed","IP",0,1.64560765635449,0.275081218301488,1.6469705369113,0.776369948399455,0,-0.12434456316335,0.776369948399455,0.223630051600545,0.776369948399455,0.776369948399455,"all","linear"
"373",3,0.8,0.685919580249902,"Exp1","mixed","IP",0,0.648374347106988,0.108279774740729,0.647804773999338,0.775564937157326,0,0.809576318944692,0.775564937157326,0.224435062842674,0.775564937157326,0.775564937157326,"all","linear"
"374",3,2.4,1.64589692697336,"Exp1","mixed","IP",0,1.64560765635449,0.275081218301488,1.64154547933281,0.776369948399455,0,-0.123045895032347,0.776369948399455,0.223630051600545,0.776369948399455,0.776369948399455,"all","linear"
"375",3,2.4,1.72586199539728,"Exp1","mixed","IP",0,1.64560765635449,0.275081218301488,1.64676917614973,0.776369948399455,0,-0.123295891073996,0.776369948399455,0.223630051600545,0.776369948399455,0.776369948399455,"all","linear"
"376",3,0.565685424949238,0.565389784693252,"Exp1","mixed","IP",0,0.590287650359476,0.100981767565794,0.589629665948407,0.635261472109724,0,0.874549409481539,0.635261472109724,0.364738527890276,0.635261472109724,0.635261472109724,"all","linear"
"377",3,0.4,0.349996442157135,"Exp1","mixed","IP",0,0.495589491201344,0.0915640638784804,0.495192155466783,0.467859640477648,0,0.973180138531903,0.467859640477648,0.532140359522352,0.467859640477648,0.467859640477648,"all","linear"
"378",3,2.4,1.28585010274037,"Exp1","mixed","IP",0,1.64560765635449,0.275081218301488,1.64371907256953,0.776369948399455,0,-0.125987408630581,0.776369948399455,0.223630051600545,0.776369948399455,0.776369948399455,"all","linear"
"379",3,0.475682846001088,0.477928360414808,"Exp1","mixed","IP",0,0.546848780262786,0.0964650359901703,0.547439123774133,0.553041444902489,0,0.92317238446984,0.553041444902489,0.446958555097511,0.553041444902489,0.553041444902489,"all","linear"
"380",3,1.69705627484772,1.40585181946153,"Exp1","mixed","IP",0,1.5265144059019,0.250008188582032,1.52771673225751,0.63669037050449,0,-0.0278957273839082,0.63669037050449,0.36330962949551,0.63669037050449,0.63669037050449,"all","linear"
"381",3,1.42704853800327,1.38189234158199,"Exp1","mixed","IP",0,1.42852602310738,0.234114998896885,1.42840303260919,0.55478007014801,0,0.0365350794885339,0.55478007014801,0.44521992985199,0.55478007014801,0.55478007014801,"all","linear"
"382",3,2.4,2.03777589553283,"Exp1","mixed","IP",0,1.64560765635449,0.275081218301488,1.64792596833579,0.776369948399455,0,-0.126758334348161,0.776369948399455,0.223630051600545,0.776369948399455,0.776369948399455,"all","linear"
"383",3,2.4,1.21386655093374,"Exp1","mixed","IP",0,1.64560765635449,0.275081218301488,1.64605032535905,0.776369948399455,0,-0.127737318105442,0.776369948399455,0.223630051600545,0.776369948399455,0.776369948399455,"all","linear"
"384",3,1.42704853800327,1.7259173534876,"Exp1","mixed","IP",0,1.42852602310738,0.234114998896885,1.42873858263324,0.55478007014801,0,0.0369191117169243,0.55478007014801,0.44521992985199,0.55478007014801,0.55478007014801,"all","linear"
"385",3,2.01815139660892,1.80590201494488,"Exp1","mixed","IP",0,1.59879536635708,0.263715839680458,1.60028092671628,0.711465183107947,0,-0.0832390096541997,0.711465183107947,0.288534816892053,0.711465183107947,0.711465183107947,"all","linear"
"386",3,0.672717132202972,0.557910844869184,"Exp1","mixed","IP",0,0.624228209694786,0.104947509087195,0.624436831369042,0.710363839550833,0,0.834975278045478,0.710363839550833,0.289636160449167,0.710363839550833,0.710363839550833,"all","linear"
"387",3,0.565685424949238,0.557975532970886,"Exp1","mixed","IP",0,0.590287650359476,0.100981767565794,0.590173013092799,0.635261472109724,0,0.875374907875759,0.635261472109724,0.364738527890276,0.635261472109724,0.635261472109724,"all","linear"
"388",3,1.42704853800327,1.62985085660694,"Exp1","mixed","IP",0,1.42852602310738,0.234114998896885,1.42750687310189,0.55478007014801,0,0.0374175625508777,0.55478007014801,0.44521992985199,0.55478007014801,0.55478007014801,"all","linear"
"389",3,1.69705627484772,1.01395419087203,"Exp1","mixed","IP",0,1.5265144059019,0.250008188582032,1.52763893380364,0.63669037050449,0,-0.0304488368761822,0.63669037050449,0.36330962949551,0.63669037050449,0.63669037050449,"all","linear"
"390",3,2.01815139660892,1.15793280150319,"Exp1","mixed","IP",0,1.59879536635708,0.263715839680458,1.60030657280901,0.711465183107947,0,-0.0850308056255606,0.711465183107947,0.288534816892053,0.711465183107947,0.711465183107947,"all","linear"
"391",3,0.4,0.493914718688757,"Exp1","mixed","IP",0,0.495589491201344,0.0915640638784804,0.495655986736836,0.467859640477648,0,0.969256923749556,0.467859640477648,0.532140359522352,0.467859640477648,0.467859640477648,"all","linear"
"392",3,1.2,1.36372338185902,"Exp1","mixed","IP",0,1.30817204002599,0.216462741681874,1.30896390838329,0.46982915970656,0,0.113828409842143,0.46982915970656,0.53017084029344,0.46982915970656,0.46982915970656,"all","linear"
"393",3,2.01815139660892,1.4537950332633,"Exp1","mixed","IP",0,1.59879536635708,0.263715839680458,1.59946433303239,0.711465183107947,0,-0.0832628557136185,0.711465183107947,0.288534816892053,0.711465183107947,0.711465183107947,"all","linear"
"394",3,0.4,0.493961679767381,"Exp1","mixed","IP",0,0.495589491201344,0.0915640638784804,0.496073658925936,0.467859640477648,0,0.974699432012656,0.467859640477648,0.532140359522352,0.467859640477648,0.467859640477648,"all","linear"
"395",3,0.8,0.698757680547715,"Exp1","mixed","IP",0,0.648374347106988,0.108279774740729,0.647874553120785,0.775564937157326,0,0.807174029937816,0.775564937157326,0.224435062842674,0.775564937157326,0.775564937157326,"all","linear"
"396",3,1.2,1.13391298952774,"Exp1","mixed","IP",0,1.30817204002599,0.216462741681874,1.30745536624713,0.46982915970656,0,0.113702521365165,0.46982915970656,0.53017084029344,0.46982915970656,0.46982915970656,"all","linear"
"397",3,0.565685424949238,1.00513888193746,"Exp1","mixed","IP",0,0.590287650359476,0.100981767565794,0.590142322508591,0.635261472109724,0,0.872177442223968,0.635261472109724,0.364738527890276,0.635261472109724,0.635261472109724,"all","linear"
"398",3,0.8,0.637914166352857,"Exp1","mixed","IP",0,0.648374347106988,0.108279774740729,0.648663734275375,0.775564937157326,0,0.807134163315593,0.775564937157326,0.224435062842674,0.775564937157326,0.775564937157326,"all","linear"
"399",3,0.475682846001088,0.541946256627853,"Exp1","mixed","IP",0,0.546848780262786,0.0964650359901703,0.54703992565659,0.553041444902489,0,0.922032860119165,0.553041444902489,0.446958555097511,0.553041444902489,0.553041444902489,"all","linear"
"400",3,0.475682846001088,0.549955141290411,"Exp1","mixed","IP",0,0.546848780262786,0.0964650359901703,0.547436435087645,0.553041444902489,0,0.921300579919469,0.553041444902489,0.446958555097511,0.553041444902489,0.553041444902489,"all","linear"
"401",3,0.4,0.534010146082437,"Exp1","mixed","IP",0,0.495589491201344,0.0915640638784804,0.495770602082667,0.467859640477648,0,0.978866063503357,0.467859640477648,0.532140359522352,0.467859640477648,0.467859640477648,"all","linear"
"402",3,0.475682846001088,0.565957360588072,"Exp1","mixed","IP",0,0.546848780262786,0.0964650359901703,0.546969645722271,0.553041444902489,0,0.922298506589501,0.553041444902489,0.446958555097511,0.553041444902489,0.553041444902489,"all","linear"
"403",3,0.8,0.565451051788841,"Exp1","mixed","IP",0,0.648374347106988,0.108279774740729,0.648426455202181,0.775564937157326,0,0.799850156211395,0.775564937157326,0.224435062842674,0.775564937157326,0.775564937157326,"all","linear"
"404",3,0.565685424949238,0.653799760468246,"Exp1","mixed","IP",0,0.590287650359476,0.100981767565794,0.590100904882282,0.635261472109724,0,0.876544466836721,0.635261472109724,0.364738527890276,0.635261472109724,0.635261472109724,"all","linear"
"405",3,2.4,1.31163546450625,"Exp1","mixed","IP",0,1.64560765635449,0.275081218301488,1.64497158344321,0.776369948399455,0,-0.126229834668271,0.776369948399455,0.223630051600545,0.776369948399455,0.776369948399455,"all","linear"
"406",3,1.69705627484772,1.76586256764131,"Exp1","mixed","IP",0,1.5265144059019,0.250008188582032,1.52814979976005,0.63669037050449,0,-0.0299805347179095,0.63669037050449,0.36330962949551,0.63669037050449,0.63669037050449,"all","linear"
"407",3,1.69705627484772,1.58184202170378,"Exp1","mixed","IP",0,1.5265144059019,0.250008188582032,1.52571355605351,0.63669037050449,0,-0.0316100976810044,0.63669037050449,0.36330962949551,0.63669037050449,0.63669037050449,"all","linear"
"408",3,0.4,0.453946801502752,"Exp1","mixed","IP",0,0.495589491201344,0.0915640638784804,0.496396209616614,0.467859640477648,0,0.976110526534858,0.467859640477648,0.532140359522352,0.467859640477648,0.467859640477648,"all","linear"
"409",3,0.672717132202972,0.565983795630018,"Exp1","mixed","IP",0,0.624228209694786,0.104947509087195,0.623869727234848,0.710363839550833,0,0.83264417128644,0.710363839550833,0.289636160449167,0.710363839550833,0.710363839550833,"all","linear"
"410",3,1.42704853800327,1.50985909189694,"Exp1","mixed","IP",0,1.42852602310738,0.234114998896885,1.42722622233262,0.55478007014801,0,0.0353058991878854,0.55478007014801,0.44521992985199,0.55478007014801,0.55478007014801,"all","linear"
"411",3,2.4,2.18983212193416,"Exp1","mixed","IP",0,1.64560765635449,0.275081218301488,1.6447924717335,0.776369948399455,0,-0.126231981434709,0.776369948399455,0.223630051600545,0.776369948399455,0.776369948399455,"all","linear"
"412",3,0.672717132202972,0.797889398276311,"Exp1","mixed","IP",0,0.624228209694786,0.104947509087195,0.624648208855055,0.710363839550833,0,0.834079289941792,0.710363839550833,0.289636160449167,0.710363839550833,0.710363839550833,"all","linear"
"413",3,0.672717132202972,0.629894085672277,"Exp1","mixed","IP",0,0.624228209694786,0.104947509087195,0.624039091863426,0.710363839550833,0,0.835307952718573,0.710363839550833,0.289636160449167,0.710363839550833,0.710363839550833,"all","linear"
"414",4,1.69705627484772,1.62986981361473,"Exp1","mixed","IP",0,1.66173311797471,0.206866857190028,1.66069321405755,0.0729848515894866,0,0.157548671393485,0.0729848515894866,0.927015148410513,0.0729848515894866,0.0729848515894866,"all","linear"
"415",4,0.8,0.717987273705148,"Exp1","mixed","IP",0,0.562416254156143,0.0843600583321388,0.562392198320858,0.897389669117084,0,1.05542041148489,0.897389669117084,0.102610330882916,0.897389669117084,0.897389669117084,"all","linear"
"416",4,1.69705627484772,1.46991627765192,"Exp1","mixed","IP",0,1.66173311797471,0.206866857190028,1.66089545988315,0.0729848515894866,0,0.161876052623925,0.0729848515894866,0.927015148410513,0.0729848515894866,0.0729848515894866,"all","linear"
"417",4,1.69705627484772,1.77384084045752,"Exp1","mixed","IP",0,1.66173311797471,0.206866857190028,1.6625901167629,0.0729848515894866,0,0.1601333529101,0.0729848515894866,0.927015148410513,0.0729848515894866,0.0729848515894866,"all","linear"
"418",4,0.565685424949238,0.701932611596021,"Exp1","mixed","IP",0,0.540887981984367,0.083815911630815,0.541001841094562,0.815515960267574,0,1.06559790106002,0.815515960267574,0.184484039732426,0.815515960267574,0.815515960267574,"all","linear"
"419",4,2.4,2.01388668248637,"Exp1","mixed","IP",0,2.23930409227492,0.272698590669161,2.24134138064669,0.135228137467624,0,-0.118198411675129,0.135228137467624,0.864771862532375,0.135228137467624,0.135228137467624,"all","linear"
"420",4,2.4,2.35783873806895,"Exp1","mixed","IP",0,2.23930409227492,0.272698590669161,2.23934104320929,0.135228137467624,0,-0.11298078807698,0.135228137467624,0.864771862532375,0.135228137467624,0.135228137467624,"all","linear"
"421",4,1.69705627484772,1.69390559154544,"Exp1","mixed","IP",0,1.66173311797471,0.206866857190028,1.66091828304007,0.0729848515894866,0,0.16108144042164,0.0729848515894866,0.927015148410513,0.0729848515894866,0.0729848515894866,"all","linear"
"422",4,0.672717132202972,0.661940884308933,"Exp1","mixed","IP",0,0.554317718397347,0.0841200245229717,0.55445484062195,0.861372498676148,0,1.05503121763644,0.861372498676148,0.138627501323852,0.861372498676148,0.861372498676148,"all","linear"
"423",4,0.672717132202972,0.741946109180844,"Exp1","mixed","IP",0,0.554317718397347,0.0841200245229717,0.554207836454409,0.861372498676148,0,1.05804562990536,0.861372498676148,0.138627501323852,0.861372498676148,0.861372498676148,"all","linear"
"424",4,1.42704853800327,1.30988592363565,"Exp1","mixed","IP",0,1.41576541418417,0.180722250539114,1.416516969045,0.0528478827459297,0,0.298805732159129,0.0528478827459297,0.94715211725407,0.0528478827459297,0.0528478827459297,"all","linear"
"425",4,2.01815139660892,1.645907992498,"Exp1","mixed","IP",0,1.93764908267669,0.237504076663634,1.93728315383429,0.099917017409097,0,0.0208143248009036,0.099917017409097,0.900082982590903,0.099917017409097,0.099917017409097,"all","linear"
"426",4,0.8,0.773982347397578,"Exp1","mixed","IP",0,0.562416254156143,0.0843600583321388,0.562388941353837,0.897389669117084,0,1.05328448247115,0.897389669117084,0.102610330882916,0.897389669117084,0.897389669117084,"all","linear"
"427",4,2.01815139660892,2.01385713708123,"Exp1","mixed","IP",0,1.93764908267669,0.237504076663634,1.93894635033732,0.099917017409097,0,0.0227355863088958,0.099917017409097,0.900082982590903,0.099917017409097,0.099917017409097,"all","linear"
"428",4,0.8,0.614005797119262,"Exp1","mixed","IP",0,0.562416254156143,0.0843600583321388,0.561905993988883,0.897389669117084,0,1.0568551510925,0.897389669117084,0.102610330882916,0.897389669117084,0.897389669117084,"all","linear"
"429",4,1.42704853800327,1.59785068063229,"Exp1","mixed","IP",0,1.41576541418417,0.180722250539114,1.41671095749606,0.0528478827459297,0,0.29453518602999,0.0528478827459297,0.94715211725407,0.0528478827459297,0.0528478827459297,"all","linear"
"430",4,0.4,0.493966237376753,"Exp1","mixed","IP",0,0.493649848234732,0.083005893430342,0.494191974906709,0.692071017557189,0,1.07207043305894,0.692071017557189,0.307928982442811,0.692071017557189,0.692071017557189,"all","linear"
"431",4,2.01815139660892,1.95792395323724,"Exp1","mixed","IP",0,1.93764908267669,0.237504076663634,1.93639240110645,0.099917017409097,0,0.0216212933688017,0.099917017409097,0.900082982590903,0.099917017409097,0.099917017409097,"all","linear"
"432",4,2.01815139660892,1.77383773041493,"Exp1","mixed","IP",0,1.93764908267669,0.237504076663634,1.93592455396646,0.099917017409097,0,0.024511098236629,0.099917017409097,0.900082982590903,0.099917017409097,0.099917017409097,"all","linear"
"433",4,0.475682846001088,0.501937276660101,"Exp1","mixed","IP",0,0.520930683598545,0.083443546367526,0.52115822679009,0.75901171074945,0,1.06117861477366,0.75901171074945,0.24098828925055,0.75901171074945,0.75901171074945,"all","linear"
"434",4,0.4,0.397936517809285,"Exp1","mixed","IP",0,0.493649848234732,0.083005893430342,0.493372374448566,0.692071017557189,0,1.06949633633437,0.692071017557189,0.307928982442811,0.692071017557189,0.692071017557189,"all","linear"
"435",4,0.475682846001088,0.406012054525036,"Exp1","mixed","IP",0,0.520930683598545,0.083443546367526,0.521415152877466,0.75901171074945,0,1.07214629147135,0.75901171074945,0.24098828925055,0.75901171074945,0.75901171074945,"all","linear"
"436",4,0.672717132202972,0.493926428830946,"Exp1","mixed","IP",0,0.554317718397347,0.0841200245229717,0.554935958479875,0.861372498676148,0,1.05419497978681,0.861372498676148,0.138627501323852,0.861372498676148,0.861372498676148,"all","linear"
"437",4,0.565685424949238,0.573914548468565,"Exp1","mixed","IP",0,0.540887981984367,0.083815911630815,0.540474989947274,0.815515960267574,0,1.06252779185005,0.815515960267574,0.184484039732426,0.815515960267574,0.815515960267574,"all","linear"
"438",4,1.2,1.28595507854379,"Exp1","mixed","IP",0,1.20052833104764,0.158813988343264,1.20101078529292,0.0380172741905912,0,0.420488588357483,0.0380172741905912,0.961982725809409,0.0380172741905912,0.0380172741905912,"all","linear"
"439",4,0.475682846001088,0.493891596353478,"Exp1","mixed","IP",0,0.520930683598545,0.083443546367526,0.521459783698776,0.75901171074945,0,1.0571087314055,0.75901171074945,0.24098828925055,0.75901171074945,0.75901171074945,"all","linear"
"440",4,1.42704853800327,1.36586886816167,"Exp1","mixed","IP",0,1.41576541418417,0.180722250539114,1.41741931119008,0.0528478827459297,0,0.298318919929558,0.0528478827459297,0.94715211725407,0.0528478827459297,0.0528478827459297,"all","linear"
"441",4,2.4,2.37382311321471,"Exp1","mixed","IP",0,2.23930409227492,0.272698590669161,2.23893059289287,0.135228137467624,0,-0.118298327677506,0.135228137467624,0.864771862532375,0.135228137467624,0.135228137467624,"all","linear"
"442",4,0.4,0.581913889139287,"Exp1","mixed","IP",0,0.493649848234732,0.083005893430342,0.492941658444918,0.692071017557189,0,1.06904253166117,0.692071017557189,0.307928982442811,0.692071017557189,0.692071017557189,"all","linear"
"443",4,0.565685424949238,0.565934490061863,"Exp1","mixed","IP",0,0.540887981984367,0.083815911630815,0.540592639925148,0.815515960267574,0,1.06303627847851,0.815515960267574,0.184484039732426,0.815515960267574,0.815515960267574,"all","linear"
"444",4,1.2,1.02191867860483,"Exp1","mixed","IP",0,1.20052833104764,0.158813988343264,1.2007499561739,0.0380172741905912,0,0.424056130535079,0.0380172741905912,0.961982725809409,0.0380172741905912,0.0380172741905912,"all","linear"
"445",4,1.2,1.4539091991951,"Exp1","mixed","IP",0,1.20052833104764,0.158813988343264,1.20055133614625,0.0380172741905912,0,0.422180445071829,0.0380172741905912,0.961982725809409,0.0380172741905912,0.0380172741905912,"all","linear"
"446",4,1.2,1.38191109010086,"Exp1","mixed","IP",0,1.20052833104764,0.158813988343264,1.20225303909992,0.0380172741905912,0,0.419218393103091,0.0380172741905912,0.961982725809409,0.0380172741905912,0.0380172741905912,"all","linear"
"447",4,2.4,2.25387405571291,"Exp1","mixed","IP",0,2.23930409227492,0.272698590669161,2.23753399995735,0.135228137467624,0,-0.120562660888612,0.135228137467624,0.864771862532375,0.135228137467624,0.135228137467624,"all","linear"
"448",4,1.69705627484772,1.6138614911406,"Exp1","mixed","IP",0,1.66173311797471,0.206866857190028,1.66470295445581,0.0729848515894866,0,0.154372973681307,0.0729848515894866,0.927015148410513,0.0729848515894866,0.0729848515894866,"all","linear"
"449",4,0.475682846001088,0.493974634492133,"Exp1","mixed","IP",0,0.520930683598545,0.083443546367526,0.520178382943404,0.75901171074945,0,1.06450861948872,0.75901171074945,0.24098828925055,0.75901171074945,0.75901171074945,"all","linear"
"450",4,0.8,0.573975505304134,"Exp1","mixed","IP",0,0.562416254156143,0.0843600583321388,0.562411315321526,0.897389669117084,0,1.05728997138332,0.897389669117084,0.102610330882916,0.897389669117084,0.897389669117084,"all","linear"
"451",4,1.42704853800327,1.59790479537469,"Exp1","mixed","IP",0,1.41576541418417,0.180722250539114,1.41577971930354,0.0528478827459297,0,0.301051594283197,0.0528478827459297,0.94715211725407,0.0528478827459297,0.0528478827459297,"all","linear"
"452",4,1.69705627484772,1.65385974951687,"Exp1","mixed","IP",0,1.66173311797471,0.206866857190028,1.66261491163711,0.0729848515894866,0,0.156328551723049,0.0729848515894866,0.927015148410513,0.0729848515894866,0.0729848515894866,"all","linear"
"453",4,1.2,1.39785565670081,"Exp1","mixed","IP",0,1.20052833104764,0.158813988343264,1.20026014247716,0.0380172741905912,0,0.421479747496901,0.0380172741905912,0.961982725809409,0.0380172741905912,0.0380172741905912,"all","linear"
"454",4,0.4,0.397952068022732,"Exp1","mixed","IP",0,0.493649848234732,0.083005893430342,0.493495044454629,0.692071017557189,0,1.07787025411261,0.692071017557189,0.307928982442811,0.692071017557189,0.692071017557189,"all","linear"
"455",4,1.69705627484772,1.93388083560603,"Exp1","mixed","IP",0,1.66173311797471,0.206866857190028,1.65985005355518,0.0729848515894866,0,0.156528628471361,0.0729848515894866,0.927015148410513,0.0729848515894866,0.0729848515894866,"all","linear"
"456",4,2.01815139660892,1.80588578679408,"Exp1","mixed","IP",0,1.93764908267669,0.237504076663634,1.93561696725608,0.099917017409097,0,0.0146741075549448,0.099917017409097,0.900082982590903,0.099917017409097,0.099917017409097,"all","linear"
"457",4,0.475682846001088,0.605922485297015,"Exp1","mixed","IP",0,0.520930683598545,0.083443546367526,0.521098752935729,0.75901171074945,0,1.06756105345809,0.75901171074945,0.24098828925055,0.75901171074945,0.75901171074945,"all","linear"
"458",4,1.42704853800327,1.62188695616987,"Exp1","mixed","IP",0,1.41576541418417,0.180722250539114,1.41523568426597,0.0528478827459297,0,0.295608086246441,0.0528478827459297,0.94715211725407,0.0528478827459297,0.0528478827459297,"all","linear"
"459",4,1.69705627484772,1.97390926139542,"Exp1","mixed","IP",0,1.66173311797471,0.206866857190028,1.66290425955382,0.0729848515894866,0,0.156909543397579,0.0729848515894866,0.927015148410513,0.0729848515894866,0.0729848515894866,"all","linear"
"460",4,0.4,0.557958474710176,"Exp1","mixed","IP",0,0.493649848234732,0.083005893430342,0.493490917580041,0.692071017557189,0,1.07262379456844,0.692071017557189,0.307928982442811,0.692071017557189,0.692071017557189,"all","linear"
"461",4,0.565685424949238,0.485961298629263,"Exp1","mixed","IP",0,0.540887981984367,0.083815911630815,0.540606041014131,0.815515960267574,0,1.06274066679076,0.815515960267574,0.184484039732426,0.815515960267574,0.815515960267574,"all","linear"
"462",4,2.4,2.59782859933011,"Exp1","mixed","IP",0,2.23930409227492,0.272698590669161,2.23721765667195,0.135228137467624,0,-0.11980328981611,0.135228137467624,0.864771862532375,0.135228137467624,0.135228137467624,"all","linear"
"463",4,2.4,2.5418052242494,"Exp1","mixed","IP",0,2.23930409227492,0.272698590669161,2.23867612199314,0.135228137467624,0,-0.115121676879818,0.135228137467624,0.864771862532375,0.135228137467624,0.135228137467624,"all","linear"
"464",4,0.8,0.605872102606099,"Exp1","mixed","IP",0,0.562416254156143,0.0843600583321388,0.56171766533917,0.897389669117084,0,1.04974753228666,0.897389669117084,0.102610330882916,0.897389669117084,0.897389669117084,"all","linear"
"465",4,0.8,0.861956745527095,"Exp1","mixed","IP",0,0.562416254156143,0.0843600583321388,0.562052977569016,0.897389669117084,0,1.0608530760311,0.897389669117084,0.102610330882916,0.897389669117084,0.897389669117084,"all","linear"
"466",4,0.4,0.437970541675895,"Exp1","mixed","IP",0,0.493649848234732,0.083005893430342,0.49352495323253,0.692071017557189,0,1.075451065205,0.692071017557189,0.307928982442811,0.692071017557189,0.692071017557189,"all","linear"
"467",4,0.475682846001088,0.389988492842349,"Exp1","mixed","IP",0,0.520930683598545,0.083443546367526,0.520660728004886,0.75901171074945,0,1.06542489522396,0.75901171074945,0.24098828925055,0.75901171074945,0.75901171074945,"all","linear"
"468",4,0.672717132202972,0.53393930440734,"Exp1","mixed","IP",0,0.554317718397347,0.0841200245229717,0.554032092935517,0.861372498676148,0,1.06449659071578,0.861372498676148,0.138627501323852,0.861372498676148,0.861372498676148,"all","linear"
"469",4,1.2,1.30192265945925,"Exp1","mixed","IP",0,1.20052833104764,0.158813988343264,1.19965024814788,0.0380172741905912,0,0.417858049450762,0.0380172741905912,0.961982725809409,0.0380172741905912,0.0380172741905912,"all","linear"
"470",4,2.4,2.30189280305012,"Exp1","mixed","IP",0,2.23930409227492,0.272698590669161,2.24083733959712,0.135228137467624,0,-0.120951067378853,0.135228137467624,0.864771862532375,0.135228137467624,0.135228137467624,"all","linear"
"471",4,1.2,1.22992983743779,"Exp1","mixed","IP",0,1.20052833104764,0.158813988343264,1.20073478566952,0.0380172741905912,0,0.427537513971878,0.0380172741905912,0.961982725809409,0.0380172741905912,0.0380172741905912,"all","linear"
"472",4,0.565685424949238,0.493942601052822,"Exp1","mixed","IP",0,0.540887981984367,0.083815911630815,0.540510568909624,0.815515960267574,0,1.06632377766634,0.815515960267574,0.184484039732426,0.815515960267574,0.815515960267574,"all","linear"
"473",4,0.672717132202972,0.54196601345393,"Exp1","mixed","IP",0,0.554317718397347,0.0841200245229717,0.554639552182426,0.861372498676148,0,1.06294817029594,0.861372498676148,0.138627501323852,0.861372498676148,0.861372498676148,"all","linear"
"474",4,0.672717132202972,0.70192732452324,"Exp1","mixed","IP",0,0.554317718397347,0.0841200245229717,0.553582292742366,0.861372498676148,0,1.05745098524401,0.861372498676148,0.138627501323852,0.861372498676148,0.861372498676148,"all","linear"
"475",4,0.8,0.845938159912293,"Exp1","mixed","IP",0,0.562416254156143,0.0843600583321388,0.562336066050642,0.897389669117084,0,1.05927274088288,0.897389669117084,0.102610330882916,0.897389669117084,0.897389669117084,"all","linear"
"476",4,1.2,1.20589200687891,"Exp1","mixed","IP",0,1.20052833104764,0.158813988343264,1.20041752854231,0.0380172741905912,0,0.42214673753984,0.0380172741905912,0.961982725809409,0.0380172741905912,0.0380172741905912,"all","linear"
"477",4,0.4,0.541967568475229,"Exp1","mixed","IP",0,0.493649848234732,0.083005893430342,0.493623434598963,0.692071017557189,0,1.07004503665873,0.692071017557189,0.307928982442811,0.692071017557189,0.692071017557189,"all","linear"
"478",4,0.565685424949238,0.469974746453772,"Exp1","mixed","IP",0,0.540887981984367,0.083815911630815,0.540277944897724,0.815515960267574,0,1.06756845207727,0.815515960267574,0.184484039732426,0.815515960267574,0.815515960267574,"all","linear"
"479",4,0.565685424949238,0.605948609655115,"Exp1","mixed","IP",0,0.540887981984367,0.083815911630815,0.540420514823489,0.815515960267574,0,1.05539087751357,0.815515960267574,0.184484039732426,0.815515960267574,0.815515960267574,"all","linear"
"480",4,1.42704853800327,1.14990999536576,"Exp1","mixed","IP",0,1.41576541418417,0.180722250539114,1.41557030201084,0.0528478827459297,0,0.293605173677395,0.0528478827459297,0.94715211725407,0.0528478827459297,0.0528478827459297,"all","linear"
"481",4,2.01815139660892,1.78191202311382,"Exp1","mixed","IP",0,1.93764908267669,0.237504076663634,1.93895946844114,0.099917017409097,0,0.0209273627961694,0.099917017409097,0.900082982590903,0.099917017409097,0.099917017409097,"all","linear"
"482",4,2.4,2.52580592089907,"Exp1","mixed","IP",0,2.23930409227492,0.272698590669161,2.24093790219206,0.135228137467624,0,-0.119621970014765,0.135228137467624,0.864771862532375,0.135228137467624,0.135228137467624,"all","linear"
"483",4,1.42704853800327,1.17394502688603,"Exp1","mixed","IP",0,1.41576541418417,0.180722250539114,1.41558244816227,0.0528478827459297,0,0.289987146281024,0.0528478827459297,0.94715211725407,0.0528478827459297,0.0528478827459297,"all","linear"
"484",4,0.475682846001088,0.597948957979952,"Exp1","mixed","IP",0,0.520930683598545,0.083443546367526,0.52117171716041,0.75901171074945,0,1.06207975287516,0.75901171074945,0.24098828925055,0.75901171074945,0.75901171074945,"all","linear"
"485",4,2.01815139660892,2.18191264512234,"Exp1","mixed","IP",0,1.93764908267669,0.237504076663634,1.93679573175396,0.099917017409097,0,0.0271069147388886,0.099917017409097,0.900082982590903,0.099917017409097,0.099917017409097,"all","linear"
"486",4,1.42704853800327,1.67792588146403,"Exp1","mixed","IP",0,1.41576541418417,0.180722250539114,1.41692678556432,0.0528478827459297,0,0.296043755562466,0.0528478827459297,0.94715211725407,0.0528478827459297,0.0528478827459297,"all","linear"
"487",4,0.4,0.453932835519026,"Exp1","mixed","IP",0,0.493649848234732,0.083005893430342,0.49412900459316,0.692071017557189,0,1.07595754117039,0.692071017557189,0.307928982442811,0.692071017557189,0.692071017557189,"all","linear"
"488",4,1.69705627484772,1.69388599827698,"Exp1","mixed","IP",0,1.66173311797471,0.206866857190028,1.66335358398862,0.0729848515894866,0,0.160906098915591,0.0729848515894866,0.927015148410513,0.0729848515894866,0.0729848515894866,"all","linear"
"489",4,0.4,0.469939913976305,"Exp1","mixed","IP",0,0.493649848234732,0.083005893430342,0.493383665201559,0.692071017557189,0,1.06697816565841,0.692071017557189,0.307928982442811,0.692071017557189,0.692071017557189,"all","linear"
"490",4,0.8,0.66193031016428,"Exp1","mixed","IP",0,0.562416254156143,0.0843600583321388,0.562315215431534,0.897389669117084,0,1.05869899951981,0.897389669117084,0.102610330882916,0.897389669117084,0.897389669117084,"all","linear"
"491",4,2.01815139660892,2.06984412466272,"Exp1","mixed","IP",0,1.93764908267669,0.237504076663634,1.93688409438795,0.099917017409097,0,0.0249081524673173,0.099917017409097,0.900082982590903,0.099917017409097,0.099917017409097,"all","linear"
"492",4,0.8,0.805926528352302,"Exp1","mixed","IP",0,0.562416254156143,0.0843600583321388,0.562248713910525,0.897389669117084,0,1.050972839141,0.897389669117084,0.102610330882916,0.897389669117084,0.897389669117084,"all","linear"
"493",4,0.565685424949238,0.517953685245175,"Exp1","mixed","IP",0,0.540887981984367,0.083815911630815,0.541146267942173,0.815515960267574,0,1.06221058423586,0.815515960267574,0.184484039732426,0.815515960267574,0.815515960267574,"all","linear"
"494",4,0.475682846001088,0.573925122613218,"Exp1","mixed","IP",0,0.520930683598545,0.083443546367526,0.521300412568637,0.75901171074945,0,1.0686166610951,0.75901171074945,0.24098828925055,0.75901171074945,0.75901171074945,"all","linear"
"495",4,2.4,2.38182680794534,"Exp1","mixed","IP",0,2.23930409227492,0.272698590669161,2.23983073659721,0.135228137467624,0,-0.120236766545062,0.135228137467624,0.864771862532375,0.135228137467624,0.135228137467624,"all","linear"
"496",4,0.565685424949238,0.565978341662685,"Exp1","mixed","IP",0,0.540887981984367,0.083815911630815,0.541302715939695,0.815515960267574,0,1.06020536645584,0.815515960267574,0.184484039732426,0.815515960267574,0.815515960267574,"all","linear"
"497",4,0.4,0.445921676685884,"Exp1","mixed","IP",0,0.493649848234732,0.083005893430342,0.49374287561032,0.692071017557189,0,1.07308323223247,0.692071017557189,0.307928982442811,0.692071017557189,0.692071017557189,"all","linear"
"498",4,2.01815139660892,2.10990116284484,"Exp1","mixed","IP",0,1.93764908267669,0.237504076663634,1.93603619884492,0.099917017409097,0,0.023903835349497,0.099917017409097,0.900082982590903,0.099917017409097,0.099917017409097,"all","linear"
"499",4,0.672717132202972,0.661964209629332,"Exp1","mixed","IP",0,0.554317718397347,0.0841200245229717,0.554944021281206,0.861372498676148,0,1.05911771808325,0.861372498676148,0.138627501323852,0.861372498676148,0.861372498676148,"all","linear"
"500",4,0.565685424949238,0.645955265146767,"Exp1","mixed","IP",0,0.540887981984367,0.083815911630815,0.540948745109631,0.815515960267574,0,1.0620469271759,0.815515960267574,0.184484039732426,0.815515960267574,0.815515960267574,"all","linear"
"501",4,1.42704853800327,1.24585263373956,"Exp1","mixed","IP",0,1.41576541418417,0.180722250539114,1.41447777976604,0.0528478827459297,0,0.287163317907213,0.0528478827459297,0.94715211725407,0.0528478827459297,0.0528478827459297,"all","linear"
"502",4,2.01815139660892,1.5659394661302,"Exp1","mixed","IP",0,1.93764908267669,0.237504076663634,1.93688861446333,0.099917017409097,0,0.023170492245111,0.099917017409097,0.900082982590903,0.099917017409097,0.099917017409097,"all","linear"
"503",4,0.672717132202972,0.701970554116087,"Exp1","mixed","IP",0,0.554317718397347,0.0841200245229717,0.554926304756002,0.861372498676148,0,1.05960305217894,0.861372498676148,0.138627501323852,0.861372498676148,0.861372498676148,"all","linear"
"504",4,2.01815139660892,2.06183327683402,"Exp1","mixed","IP",0,1.93764908267669,0.237504076663634,1.93814950453254,0.099917017409097,0,0.017835647867893,0.099917017409097,0.900082982590903,0.099917017409097,0.099917017409097,"all","linear"
"505",4,0.475682846001088,0.549975306261331,"Exp1","mixed","IP",0,0.520930683598545,0.083443546367526,0.521101398711057,0.75901171074945,0,1.06363550611579,0.75901171074945,0.24098828925055,0.75901171074945,0.75901171074945,"all","linear"
"506",4,0.8,0.773924189600166,"Exp1","mixed","IP",0,0.562416254156143,0.0843600583321388,0.562395089321323,0.897389669117084,0,1.05779127490117,0.897389669117084,0.102610330882916,0.897389669117084,0.897389669117084,"all","linear"
"507",4,1.2,0.941953573283627,"Exp1","mixed","IP",0,1.20052833104764,0.158813988343264,1.19924073787924,0.0380172741905912,0,0.418076999851713,0.0380172741905912,0.961982725809409,0.0380172741905912,0.0380172741905912,"all","linear"
"508",4,0.672717132202972,0.589892081520247,"Exp1","mixed","IP",0,0.554317718397347,0.0841200245229717,0.554300191695863,0.861372498676148,0,1.05374979687716,0.861372498676148,0.138627501323852,0.861372498676148,0.861372498676148,"all","linear"
"509",4,1.42704853800327,1.39795859911192,"Exp1","mixed","IP",0,1.41576541418417,0.180722250539114,1.41572369995648,0.0528478827459297,0,0.291880516466111,0.0528478827459297,0.94715211725407,0.0528478827459297,0.0528478827459297,"all","linear"
"510",4,2.4,2.56586638012777,"Exp1","mixed","IP",0,2.23930409227492,0.272698590669161,2.24011070460579,0.135228137467624,0,-0.118687438602592,0.135228137467624,0.864771862532375,0.135228137467624,0.135228137467624,"all","linear"
"511",4,0.672717132202972,0.54199120479916,"Exp1","mixed","IP",0,0.554317718397347,0.0841200245229717,0.554031849098401,0.861372498676148,0,1.06093116227109,0.861372498676148,0.138627501323852,0.861372498676148,0.861372498676148,"all","linear"
"512",4,0.4,0.493930782890857,"Exp1","mixed","IP",0,0.493649848234732,0.083005893430342,0.493021161435816,0.692071017557189,0,1.06802218675653,0.692071017557189,0.307928982442811,0.692071017557189,0.692071017557189,"all","linear"
"513",4,1.2,0.925898911174045,"Exp1","mixed","IP",0,1.20052833104764,0.158813988343264,1.1999835863397,0.0380172741905912,0,0.424557276755736,0.0380172741905912,0.961982725809409,0.0380172741905912,0.0380172741905912,"all","linear"
"514",4,1.69705627484772,1.82990184705386,"Exp1","mixed","IP",0,1.66173311797471,0.206866857190028,1.66069553872443,0.0729848515894866,0,0.160674349991788,0.0729848515894866,0.927015148410513,0.0729848515894866,0.0729848515894866,"all","linear"
"515",4,1.69705627484772,1.46988331120019,"Exp1","mixed","IP",0,1.66173311797471,0.206866857190028,1.66202186263281,0.0729848515894866,0,0.159865733383026,0.0729848515894866,0.927015148410513,0.0729848515894866,0.0729848515894866,"all","linear"
"516",4,1.42704853800327,1.50983678496186,"Exp1","mixed","IP",0,1.41576541418417,0.180722250539114,1.41547414021782,0.0528478827459297,0,0.29779850261863,0.0528478827459297,0.94715211725407,0.0528478827459297,0.0528478827459297,"all","linear"
"517",4,0.475682846001088,0.4779893263335,"Exp1","mixed","IP",0,0.520930683598545,0.083443546367526,0.521069101250235,0.75901171074945,0,1.06327484875619,0.75901171074945,0.24098828925055,0.75901171074945,0.75901171074945,"all","linear"
"518",4,2.4,1.87784222131677,"Exp1","mixed","IP",0,2.23930409227492,0.272698590669161,2.23855557761018,0.135228137467624,0,-0.116158268365822,0.135228137467624,0.864771862532375,0.135228137467624,0.135228137467624,"all","linear"
"519",4,0.4,0.453932213510598,"Exp1","mixed","IP",0,0.493649848234732,0.083005893430342,0.49398427467455,0.692071017557189,0,1.07763776677479,0.692071017557189,0.307928982442811,0.692071017557189,0.692071017557189,"all","linear"
"520",4,1.2,0.925858480619809,"Exp1","mixed","IP",0,1.20052833104764,0.158813988343264,1.20055114383251,0.0380172741905912,0,0.427093165072605,0.0380172741905912,0.961982725809409,0.0380172741905912,0.0380172741905912,"all","linear"
"521",4,0.8,0.717935024988947,"Exp1","mixed","IP",0,0.562416254156143,0.0843600583321388,0.563020711084473,0.897389669117084,0,1.05733577863709,0.897389669117084,0.102610330882916,0.897389669117084,0.897389669117084,"all","linear"
"522",4,0.672717132202972,0.525973863201671,"Exp1","mixed","IP",0,0.554317718397347,0.0841200245229717,0.554427365581739,0.861372498676148,0,1.05791653373328,0.861372498676148,0.138627501323852,0.861372498676148,0.861372498676148,"all","linear"
"523",4,0.475682846001088,0.525991901448833,"Exp1","mixed","IP",0,0.520930683598545,0.083443546367526,0.520093343305084,0.75901171074945,0,1.06447308391825,0.75901171074945,0.24098828925055,0.75901171074945,0.75901171074945,"all","linear"
"524",4,2.01815139660892,2.0379136278957,"Exp1","mixed","IP",0,1.93764908267669,0.237504076663634,1.93611903060097,0.099917017409097,0,0.0254088711108247,0.099917017409097,0.900082982590903,0.099917017409097,0.099917017409097,"all","linear"
"525",4,0.4,0.501975219180167,"Exp1","mixed","IP",0,0.493649848234732,0.083005893430342,0.493332052246521,0.692071017557189,0,1.07604872335485,0.692071017557189,0.307928982442811,0.692071017557189,0.692071017557189,"all","linear"
"526",4,0.565685424949238,0.461977582812779,"Exp1","mixed","IP",0,0.540887981984367,0.083815911630815,0.540865642836535,0.815515960267574,0,1.06535913766345,0.815515960267574,0.184484039732426,0.815515960267574,0.815515960267574,"all","linear"
"527",4,1.2,1.22986048348685,"Exp1","mixed","IP",0,1.20052833104764,0.158813988343264,1.19959017441417,0.0380172741905912,0,0.423082699250937,0.0380172741905912,0.961982725809409,0.0380172741905912,0.0380172741905912,"all","linear"
"528",4,1.42704853800327,1.30992790921118,"Exp1","mixed","IP",0,1.41576541418417,0.180722250539114,1.4163481423901,0.0528478827459297,0,0.296661437379014,0.0528478827459297,0.94715211725407,0.0528478827459297,0.0528478827459297,"all","linear"
"529",4,2.01815139660892,1.7738492375729,"Exp1","mixed","IP",0,1.93764908267669,0.237504076663634,1.93964718842367,0.099917017409097,0,0.0220266684901715,0.099917017409097,0.900082982590903,0.099917017409097,0.099917017409097,"all","linear"
"530",4,1.2,1.33386062032878,"Exp1","mixed","IP",0,1.20052833104764,0.158813988343264,1.20170452708737,0.0380172741905912,0,0.42097447673527,0.0380172741905912,0.961982725809409,0.0380172741905912,0.0380172741905912,"all","linear"
"531",4,0.475682846001088,0.493798917083041,"Exp1","mixed","IP",0,0.520930683598545,0.083443546367526,0.521164421285948,0.75901171074945,0,1.06883337222299,0.75901171074945,0.24098828925055,0.75901171074945,0.75901171074945,"all","linear"
"532",4,2.01815139660892,2.04585138972243,"Exp1","mixed","IP",0,1.93764908267669,0.237504076663634,1.93711045311479,0.099917017409097,0,0.0211828228160428,0.099917017409097,0.900082982590903,0.099917017409097,0.099917017409097,"all","linear"
"533",4,0.475682846001088,0.47792401543802,"Exp1","mixed","IP",0,0.520930683598545,0.083443546367526,0.520515513651719,0.75901171074945,0,1.0685025409735,0.75901171074945,0.24098828925055,0.75901171074945,0.75901171074945,"all","linear"
"534",4,0.565685424949238,0.5179897617395,"Exp1","mixed","IP",0,0.540887981984367,0.083815911630815,0.540897510263171,0.815515960267574,0,1.05951515849505,0.815515960267574,0.184484039732426,0.815515960267574,0.815515960267574,"all","linear"
"535",4,0.672717132202972,0.661863755251943,"Exp1","mixed","IP",0,0.554317718397347,0.0841200245229717,0.554825415692257,0.861372498676148,0,1.05590141883521,0.861372498676148,0.138627501323852,0.861372498676148,0.861372498676148,"all","linear"
"536",4,0.8,0.733920955156009,"Exp1","mixed","IP",0,0.562416254156143,0.0843600583321388,0.562617383091808,0.897389669117084,0,1.05140523474353,0.897389669117084,0.102610330882916,0.897389669117084,0.897389669117084,"all","linear"
"537",4,2.4,2.25390857718639,"Exp1","mixed","IP",0,2.23930409227492,0.272698590669161,2.23953492158981,0.135228137467624,0,-0.115698535809581,0.135228137467624,0.864771862532375,0.135228137467624,0.135228137467624,"all","linear"
"538",4,1.42704853800327,1.54191687478033,"Exp1","mixed","IP",0,1.41576541418417,0.180722250539114,1.41580281874011,0.0528478827459297,0,0.292851635681405,0.0528478827459297,0.94715211725407,0.0528478827459297,0.0528478827459297,"all","linear"
"539",4,0.565685424949238,0.589950550321646,"Exp1","mixed","IP",0,0.540887981984367,0.083815911630815,0.541703230892205,0.815515960267574,0,1.06438987999883,0.815515960267574,0.184484039732426,0.815515960267574,0.815515960267574,"all","linear"
"540",4,1.2,1.38187065954662,"Exp1","mixed","IP",0,1.20052833104764,0.158813988343264,1.20064989469714,0.0380172741905912,0,0.415804100301518,0.0380172741905912,0.961982725809409,0.0380172741905912,0.0380172741905912,"all","linear"
"541",4,0.672717132202972,0.669946445065307,"Exp1","mixed","IP",0,0.554317718397347,0.0841200245229717,0.554471556226637,0.861372498676148,0,1.06047858216966,0.861372498676148,0.138627501323852,0.861372498676148,0.861372498676148,"all","linear"
"542",4,0.8,0.757907159007118,"Exp1","mixed","IP",0,0.562416254156143,0.0843600583321388,0.562208385102947,0.897389669117084,0,1.0569995510188,0.897389669117084,0.102610330882916,0.897389669117084,0.897389669117084,"all","linear"
"543",4,0.565685424949238,0.709942215407864,"Exp1","mixed","IP",0,0.540887981984367,0.083815911630815,0.540992257495179,0.815515960267574,0,1.06568490357254,0.815515960267574,0.184484039732426,0.815515960267574,0.815515960267574,"all","linear"
"544",4,0.8,0.693895950413662,"Exp1","mixed","IP",0,0.562416254156143,0.0843600583321388,0.562828969732151,0.897389669117084,0,1.05385458054557,0.897389669117084,0.102610330882916,0.897389669117084,0.897389669117084,"all","linear"
"545",4,0.4,0.453979175154473,"Exp1","mixed","IP",0,0.493649848234732,0.083005893430342,0.493411822913375,0.692071017557189,0,1.06790100742565,0.692071017557189,0.307928982442811,0.692071017557189,0.692071017557189,"all","linear"
"546",4,1.69705627484772,1.55785522129509,"Exp1","mixed","IP",0,1.66173311797471,0.206866857190028,1.66013460792623,0.0729848515894866,0,0.158475048022995,0.0729848515894866,0.927015148410513,0.0729848515894866,0.0729848515894866,"all","linear"
"547",4,2.4,2.46987180404221,"Exp1","mixed","IP",0,2.23930409227492,0.272698590669161,2.23771412860236,0.135228137467624,0,-0.120466040941936,0.135228137467624,0.864771862532375,0.135228137467624,0.135228137467624,"all","linear"
"548",4,1.69705627484772,1.89384059165423,"Exp1","mixed","IP",0,1.66173311797471,0.206866857190028,1.66198291462922,0.0729848515894866,0,0.15592494490911,0.0729848515894866,0.927015148410513,0.0729848515894866,0.0729848515894866,"all","linear"
"549",4,2.4,2.19782673330428,"Exp1","mixed","IP",0,2.23930409227492,0.272698590669161,2.2383787265227,0.135228137467624,0,-0.114804404402746,0.135228137467624,0.864771862532375,0.135228137467624,0.135228137467624,"all","linear"
"550",4,0.672717132202972,0.653932835519299,"Exp1","mixed","IP",0,0.554317718397347,0.0841200245229717,0.554381037808899,0.861372498676148,0,1.05727873927155,0.861372498676148,0.138627501323852,0.861372498676148,0.861372498676148,"all","linear"
"551",4,0.475682846001088,0.389946196261917,"Exp1","mixed","IP",0,0.520930683598545,0.083443546367526,0.521306325320399,0.75901171074945,0,1.06518509718157,0.75901171074945,0.24098828925055,0.75901171074945,0.75901171074945,"all","linear"
"552",4,1.69705627484772,1.65385695047871,"Exp1","mixed","IP",0,1.66173311797471,0.206866857190028,1.6612676781412,0.0729848515894866,0,0.156727760955848,0.0729848515894866,0.927015148410513,0.0729848515894866,0.0729848515894866,"all","linear"
"553",4,1.42704853800327,1.36582688258659,"Exp1","mixed","IP",0,1.41576541418417,0.180722250539114,1.41620140331461,0.0528478827459297,0,0.298117314944042,0.0528478827459297,0.94715211725407,0.0528478827459297,0.0528478827459297,"all","linear"
"554",5,0.475682846001088,0.941881731298054,"Exp1","mixed","IP",0,0.554631052039525,0.0978647108980193,0.554454768658551,0.525638070781049,0,0.909061864709211,0.525638070781049,0.474361929218951,0.525638070781049,0.525638070781049,"all","linear"
"555",5,2.01815139660892,1.24586476290551,"Exp1","mixed","IP",0,1.77488954746796,0.317138471358826,1.77509491202213,0.309872125525914,0,-0.260047234534159,0.309872125525914,0.690127874474086,0.309872125525914,0.309872125525914,"all","linear"
"556",5,0.565685424949238,0.557900627917661,"Exp1","mixed","IP",0,0.602399408008999,0.100924159701171,0.602501785304009,0.609230531912102,0,0.879454578417192,0.609230531912102,0.390769468087898,0.609230531912102,0.609230531912102,"all","linear"
"557",5,0.8,0.725907930297581,"Exp1","mixed","IP",0,0.668594244143631,0.10610778258159,0.668845463985861,0.755513627437255,0,0.828392165043678,0.755513627437255,0.244486372562745,0.755513627437255,0.755513627437255,"all","linear"
"558",5,1.42704853800327,1.3819297503569,"Exp1","mixed","IP",0,1.39184474329477,0.249029456492216,1.39205557034099,0.184877791289157,0,-0.0364054920323413,0.184877791289157,0.815122208710843,0.184877791289157,0.184877791289157,"all","linear"
"559",5,2.01815139660892,1.78985289498269,"Exp1","mixed","IP",0,1.77488954746796,0.317138471358826,1.77605240180743,0.309872125525914,0,-0.270589304891721,0.309872125525914,0.690127874474086,0.309872125525914,0.309872125525914,"all","linear"
"560",5,1.69705627484772,1.35792364223289,"Exp1","mixed","IP",0,1.5852429019823,0.282086796612648,1.58612425790987,0.241994527749552,0,-0.153257656737492,0.241994527749552,0.758005472250448,0.241994527749552,0.241994527749552,"all","linear"
"561",5,2.01815139660892,1.67788607291732,"Exp1","mixed","IP",0,1.77488954746796,0.317138471358826,1.77367484657161,0.309872125525914,0,-0.265891262799861,0.309872125525914,0.690127874474086,0.309872125525914,0.309872125525914,"all","linear"
"562",5,2.4,1.87789602505472,"Exp1","mixed","IP",0,1.94770277007942,0.352964805530733,1.94553081438159,0.386910601905972,0,-0.37546276325282,0.386910601905972,0.613089398094028,0.386910601905972,0.386910601905972,"all","linear"
"563",5,1.69705627484772,1.46190325279349,"Exp1","mixed","IP",0,1.5852429019823,0.282086796612648,1.58161712573172,0.241994527749552,0,-0.148356776096969,0.241994527749552,0.758005472250448,0.241994527749552,0.241994527749552,"all","linear"
"564",5,1.69705627484772,2.00586183946598,"Exp1","mixed","IP",0,1.5852429019823,0.282086796612648,1.58479171287752,0.241994527749552,0,-0.151829059739375,0.241994527749552,0.758005472250448,0.241994527749552,0.241994527749552,"all","linear"
"565",5,1.42704853800327,1.44588746621685,"Exp1","mixed","IP",0,1.39184474329477,0.249029456492216,1.3908645377023,0.184877791289157,0,-0.0294573029375865,0.184877791289157,0.815122208710843,0.184877791289157,0.184877791289157,"all","linear"
"566",5,0.672717132202972,0.989920071904635,"Exp1","mixed","IP",0,0.640634267227598,0.103703756628507,0.640581374490204,0.686946165183358,0,0.846676626417427,0.686946165183358,0.313053834816642,0.686946165183358,0.686946165183358,"all","linear"
"567",5,0.4,0.437924513044891,"Exp1","mixed","IP",0,0.499492191580292,0.0946724193342389,0.499566355242022,0.440609836427806,0,0.945074932534385,0.440609836427806,0.559390163572194,0.440609836427806,0.440609836427806,"all","linear"
"568",5,0.475682846001088,0.453953983808788,"Exp1","mixed","IP",0,0.554631052039525,0.0978647108980193,0.554560048917692,0.525638070781049,0,0.904507964384342,0.525638070781049,0.474361929218951,0.525638070781049,0.525638070781049,"all","linear"
"569",5,0.672717132202972,0.717950264198407,"Exp1","mixed","IP",0,0.640634267227598,0.103703756628507,0.641164944684536,0.686946165183358,0,0.851635292754871,0.686946165183358,0.313053834816642,0.686946165183358,0.686946165183358,"all","linear"
"570",5,0.672717132202972,0.789870000217888,"Exp1","mixed","IP",0,0.640634267227598,0.103703756628507,0.640245998690238,0.686946165183358,0,0.851054660491241,0.686946165183358,0.313053834816642,0.686946165183358,0.686946165183358,"all","linear"
"571",5,0.475682846001088,0.733970093829157,"Exp1","mixed","IP",0,0.554631052039525,0.0978647108980193,0.554071994934145,0.525638070781049,0,0.90547311948651,0.525638070781049,0.474361929218951,0.525638070781049,0.525638070781049,"all","linear"
"572",5,0.565685424949238,0.605936480488708,"Exp1","mixed","IP",0,0.602399408008999,0.100924159701171,0.602489533660611,0.609230531912102,0,0.876397474573468,0.609230531912102,0.390769468087898,0.609230531912102,0.609230531912102,"all","linear"
"573",5,2.4,1.58992007190409,"Exp1","mixed","IP",0,1.94770277007942,0.352964805530733,1.9439863127635,0.386910601905972,0,-0.367744190990513,0.386910601905972,0.613089398094028,0.386910601905972,0.386910601905972,"all","linear"
"574",5,2.01815139660892,2.07787207772617,"Exp1","mixed","IP",0,1.77488954746796,0.317138471358826,1.77719333131529,0.309872125525914,0,-0.262825666001935,0.309872125525914,0.690127874474086,0.309872125525914,0.309872125525914,"all","linear"
"575",5,1.42704853800327,1.8618905016192,"Exp1","mixed","IP",0,1.39184474329477,0.249029456492216,1.39046640784963,0.184877791289157,0,-0.0194283197334783,0.184877791289157,0.815122208710843,0.184877791289157,0.184877791289157,"all","linear"
"576",5,1.42704853800327,1.72586563371806,"Exp1","mixed","IP",0,1.39184474329477,0.249029456492216,1.39134711472922,0.184877791289157,0,-0.0290213277256296,0.184877791289157,0.815122208710843,0.184877791289157,0.184877791289157,"all","linear"
"577",5,0.565685424949238,0.597987833512889,"Exp1","mixed","IP",0,0.602399408008999,0.100924159701171,0.602790302317515,0.609230531912102,0,0.876118045638211,0.609230531912102,0.390769468087898,0.609230531912102,0.609230531912102,"all","linear"
"578",5,1.2,1.53395298859505,"Exp1","mixed","IP",0,1.20526520340828,0.218849612311406,1.20556853091368,0.138672506834877,0,0.103584062708669,0.138672506834877,0.861327493165123,0.138672506834877,0.138672506834877,"all","linear"
"579",5,1.2,1.34990937335715,"Exp1","mixed","IP",0,1.20526520340828,0.218849612311406,1.20553871394189,0.138672506834877,0,0.102379510775154,0.138672506834877,0.861327493165123,0.138672506834877,0.138672506834877,"all","linear"
"580",5,0.8,1.04587875809739,"Exp1","mixed","IP",0,0.668594244143631,0.10610778258159,0.667885547712781,0.755513627437255,0,0.829712360323018,0.755513627437255,0.244486372562745,0.755513627437255,0.755513627437255,"all","linear"
"581",5,1.2,1.35788507770394,"Exp1","mixed","IP",0,1.20526520340828,0.218849612311406,1.2048985759577,0.138672506834877,0,0.0947442359298905,0.138672506834877,0.861327493165123,0.138672506834877,0.138672506834877,"all","linear"
"582",5,1.2,1.2619160039676,"Exp1","mixed","IP",0,1.20526520340828,0.218849612311406,1.20609252184245,0.138672506834877,0,0.101363477692996,0.138672506834877,0.861327493165123,0.138672506834877,0.138672506834877,"all","linear"
"583",5,0.4,0.45394931874489,"Exp1","mixed","IP",0,0.499492191580292,0.0946724193342389,0.499488332425927,0.440609836427806,0,0.941965478772939,0.440609836427806,0.559390163572194,0.440609836427806,0.440609836427806,"all","linear"
"584",5,1.69705627484772,1.80593026040424,"Exp1","mixed","IP",0,1.5852429019823,0.282086796612648,1.5829453306276,0.241994527749552,0,-0.150758746867721,0.241994527749552,0.758005472250448,0.241994527749552,0.241994527749552,"all","linear"
"585",5,0.4,0.637914871913381,"Exp1","mixed","IP",0,0.499492191580292,0.0946724193342389,0.500018726029078,0.440609836427806,0,0.937415233519863,0.440609836427806,0.559390163572194,0.440609836427806,0.440609836427806,"all","linear"
"586",5,2.4,2.28584062897517,"Exp1","mixed","IP",0,1.94770277007942,0.352964805530733,1.94833156914109,0.386910601905972,0,-0.375995401727671,0.386910601905972,0.613089398094028,0.386910601905972,0.386910601905972,"all","linear"
"587",5,1.42704853800327,1.31786193898643,"Exp1","mixed","IP",0,1.39184474329477,0.249029456492216,1.39364940563483,0.184877791289157,0,-0.0252071663894869,0.184877791289157,0.815122208710843,0.184877791289157,0.184877791289157,"all","linear"
"588",5,2.01815139660892,1.98314359999858,"Exp1","mixed","IP",0,1.77488954746796,0.317138471358826,1.77450884698042,0.309872125525914,0,-0.266296324015937,0.309872125525914,0.690127874474086,0.309872125525914,0.309872125525914,"all","linear"
"589",5,2.4,1.92229965882871,"Exp1","mixed","IP",0,1.94770277007942,0.352964805530733,1.94615324543369,0.386910601905972,0,-0.375107975679092,0.386910601905972,0.613089398094028,0.386910601905972,0.386910601905972,"all","linear"
"590",5,0.475682846001088,0.669858430858767,"Exp1","mixed","IP",0,0.554631052039525,0.0978647108980193,0.554554864032235,0.525638070781049,0,0.904285347665662,0.525638070781049,0.474361929218951,0.525638070781049,0.525638070781049,"all","linear"
"591",5,2.4,2.58991074177538,"Exp1","mixed","IP",0,1.94770277007942,0.352964805530733,1.95071968489028,0.386910601905972,0,-0.372174885317789,0.386910601905972,0.613089398094028,0.386910601905972,0.386910601905972,"all","linear"
"592",5,1.69705627484772,1.34985028254778,"Exp1","mixed","IP",0,1.5852429019823,0.282086796612648,1.58546069016326,0.241994527749552,0,-0.152637177325727,0.241994527749552,0.758005472250448,0.241994527749552,0.241994527749552,"all","linear"
"593",5,0.672717132202972,0.486001418179512,"Exp1","mixed","IP",0,0.640634267227598,0.103703756628507,0.640227602320121,0.686946165183358,0,0.855350877394751,0.686946165183358,0.313053834816642,0.686946165183358,0.686946165183358,"all","linear"
"594",5,1.69705627484772,1.40592528433535,"Exp1","mixed","IP",0,1.5852429019823,0.282086796612648,1.58315561765147,0.241994527749552,0,-0.154900681270545,0.241994527749552,0.758005472250448,0.241994527749552,0.241994527749552,"all","linear"
"595",5,0.8,0.901915506361547,"Exp1","mixed","IP",0,0.668594244143631,0.10610778258159,0.668801214529792,0.755513627437255,0,0.827216384468419,0.755513627437255,0.244486372562745,0.755513627437255,0.755513627437255,"all","linear"
"596",5,2.01815139660892,1.19787773800363,"Exp1","mixed","IP",0,1.77488954746796,0.317138471358826,1.77459469527792,0.309872125525914,0,-0.269907674496032,0.309872125525914,0.690127874474086,0.309872125525914,0.309872125525914,"all","linear"
"597",5,1.69705627484772,1.83790647479782,"Exp1","mixed","IP",0,1.5852429019823,0.282086796612648,1.58568461924495,0.241994527749552,0,-0.151367298557419,0.241994527749552,0.758005472250448,0.241994527749552,0.241994527749552,"all","linear"
"598",5,1.42704853800327,1.4698876652601,"Exp1","mixed","IP",0,1.39184474329477,0.249029456492216,1.39159567664049,0.184877791289157,0,-0.0224191491885872,0.184877791289157,0.815122208710843,0.184877791289157,0.184877791289157,"all","linear"
"599",5,1.2,1.4618908126231,"Exp1","mixed","IP",0,1.20526520340828,0.218849612311406,1.20639976303649,0.138672506834877,0,0.0950900178225314,0.138672506834877,0.861327493165123,0.138672506834877,0.138672506834877,"all","linear"
"600",5,1.2,0.821879181063196,"Exp1","mixed","IP",0,1.20526520340828,0.218849612311406,1.20661885898056,0.138672506834877,0,0.103729637792792,0.138672506834877,0.861327493165123,0.138672506834877,0.138672506834877,"all","linear"
"601",5,1.42704853800327,0.909949057501763,"Exp1","mixed","IP",0,1.39184474329477,0.249029456492216,1.39355474565162,0.184877791289157,0,-0.0250855975197773,0.184877791289157,0.815122208710843,0.184877791289157,0.184877791289157,"all","linear"
"602",5,0.565685424949238,0.941945487172234,"Exp1","mixed","IP",0,0.602399408008999,0.100924159701171,0.601906212168669,0.609230531912102,0,0.876476696184448,0.609230531912102,0.390769468087898,0.609230531912102,0.609230531912102,"all","linear"
"603",5,1.2,1.52587807388772,"Exp1","mixed","IP",0,1.20526520340828,0.218849612311406,1.20515816983761,0.138672506834877,0,0.10127784034097,0.138672506834877,0.861327493165123,0.138672506834877,0.138672506834877,"all","linear"
"604",5,1.69705627484772,1.0219444919594,"Exp1","mixed","IP",0,1.5852429019823,0.282086796612648,1.5861505666903,0.241994527749552,0,-0.15325854618863,0.241994527749552,0.758005472250448,0.241994527749552,0.241994527749552,"all","linear"
"605",5,0.475682846001088,0.709950612522334,"Exp1","mixed","IP",0,0.554631052039525,0.0978647108980193,0.55425555459249,0.525638070781049,0,0.903933420109583,0.525638070781049,0.474361929218951,0.525638070781049,0.525638070781049,"all","linear"
"606",5,0.4,0.381962405804188,"Exp1","mixed","IP",0,0.499492191580292,0.0946724193342389,0.500230507513309,0.440609836427806,0,0.944147337583023,0.440609836427806,0.559390163572194,0.440609836427806,0.440609836427806,"all","linear"
"607",5,2.01815139660892,1.50190182217375,"Exp1","mixed","IP",0,1.77488954746796,0.317138471358826,1.7774765105366,0.309872125525914,0,-0.264647222129808,0.309872125525914,0.690127874474086,0.309872125525914,0.309872125525914,"all","linear"
"608",5,2.01815139660892,1.05389147195183,"Exp1","mixed","IP",0,1.77488954746796,0.317138471358826,1.77189738073134,0.309872125525914,0,-0.267566673299208,0.309872125525914,0.690127874474086,0.309872125525914,0.309872125525914,"all","linear"
"609",5,0.672717132202972,0.597932163749647,"Exp1","mixed","IP",0,0.640634267227598,0.103703756628507,0.640528908233391,0.686946165183358,0,0.848358908721666,0.686946165183358,0.313053834816642,0.686946165183358,0.686946165183358,"all","linear"
"610",5,2.4,2.55784744618813,"Exp1","mixed","IP",0,1.94770277007942,0.352964805530733,1.94630519188937,0.386910601905972,0,-0.378877053377703,0.386910601905972,0.613089398094028,0.386910601905972,0.386910601905972,"all","linear"
"611",5,0.4,0.98193348240784,"Exp1","mixed","IP",0,0.499492191580292,0.0946724193342389,0.499429493032005,0.440609836427806,0,0.947314406279979,0.440609836427806,0.559390163572194,0.440609836427806,0.440609836427806,"all","linear"
"612",5,0.8,0.566009753093567,"Exp1","mixed","IP",0,0.668594244143631,0.10610778258159,0.668615776480105,0.755513627437255,0,0.827584728737492,0.755513627437255,0.244486372562745,0.755513627437255,0.755513627437255,"all","linear"
"613",5,0.8,0.797990321547331,"Exp1","mixed","IP",0,0.668594244143631,0.10610778258159,0.669102706495728,0.755513627437255,0,0.82061221097116,0.755513627437255,0.244486372562745,0.755513627437255,0.755513627437255,"all","linear"
"614",5,0.565685424949238,0.63793477618583,"Exp1","mixed","IP",0,0.602399408008999,0.100924159701171,0.602112632966078,0.609230531912102,0,0.870462082247564,0.609230531912102,0.390769468087898,0.609230531912102,0.609230531912102,"all","linear"
"615",5,0.475682846001088,0.861920669031861,"Exp1","mixed","IP",0,0.554631052039525,0.0978647108980193,0.554974319650007,0.525638070781049,0,0.906758950116934,0.525638070781049,0.474361929218951,0.525638070781049,0.525638070781049,"all","linear"
"616",5,0.4,0.405937102497774,"Exp1","mixed","IP",0,0.499492191580292,0.0946724193342389,0.499646043740157,0.440609836427806,0,0.940445726246169,0.440609836427806,0.559390163572194,0.440609836427806,0.440609836427806,"all","linear"
"617",5,0.672717132202972,1.02991646425471,"Exp1","mixed","IP",0,0.640634267227598,0.103703756628507,0.640307344168334,0.686946165183358,0,0.847883421778446,0.686946165183358,0.313053834816642,0.686946165183358,0.686946165183358,"all","linear"
"618",5,0.8,0.533901050883287,"Exp1","mixed","IP",0,0.668594244143631,0.10610778258159,0.667977774262398,0.755513627437255,0,0.83187138344696,0.755513627437255,0.244486372562745,0.755513627437255,0.755513627437255,"all","linear"
"619",5,1.2,0.933878658576759,"Exp1","mixed","IP",0,1.20526520340828,0.218849612311406,1.20600412039451,0.138672506834877,0,0.100591937542468,0.138672506834877,0.861327493165123,0.138672506834877,0.138672506834877,"all","linear"
"620",5,0.672717132202972,0.605918442241091,"Exp1","mixed","IP",0,0.640634267227598,0.103703756628507,0.640080328475377,0.686946165183358,0,0.85028296385942,0.686946165183358,0.313053834816642,0.686946165183358,0.686946165183358,"all","linear"
"621",5,0.8,0.96591023172823,"Exp1","mixed","IP",0,0.668594244143631,0.10610778258159,0.668737108767024,0.755513627437255,0,0.826664360629344,0.755513627437255,0.244486372562745,0.755513627437255,0.755513627437255,"all","linear"
"622",5,1.69705627484772,1.71785198685029,"Exp1","mixed","IP",0,1.5852429019823,0.282086796612648,1.58383115818898,0.241994527749552,0,-0.14855317089085,0.241994527749552,0.758005472250448,0.241994527749552,0.241994527749552,"all","linear"
"623",5,2.4,2.29384245768051,"Exp1","mixed","IP",0,1.94770277007942,0.352964805530733,1.94711997692134,0.386910601905972,0,-0.371639267806978,0.386910601905972,0.613089398094028,0.386910601905972,0.386910601905972,"all","linear"
"624",5,1.42704853800327,1.8138496729789,"Exp1","mixed","IP",0,1.39184474329477,0.249029456492216,1.39365117174922,0.184877791289157,0,-0.024773703915784,0.184877791289157,0.815122208710843,0.184877791289157,0.184877791289157,"all","linear"
"625",5,0.475682846001088,0.75790404896361,"Exp1","mixed","IP",0,0.554631052039525,0.0978647108980193,0.55481674473344,0.525638070781049,0,0.903019423351084,0.525638070781049,0.474361929218951,0.525638070781049,0.525638070781049,"all","linear"
"626",5,2.01815139660892,2.2059585617917,"Exp1","mixed","IP",0,1.77488954746796,0.317138471358826,1.77377826506759,0.309872125525914,0,-0.275010813279106,0.309872125525914,0.690127874474086,0.309872125525914,0.309872125525914,"all","linear"
"627",5,1.69705627484772,1.23794472832196,"Exp1","mixed","IP",0,1.5852429019823,0.282086796612648,1.58632316815865,0.241994527749552,0,-0.145959708632346,0.241994527749552,0.758005472250448,0.241994527749552,0.241994527749552,"all","linear"
"628",5,0.565685424949238,0.437955613470876,"Exp1","mixed","IP",0,0.602399408008999,0.100924159701171,0.602444326091258,0.609230531912102,0,0.882088926393645,0.609230531912102,0.390769468087898,0.609230531912102,0.609230531912102,"all","linear"
"629",5,1.42704853800327,0.957911513066392,"Exp1","mixed","IP",0,1.39184474329477,0.249029456492216,1.39348648004167,0.184877791289157,0,-0.0304825111839686,0.184877791289157,0.815122208710843,0.184877791289157,0.184877791289157,"all","linear"
"630",5,0.4,0.461942750334856,"Exp1","mixed","IP",0,0.499492191580292,0.0946724193342389,0.498825923474479,0.440609836427806,0,0.943374073199885,0.440609836427806,0.559390163572194,0.440609836427806,0.440609836427806,"all","linear"
"631",5,0.475682846001088,0.605921241280157,"Exp1","mixed","IP",0,0.554631052039525,0.0978647108980193,0.553941656055842,0.525638070781049,0,0.904163733656785,0.525638070781049,0.474361929218951,0.525638070781049,0.525638070781049,"all","linear"
"632",5,0.8,0.621895975294137,"Exp1","mixed","IP",0,0.668594244143631,0.10610778258159,0.669007876540402,0.755513627437255,0,0.826852514731369,0.755513627437255,0.244486372562745,0.755513627437255,0.755513627437255,"all","linear"
"633",5,0.565685424949238,0.517934402980245,"Exp1","mixed","IP",0,0.602399408008999,0.100924159701171,0.603073660163338,0.609230531912102,0,0.878119683418679,0.609230531912102,0.390769468087898,0.609230531912102,0.609230531912102,"all","linear"
"634",5,0.4,0.381982932085521,"Exp1","mixed","IP",0,0.499492191580292,0.0946724193342389,0.499256733115758,0.440609836427806,0,0.932707292776234,0.440609836427806,0.559390163572194,0.440609836427806,0.440609836427806,"all","linear"
"635",5,1.42704853800327,0.989886794448466,"Exp1","mixed","IP",0,1.39184474329477,0.249029456492216,1.3906640704241,0.184877791289157,0,-0.02512819794211,0.184877791289157,0.815122208710843,0.184877791289157,0.184877791289157,"all","linear"
"636",5,0.8,1.329268020364,"Exp1","mixed","IP",0,0.668594244143631,0.10610778258159,0.667500329836587,0.755513627437255,0,0.832044497137296,0.755513627437255,0.244486372562745,0.755513627437255,0.755513627437255,"all","linear"
"637",5,0.565685424949238,1.0459154566006,"Exp1","mixed","IP",0,0.602399408008999,0.100924159701171,0.60221952401923,0.609230531912102,0,0.878529024459019,0.609230531912102,0.390769468087898,0.609230531912102,0.609230531912102,"all","linear"
"638",5,2.4,1.89995897853714,"Exp1","mixed","IP",0,1.94770277007942,0.352964805530733,1.94946989542031,0.386910601905972,0,-0.37367965081878,0.386910601905972,0.613089398094028,0.386910601905972,0.386910601905972,"all","linear"
"639",5,2.01815139660892,1.75791369009676,"Exp1","mixed","IP",0,1.77488954746796,0.317138471358826,1.77582444412407,0.309872125525914,0,-0.268554042610989,0.309872125525914,0.690127874474086,0.309872125525914,0.309872125525914,"all","linear"
"640",5,0.4,0.555791396999666,"Exp1","mixed","IP",0,0.499492191580292,0.0946724193342389,0.500135956624399,0.440609836427806,0,0.94540105788727,0.440609836427806,0.559390163572194,0.440609836427806,0.440609836427806,"all","linear"
"641",5,1.69705627484772,1.90190897527191,"Exp1","mixed","IP",0,1.5852429019823,0.282086796612648,1.58805603287617,0.241994527749552,0,-0.150047551421827,0.241994527749552,0.758005472250448,0.241994527749552,0.241994527749552,"all","linear"
"642",5,0.475682846001088,0.621996740675058,"Exp1","mixed","IP",0,0.554631052039525,0.0978647108980193,0.554465964525883,0.525638070781049,0,0.909303299005691,0.525638070781049,0.474361929218951,0.525638070781049,0.525638070781049,"all","linear"
"643",5,0.565685424949238,1.07791624033143,"Exp1","mixed","IP",0,0.602399408008999,0.100924159701171,0.601325974899321,0.609230531912102,0,0.879174229953005,0.609230531912102,0.390769468087898,0.609230531912102,0.609230531912102,"all","linear"
"644",5,2.4,1.74988946908434,"Exp1","mixed","IP",0,1.94770277007942,0.352964805530733,1.94884363404375,0.386910601905972,0,-0.375318422387062,0.386910601905972,0.613089398094028,0.386910601905972,0.386910601905972,"all","linear"
"645",5,0.672717132202972,0.853929725475609,"Exp1","mixed","IP",0,0.640634267227598,0.103703756628507,0.639296071595881,0.686946165183358,0,0.851397172058489,0.686946165183358,0.313053834816642,0.686946165183358,0.686946165183358,"all","linear"
"646",5,0.4,0.493978366543161,"Exp1","mixed","IP",0,0.499492191580292,0.0946724193342389,0.499191653410091,0.440609836427806,0,0.938809581975576,0.440609836427806,0.559390163572194,0.440609836427806,0.440609836427806,"all","linear"
"647",5,1.69705627484772,1.93390167289181,"Exp1","mixed","IP",0,1.5852429019823,0.282086796612648,1.58383088663151,0.241994527749552,0,-0.152204522080442,0.241994527749552,0.758005472250448,0.241994527749552,0.241994527749552,"all","linear"
"648",5,1.2,1.58986440214085,"Exp1","mixed","IP",0,1.20526520340828,0.218849612311406,1.20635044982474,0.138672506834877,0,0.102175684288738,0.138672506834877,0.861327493165123,0.138672506834877,0.138672506834877,"all","linear"
"649",5,2.4,1.44907152787073,"Exp1","mixed","IP",0,1.94770277007942,0.352964805530733,1.94812694033335,0.386910601905972,0,-0.379018217376259,0.386910601905972,0.613089398094028,0.386910601905972,0.386910601905972,"all","linear"
"650",5,2.01815139660892,1.57388593607629,"Exp1","mixed","IP",0,1.77488954746796,0.317138471358826,1.77483619820046,0.309872125525914,0,-0.267643377728381,0.309872125525914,0.690127874474086,0.309872125525914,0.309872125525914,"all","linear"
"651",5,1.2,0.965887839422066,"Exp1","mixed","IP",0,1.20526520340828,0.218849612311406,1.20448563081641,0.138672506834877,0,0.0967590685830498,0.138672506834877,0.861327493165123,0.138672506834877,0.138672506834877,"all","linear"
"652",5,0.565685424949238,0.533967916800066,"Exp1","mixed","IP",0,0.602399408008999,0.100924159701171,0.603188431365293,0.609230531912102,0,0.874824201294965,0.609230531912102,0.390769468087898,0.609230531912102,0.609230531912102,"all","linear"
"653",5,1.42704853800327,1.01392524701441,"Exp1","mixed","IP",0,1.39184474329477,0.249029456492216,1.39072011186519,0.184877791289157,0,-0.0271983378923301,0.184877791289157,0.815122208710843,0.184877791289157,0.184877791289157,"all","linear"
"654",5,0.565685424949238,0.709939416368798,"Exp1","mixed","IP",0,0.602399408008999,0.100924159701171,0.601784086199803,0.609230531912102,0,0.880377594530133,0.609230531912102,0.390769468087898,0.609230531912102,0.609230531912102,"all","linear"
"655",5,2.01815139660892,1.62988069876337,"Exp1","mixed","IP",0,1.77488954746796,0.317138471358826,1.77717777420466,0.309872125525914,0,-0.266945817695844,0.309872125525914,0.690127874474086,0.309872125525914,0.309872125525914,"all","linear"
"656",5,2.4,2.4298474213083,"Exp1","mixed","IP",0,1.94770277007942,0.352964805530733,1.94815745714435,0.386910601905972,0,-0.369405316619876,0.386910601905972,0.613089398094028,0.386910601905972,0.386910601905972,"all","linear"
"657",5,0.8,0.749917459467724,"Exp1","mixed","IP",0,0.668594244143631,0.10610778258159,0.668015254858362,0.755513627437255,0,0.828810629517697,0.755513627437255,0.244486372562745,0.755513627437255,0.755513627437255,"all","linear"
"658",5,1.42704853800327,0.98191513315578,"Exp1","mixed","IP",0,1.39184474329477,0.249029456492216,1.39088186375781,0.184877791289157,0,-0.0273084367129298,0.184877791289157,0.815122208710843,0.184877791289157,0.184877791289157,"all","linear"
"659",5,1.42704853800327,1.56586513611092,"Exp1","mixed","IP",0,1.39184474329477,0.249029456492216,1.3908529956172,0.184877791289157,0,-0.0258724283988511,0.184877791289157,0.815122208710843,0.184877791289157,0.184877791289157,"all","linear"
"660",5,0.8,0.837901498729479,"Exp1","mixed","IP",0,0.668594244143631,0.10610778258159,0.668254892820742,0.755513627437255,0,0.831780177219137,0.755513627437255,0.244486372562745,0.755513627437255,0.755513627437255,"all","linear"
"661",5,0.4,0.661893922665513,"Exp1","mixed","IP",0,0.499492191580292,0.0946724193342389,0.4996704210831,0.440609836427806,0,0.9398924820779,0.440609836427806,0.559390163572194,0.440609836427806,0.440609836427806,"all","linear"
"662",5,1.42704853800327,1.30184957345773,"Exp1","mixed","IP",0,1.39184474329477,0.249029456492216,1.39220793665413,0.184877791289157,0,-0.0322035566185202,0.184877791289157,0.815122208710843,0.184877791289157,0.184877791289157,"all","linear"
"663",5,0.8,0.533918778126463,"Exp1","mixed","IP",0,0.668594244143631,0.10610778258159,0.669204020811472,0.755513627437255,0,0.8217231171101,0.755513627437255,0.244486372562745,0.755513627437255,0.755513627437255,"all","linear"
"664",5,0.475682846001088,0.485934241258292,"Exp1","mixed","IP",0,0.554631052039525,0.0978647108980193,0.553853314513155,0.525638070781049,0,0.910580406313738,0.525638070781049,0.474361929218951,0.525638070781049,0.525638070781049,"all","linear"
"665",5,2.4,1.79786156578211,"Exp1","mixed","IP",0,1.94770277007942,0.352964805530733,1.94734117356046,0.386910601905972,0,-0.376103865954011,0.386910601905972,0.613089398094028,0.386910601905972,0.386910601905972,"all","linear"
"666",5,0.672717132202972,0.765930136001771,"Exp1","mixed","IP",0,0.640634267227598,0.103703756628507,0.641725351682312,0.686946165183358,0,0.842422481737657,0.686946165183358,0.313053834816642,0.686946165183358,0.686946165183358,"all","linear"
"667",5,2.01815139660892,1.84586445190143,"Exp1","mixed","IP",0,1.77488954746796,0.317138471358826,1.77358291952895,0.309872125525914,0,-0.269375700161609,0.309872125525914,0.690127874474086,0.309872125525914,0.309872125525914,"all","linear"
"668",5,0.565685424949238,0.685941394356632,"Exp1","mixed","IP",0,0.602399408008999,0.100924159701171,0.602351864288384,0.609230531912102,0,0.881839574526312,0.609230531912102,0.390769468087898,0.609230531912102,0.609230531912102,"all","linear"
"669",5,2.01815139660892,1.74187768824231,"Exp1","mixed","IP",0,1.77488954746796,0.317138471358826,1.7746822405399,0.309872125525914,0,-0.267312023608455,0.309872125525914,0.690127874474086,0.309872125525914,0.309872125525914,"all","linear"
"670",5,0.672717132202972,0.981945611574702,"Exp1","mixed","IP",0,0.640634267227598,0.103703756628507,0.640650416768678,0.686946165183358,0,0.844458049624754,0.686946165183358,0.313053834816642,0.686946165183358,0.686946165183358,"all","linear"
"671",5,0.672717132202972,0.48597591582984,"Exp1","mixed","IP",0,0.640634267227598,0.103703756628507,0.641082668530958,0.686946165183358,0,0.847580772410769,0.686946165183358,0.313053834816642,0.686946165183358,0.686946165183358,"all","linear"
"672",5,1.69705627484772,1.14991186139105,"Exp1","mixed","IP",0,1.5852429019823,0.282086796612648,1.58517599680976,0.241994527749552,0,-0.15183633015195,0.241994527749552,0.758005472250448,0.241994527749552,0.241994527749552,"all","linear"
"673",5,2.4,1.54986427773838,"Exp1","mixed","IP",0,1.94770277007942,0.352964805530733,1.94752580382373,0.386910601905972,0,-0.382712409072252,0.386910601905972,0.613089398094028,0.386910601905972,0.386910601905972,"all","linear"
"674",5,0.475682846001088,0.694099969209674,"Exp1","mixed","IP",0,0.554631052039525,0.0978647108980193,0.553815759756738,0.525638070781049,0,0.908774971131626,0.525638070781049,0.474361929218951,0.525638070781049,0.525638070781049,"all","linear"
"675",5,1.2,1.16590867670766,"Exp1","mixed","IP",0,1.20526520340828,0.218849612311406,1.20676848616113,0.138672506834877,0,0.101120987427619,0.138672506834877,0.861327493165123,0.138672506834877,0.138672506834877,"all","linear"
"676",5,0.4,0.525997188520705,"Exp1","mixed","IP",0,0.499492191580292,0.0946724193342389,0.499179437985831,0.440609836427806,0,0.943642643235037,0.440609836427806,0.559390163572194,0.440609836427806,0.440609836427806,"all","linear"
"677",5,0.565685424949238,0.701953448880886,"Exp1","mixed","IP",0,0.602399408008999,0.100924159701171,0.601496862592842,0.609230531912102,0,0.869622562353897,0.609230531912102,0.390769468087898,0.609230531912102,0.609230531912102,"all","linear"
"678",5,0.4,0.917930670929309,"Exp1","mixed","IP",0,0.499492191580292,0.0946724193342389,0.49970833696202,0.440609836427806,0,0.940514992806467,0.440609836427806,0.559390163572194,0.440609836427806,0.440609836427806,"all","linear"
"679",5,1.2,1.29390652455822,"Exp1","mixed","IP",0,1.20526520340828,0.218849612311406,1.20353007684529,0.138672506834877,0,0.101492342265013,0.138672506834877,0.861327493165123,0.138672506834877,0.138672506834877,"all","linear"
"680",5,2.4,2.4538597495166,"Exp1","mixed","IP",0,1.94770277007942,0.352964805530733,1.94512158787224,0.386910601905972,0,-0.375000245680934,0.386910601905972,0.613089398094028,0.386910601905972,0.386910601905972,"all","linear"
"681",5,1.69705627484772,1.28589816476324,"Exp1","mixed","IP",0,1.5852429019823,0.282086796612648,1.58671636587816,0.241994527749552,0,-0.146045185633844,0.241994527749552,0.758005472250448,0.241994527749552,0.241994527749552,"all","linear"
"682",6,0.475682846001088,0.597901947185619,"Exp1","mixed","IP",0,0.569862540589553,0.064496945984592,0.570179035547408,0.85486451119476,0,1.32877092704122,0.85486451119476,0.14513548880524,0.85486451119476,0.85486451119476,"all","linear"
"683",6,1.2,1.3979327364159,"Exp1","mixed","IP",0,1.31539413406525,0.202924832141642,1.31536067517845,0.268767554670258,0,0.182251897058607,0.268767554670258,0.731232445329742,0.268767554670258,0.268767554670258,"all","linear"
"684",6,0.475682846001088,0.725887491797039,"Exp1","mixed","IP",0,0.569862540589553,0.064496945984592,0.569831668994715,0.85486451119476,0,1.32155389200786,0.85486451119476,0.14513548880524,0.85486451119476,0.85486451119476,"all","linear"
"685",6,1.69705627484772,1.50989948404685,"Exp1","mixed","IP",0,1.66821469606697,0.25140003791879,1.66724934100333,0.421636196846689,0,-0.0397051028281051,0.421636196846689,0.578363803153311,0.421636196846689,0.421636196846689,"all","linear"
"686",6,1.42704853800327,1.52598887855629,"Exp1","mixed","IP",0,1.49594734316867,0.227111931962774,1.49733473175315,0.341132989944395,0,0.0647854958225492,0.341132989944395,0.658867010055605,0.341132989944395,0.341132989944395,"all","linear"
"687",6,0.4,0.541896647705926,"Exp1","mixed","IP",0,0.55001621086258,0.0639183262841504,0.549900957150245,0.807325562115532,0,1.33595121498818,0.807325562115532,0.192674437884468,0.807325562115532,0.807325562115532,"all","linear"
"688",6,0.475682846001088,0.549959072092861,"Exp1","mixed","IP",0,0.569862540589553,0.064496945984592,0.570411999171536,0.85486451119476,0,1.32705591790951,0.85486451119476,0.14513548880524,0.85486451119476,0.85486451119476,"all","linear"
"689",6,0.672717132202972,0.733891136744205,"Exp1","mixed","IP",0,0.592742996069611,0.0653016385504877,0.592859485143054,0.921155238652785,0,1.30848627933743,0.921155238652785,0.0788447613472147,0.921155238652785,0.921155238652785,"all","linear"
"690",6,2.01815139660892,1.66188290140281,"Exp1","mixed","IP",0,1.82068384672542,0.274776574267349,1.82188446128428,0.506469258523817,0,-0.127052516301392,0.506469258523817,0.493530741476183,0.506469258523817,0.506469258523817,"all","linear"
"691",6,0.4,0.75785604324119,"Exp1","mixed","IP",0,0.55001621086258,0.0639183262841504,0.550089531529567,0.807325562115532,0,1.32962945932673,0.807325562115532,0.192674437884468,0.807325562115532,0.807325562115532,"all","linear"
"692",6,1.69705627484772,1.58988275212141,"Exp1","mixed","IP",0,1.66821469606697,0.25140003791879,1.6678285115021,0.421636196846689,0,-0.0341063687707494,0.421636196846689,0.578363803153311,0.421636196846689,0.421636196846689,"all","linear"
"693",6,0.4,0.65397224615208,"Exp1","mixed","IP",0,0.55001621086258,0.0639183262841504,0.550160858325434,0.807325562115532,0,1.33211433950037,0.807325562115532,0.192674437884468,0.807325562115532,0.807325562115532,"all","linear"
"694",6,1.2,0.97392428959256,"Exp1","mixed","IP",0,1.31539413406525,0.202924832141642,1.31492148856632,0.268767554670258,0,0.182073691914895,0.268767554670258,0.731232445329742,0.268767554670258,0.268767554670258,"all","linear"
"695",6,0.4,0.645990371367589,"Exp1","mixed","IP",0,0.55001621086258,0.0639183262841504,0.549773381819012,0.807325562115532,0,1.32865285710506,0.807325562115532,0.192674437884468,0.807325562115532,0.807325562115532,"all","linear"
"696",6,1.2,1.08588388417002,"Exp1","mixed","IP",0,1.31539413406525,0.202924832141642,1.31551122978857,0.268767554670258,0,0.18562776920539,0.268767554670258,0.731232445329742,0.268767554670258,0.268767554670258,"all","linear"
"697",6,1.69705627484772,1.50189646110448,"Exp1","mixed","IP",0,1.66821469606697,0.25140003791879,1.6682202133741,0.421636196846689,0,-0.0325995070596763,0.421636196846689,0.578363803153311,0.421636196846689,0.421636196846689,"all","linear"
"698",6,0.565685424949238,0.51789659794531,"Exp1","mixed","IP",0,0.583704576014151,0.064952514430447,0.583710129884905,0.892367138227858,0,1.31717819459411,0.892367138227858,0.107632861772142,0.892367138227858,0.892367138227858,"all","linear"
"699",6,2.01815139660892,1.42988511573958,"Exp1","mixed","IP",0,1.82068384672542,0.274776574267349,1.82173187024774,0.506469258523817,0,-0.122198383868515,0.506469258523817,0.493530741476183,0.506469258523817,0.506469258523817,"all","linear"
"700",6,0.565685424949238,0.701963637607605,"Exp1","mixed","IP",0,0.583704576014151,0.064952514430447,0.583805274038984,0.892367138227858,0,1.31634918474088,0.892367138227858,0.107632861772142,0.892367138227858,0.892367138227858,"all","linear"
"701",6,0.8,0.581892480274746,"Exp1","mixed","IP",0,0.598161259342645,0.065563613298782,0.598352527411693,0.94278636348075,0,1.30382902734502,0.94278636348075,0.0572136365192499,0.94278636348075,0.94278636348075,"all","linear"
"702",6,0.672717132202972,0.729884182732349,"Exp1","mixed","IP",0,0.592742996069611,0.0653016385504877,0.592403335380978,0.921155238652785,0,1.31193833529318,0.921155238652785,0.0788447613472147,0.921155238652785,0.921155238652785,"all","linear"
"703",6,0.8,0.813879380856179,"Exp1","mixed","IP",0,0.598161259342645,0.065563613298782,0.598353528480444,0.94278636348075,0,1.31043520841839,0.94278636348075,0.0572136365192499,0.94278636348075,0.94278636348075,"all","linear"
"704",6,2.01815139660892,1.32588842480391,"Exp1","mixed","IP",0,1.82068384672542,0.274776574267349,1.82105814715787,0.506469258523817,0,-0.127741807893309,0.506469258523817,0.493530741476183,0.506469258523817,0.506469258523817,"all","linear"
"705",6,0.672717132202972,0.773858979103352,"Exp1","mixed","IP",0,0.592742996069611,0.0653016385504877,0.592986957595297,0.921155238652785,0,1.31399510843047,0.921155238652785,0.0788447613472147,0.921155238652785,0.921155238652785,"all","linear"
"706",6,2.4,1.8939086772757,"Exp1","mixed","IP",0,1.94372238977834,0.296304867700215,1.94285115848491,0.590929901423613,0,-0.200439214944121,0.590929901423613,0.409070098576387,0.590929901423613,0.590929901423613,"all","linear"
"707",6,2.4,1.78985600592114,"Exp1","mixed","IP",0,1.94372238977834,0.296304867700215,1.94422801798155,0.590929901423613,0,-0.201486425033893,0.590929901423613,0.409070098576387,0.590929901423613,0.590929901423613,"all","linear"
"708",6,1.2,1.34992828286249,"Exp1","mixed","IP",0,1.31539413406525,0.202924832141642,1.31478901763346,0.268767554670258,0,0.181429684042279,0.268767554670258,0.731232445329742,0.268767554670258,0.268767554670258,"all","linear"
"709",6,2.01815139660892,1.93385972550914,"Exp1","mixed","IP",0,1.82068384672542,0.274776574267349,1.82076590735902,0.506469258523817,0,-0.120103145334989,0.506469258523817,0.493530741476183,0.506469258523817,0.506469258523817,"all","linear"
"710",6,0.672717132202972,0.693980518813532,"Exp1","mixed","IP",0,0.592742996069611,0.0653016385504877,0.592675605531168,0.921155238652785,0,1.31137092988984,0.921155238652785,0.0788447613472147,0.921155238652785,0.921155238652785,"all","linear"
"711",6,1.69705627484772,1.28208623472574,"Exp1","mixed","IP",0,1.66821469606697,0.25140003791879,1.66918939893911,0.421636196846689,0,-0.0383723129738665,0.421636196846689,0.578363803153311,0.421636196846689,0.421636196846689,"all","linear"
"712",6,1.42704853800327,1.42989475681134,"Exp1","mixed","IP",0,1.49594734316867,0.227111931962774,1.49628197377677,0.341132989944395,0,0.0688297620442898,0.341132989944395,0.658867010055605,0.341132989944395,0.341132989944395,"all","linear"
"713",6,1.42704853800327,1.33475510121571,"Exp1","mixed","IP",0,1.49594734316867,0.227111931962774,1.49615692178372,0.341132989944395,0,0.0670054224059582,0.341132989944395,0.658867010055605,0.341132989944395,0.341132989944395,"all","linear"
"714",6,0.8,1.03784677537215,"Exp1","mixed","IP",0,0.598161259342645,0.065563613298782,0.598406229146068,0.94278636348075,0,1.3130548235058,0.94278636348075,0.0572136365192499,0.94278636348075,0.94278636348075,"all","linear"
"715",6,2.4,2.06989090038269,"Exp1","mixed","IP",0,1.94372238977834,0.296304867700215,1.9426012646824,0.590929901423613,0,-0.200154783549918,0.590929901423613,0.409070098576387,0.590929901423613,0.590929901423613,"all","linear"
"716",6,0.8,1.14990868971609,"Exp1","mixed","IP",0,0.598161259342645,0.065563613298782,0.5980629840292,0.94278636348075,0,1.30966925914252,0.94278636348075,0.0572136365192499,0.94278636348075,0.94278636348075,"all","linear"
"717",6,0.565685424949238,0.749914287757747,"Exp1","mixed","IP",0,0.583704576014151,0.064952514430447,0.583758787809966,0.892367138227858,0,1.3165689767445,0.892367138227858,0.107632861772142,0.892367138227858,0.892367138227858,"all","linear"
"718",6,1.42704853800327,1.31790530601074,"Exp1","mixed","IP",0,1.49594734316867,0.227111931962774,1.49520990448353,0.341132989944395,0,0.0617408516800832,0.341132989944395,0.658867010055605,0.341132989944395,0.341132989944395,"all","linear"
"719",6,0.475682846001088,0.357928195781824,"Exp1","mixed","IP",0,0.569862540589553,0.064496945984592,0.569478663667999,0.85486451119476,0,1.32763150242031,0.85486451119476,0.14513548880524,0.85486451119476,0.85486451119476,"all","linear"
"720",6,0.565685424949238,0.701906724181299,"Exp1","mixed","IP",0,0.583704576014151,0.064952514430447,0.583563485050634,0.892367138227858,0,1.31694000857613,0.892367138227858,0.107632861772142,0.892367138227858,0.892367138227858,"all","linear"
"721",6,1.2,1.32589744387178,"Exp1","mixed","IP",0,1.31539413406525,0.202924832141642,1.31624262445815,0.268767554670258,0,0.177895068645772,0.268767554670258,0.731232445329742,0.268767554670258,0.268767554670258,"all","linear"
"722",6,0.565685424949238,0.677933731623398,"Exp1","mixed","IP",0,0.583704576014151,0.064952514430447,0.584386643784731,0.892367138227858,0,1.31752749039962,0.892367138227858,0.107632861772142,0.892367138227858,0.892367138227858,"all","linear"
"723",6,0.8,0.677924090551187,"Exp1","mixed","IP",0,0.598161259342645,0.065563613298782,0.597727919753339,0.94278636348075,0,1.30869671646896,0.94278636348075,0.0572136365192499,0.94278636348075,0.94278636348075,"all","linear"
"724",6,0.4,0.469883125324486,"Exp1","mixed","IP",0,0.55001621086258,0.0639183262841504,0.550238319552341,0.807325562115532,0,1.32763792757005,0.807325562115532,0.192674437884468,0.807325562115532,0.807325562115532,"all","linear"
"725",6,2.4,1.31792054512471,"Exp1","mixed","IP",0,1.94372238977834,0.296304867700215,1.94338904908075,0.590929901423613,0,-0.195416212763519,0.590929901423613,0.409070098576387,0.590929901423613,0.590929901423613,"all","linear"
"726",6,0.565685424949238,0.885885439181493,"Exp1","mixed","IP",0,0.583704576014151,0.064952514430447,0.583354401006755,0.892367138227858,0,1.31491577548195,0.892367138227858,0.107632861772142,0.892367138227858,0.892367138227858,"all","linear"
"727",6,0.8,0.989873422051915,"Exp1","mixed","IP",0,0.598161259342645,0.065563613298782,0.598293778387973,0.94278636348075,0,1.30968170540085,0.94278636348075,0.0572136365192499,0.94278636348075,0.94278636348075,"all","linear"
"728",6,0.672717132202972,0.805920520244399,"Exp1","mixed","IP",0,0.592742996069611,0.0653016385504877,0.592636054364707,0.921155238652785,0,1.31803633584471,0.921155238652785,0.0788447613472147,0.921155238652785,0.921155238652785,"all","linear"
"729",6,1.42704853800327,1.21393940430562,"Exp1","mixed","IP",0,1.49594734316867,0.227111931962774,1.49454620977163,0.341132989944395,0,0.0676274755547274,0.341132989944395,0.658867010055605,0.341132989944395,0.341132989944395,"all","linear"
"730",6,1.42704853800327,1.42183264342611,"Exp1","mixed","IP",0,1.49594734316867,0.227111931962774,1.4966205255018,0.341132989944395,0,0.0693202000828662,0.341132989944395,0.658867010055605,0.341132989944395,0.341132989944395,"all","linear"
"731",6,0.672717132202972,0.77393206465058,"Exp1","mixed","IP",0,0.592742996069611,0.0653016385504877,0.592534929688948,0.921155238652785,0,1.31144376802581,0.921155238652785,0.0788447613472147,0.921155238652785,0.921155238652785,"all","linear"
"732",6,2.01815139660892,1.24592599388552,"Exp1","mixed","IP",0,1.82068384672542,0.274776574267349,1.81937867606453,0.506469258523817,0,-0.122119389779522,0.506469258523817,0.493530741476183,0.506469258523817,0.506469258523817,"all","linear"
"733",6,2.4,2.12588282676188,"Exp1","mixed","IP",0,1.94372238977834,0.296304867700215,1.94181761994446,0.590929901423613,0,-0.205874324646396,0.590929901423613,0.409070098576387,0.590929901423613,0.590929901423613,"all","linear"
"734",6,1.69705627484772,1.76586715224494,"Exp1","mixed","IP",0,1.66821469606697,0.25140003791879,1.66876118390573,0.421636196846689,0,-0.0395404208426877,0.421636196846689,0.578363803153311,0.421636196846689,0.421636196846689,"all","linear"
"735",6,0.475682846001088,0.677922224536815,"Exp1","mixed","IP",0,0.569862540589553,0.064496945984592,0.570046280409508,0.85486451119476,0,1.32547850628037,0.85486451119476,0.14513548880524,0.85486451119476,0.85486451119476,"all","linear"
"736",6,0.475682846001088,0.55790673662159,"Exp1","mixed","IP",0,0.569862540589553,0.064496945984592,0.56959998522582,0.85486451119476,0,1.32191658101378,0.85486451119476,0.14513548880524,0.85486451119476,0.85486451119476,"all","linear"
"737",6,0.672717132202972,0.637899023763566,"Exp1","mixed","IP",0,0.592742996069611,0.0653016385504877,0.592314739071526,0.921155238652785,0,1.31092889246913,0.921155238652785,0.0788447613472147,0.921155238652785,0.921155238652785,"all","linear"
"738",6,0.565685424949238,0.717900018970795,"Exp1","mixed","IP",0,0.583704576014151,0.064952514430447,0.583263034962615,0.892367138227858,0,1.31231695909466,0.892367138227858,0.107632861772142,0.892367138227858,0.892367138227858,"all","linear"
"739",6,1.42704853800327,1.29387197900087,"Exp1","mixed","IP",0,1.49594734316867,0.227111931962774,1.49699579803525,0.341132989944395,0,0.0626369571279468,0.341132989944395,0.658867010055605,0.341132989944395,0.341132989944395,"all","linear"
"740",6,2.01815139660892,1.35789398552515,"Exp1","mixed","IP",0,1.82068384672542,0.274776574267349,1.82280252255653,0.506469258523817,0,-0.125192638779339,0.506469258523817,0.493530741476183,0.506469258523817,0.506469258523817,"all","linear"
"741",6,2.4,1.71789597594034,"Exp1","mixed","IP",0,1.94372238977834,0.296304867700215,1.94441268868171,0.590929901423613,0,-0.199567209448922,0.590929901423613,0.409070098576387,0.590929901423613,0.590929901423613,"all","linear"
"742",6,0.8,0.845886807592251,"Exp1","mixed","IP",0,0.598161259342645,0.065563613298782,0.598180772530706,0.94278636348075,0,1.31117896251621,0.94278636348075,0.0572136365192499,0.94278636348075,0.94278636348075,"all","linear"
"743",6,0.475682846001088,0.709915345165427,"Exp1","mixed","IP",0,0.569862540589553,0.064496945984592,0.569996684650573,0.85486451119476,0,1.32613814149687,0.85486451119476,0.14513548880524,0.85486451119476,0.85486451119476,"all","linear"
"744",6,1.69705627484772,1.18989550321658,"Exp1","mixed","IP",0,1.66821469606697,0.25140003791879,1.66763661599512,0.421636196846689,0,-0.0318768913447919,0.421636196846689,0.578363803153311,0.421636196846689,0.421636196846689,"all","linear"
"745",6,1.42704853800327,1.51016165901092,"Exp1","mixed","IP",0,1.49594734316867,0.227111931962774,1.49532730860028,0.341132989944395,0,0.0685598985027401,0.341132989944395,0.658867010055605,0.341132989944395,0.341132989944395,"all","linear"
"746",6,0.4,0.651450639265022,"Exp1","mixed","IP",0,0.55001621086258,0.0639183262841504,0.549936197637719,0.807325562115532,0,1.34060738918353,0.807325562115532,0.192674437884468,0.807325562115532,0.807325562115532,"all","linear"
"747",6,0.4,0.58201874721999,"Exp1","mixed","IP",0,0.55001621086258,0.0639183262841504,0.549369242990778,0.807325562115532,0,1.33206377913648,0.807325562115532,0.192674437884468,0.807325562115532,0.807325562115532,"all","linear"
"748",6,1.69705627484772,1.34189260467519,"Exp1","mixed","IP",0,1.66821469606697,0.25140003791879,1.66831981005181,0.421636196846689,0,-0.036949802398779,0.421636196846689,0.578363803153311,0.421636196846689,0.421636196846689,"all","linear"
"749",6,2.01815139660892,1.40586391782017,"Exp1","mixed","IP",0,1.82068384672542,0.274776574267349,1.81864433257899,0.506469258523817,0,-0.129636912231821,0.506469258523817,0.493530741476183,0.506469258523817,0.506469258523817,"all","linear"
"750",6,2.01815139660892,1.38991105333389,"Exp1","mixed","IP",0,1.82068384672542,0.274776574267349,1.82131187865014,0.506469258523817,0,-0.122022723924587,0.506469258523817,0.493530741476183,0.506469258523817,0.506469258523817,"all","linear"
"751",6,1.2,1.42195922137489,"Exp1","mixed","IP",0,1.31539413406525,0.202924832141642,1.31556326676206,0.268767554670258,0,0.181856265931725,0.268767554670258,0.731232445329742,0.268767554670258,0.268767554670258,"all","linear"
"752",6,0.672717132202972,0.813959308454287,"Exp1","mixed","IP",0,0.592742996069611,0.0653016385504877,0.59228136633123,0.921155238652785,0,1.31481238253525,0.921155238652785,0.0788447613472147,0.921155238652785,0.921155238652785,"all","linear"
"753",6,0.8,0.813977657592659,"Exp1","mixed","IP",0,0.598161259342645,0.065563613298782,0.598389513891123,0.94278636348075,0,1.3129326802426,0.94278636348075,0.0572136365192499,0.94278636348075,0.94278636348075,"all","linear"
"754",6,0.672717132202972,0.741903800759246,"Exp1","mixed","IP",0,0.592742996069611,0.0653016385504877,0.593104407136293,0.921155238652785,0,1.31048363531421,0.921155238652785,0.0788447613472147,0.921155238652785,0.921155238652785,"all","linear"
"755",6,0.4,0.605859563787817,"Exp1","mixed","IP",0,0.55001621086258,0.0639183262841504,0.549686813593511,0.807325562115532,0,1.33419931550141,0.807325562115532,0.192674437884468,0.807325562115532,0.807325562115532,"all","linear"
"756",6,0.4,0.718002338737278,"Exp1","mixed","IP",0,0.55001621086258,0.0639183262841504,0.549948772956156,0.807325562115532,0,1.33109997193347,0.807325562115532,0.192674437884468,0.807325562115532,0.807325562115532,"all","linear"
"757",6,0.565685424949238,0.461908403593952,"Exp1","mixed","IP",0,0.583704576014151,0.064952514430447,0.583638235550254,0.892367138227858,0,1.31895398526847,0.892367138227858,0.107632861772142,0.892367138227858,0.892367138227858,"all","linear"
"758",6,1.69705627484772,1.25394581095406,"Exp1","mixed","IP",0,1.66821469606697,0.25140003791879,1.66729288345449,0.421636196846689,0,-0.0376498532653456,0.421636196846689,0.578363803153311,0.421636196846689,0.421636196846689,"all","linear"
"759",6,1.2,1.30190579117425,"Exp1","mixed","IP",0,1.31539413406525,0.202924832141642,1.3173137315159,0.268767554670258,0,0.172904067613902,0.268767554670258,0.731232445329742,0.268767554670258,0.268767554670258,"all","linear"
"760",6,2.01815139660892,1.43789560273763,"Exp1","mixed","IP",0,1.82068384672542,0.274776574267349,1.82157359330928,0.506469258523817,0,-0.122776201961642,0.506469258523817,0.493530741476183,0.506469258523817,0.506469258523817,"all","linear"
"761",6,0.475682846001088,0.493942887532285,"Exp1","mixed","IP",0,0.569862540589553,0.064496945984592,0.569776202830424,0.85486451119476,0,1.32548955686102,0.85486451119476,0.14513548880524,0.85486451119476,0.85486451119476,"all","linear"
"762",6,0.672717132202972,0.661909958605975,"Exp1","mixed","IP",0,0.592742996069611,0.0653016385504877,0.593449579141968,0.921155238652785,0,1.3085942236847,0.921155238652785,0.0788447613472147,0.921155238652785,0.921155238652785,"all","linear"
"763",6,0.4,0.693798582451564,"Exp1","mixed","IP",0,0.55001621086258,0.0639183262841504,0.549300064132325,0.807325562115532,0,1.33847112630834,0.807325562115532,0.192674437884468,0.807325562115532,0.807325562115532,"all","linear"
"764",6,0.475682846001088,0.677956123791773,"Exp1","mixed","IP",0,0.569862540589553,0.064496945984592,0.569692622119606,0.85486451119476,0,1.31945375665275,0.85486451119476,0.14513548880524,0.85486451119476,0.85486451119476,"all","linear"
"765",6,2.01815139660892,1.75786848333519,"Exp1","mixed","IP",0,1.82068384672542,0.274776574267349,1.82044507333618,0.506469258523817,0,-0.128234085270552,0.506469258523817,0.493530741476183,0.506469258523817,0.506469258523817,"all","linear"
"766",6,2.4,1.98986191496533,"Exp1","mixed","IP",0,1.94372238977834,0.296304867700215,1.94507767447581,0.590929901423613,0,-0.198151838957743,0.590929901423613,0.409070098576387,0.590929901423613,0.590929901423613,"all","linear"
"767",6,0.475682846001088,0.693939466505981,"Exp1","mixed","IP",0,0.569862540589553,0.064496945984592,0.569904409502254,0.85486451119476,0,1.32800537665297,0.85486451119476,0.14513548880524,0.85486451119476,0.85486451119476,"all","linear"
"768",6,1.2,1.30990788111012,"Exp1","mixed","IP",0,1.31539413406525,0.202924832141642,1.31667272857586,0.268767554670258,0,0.173986502115481,0.268767554670258,0.731232445329742,0.268767554670258,0.268767554670258,"all","linear"
"769",6,1.42704853800327,1.25019481185882,"Exp1","mixed","IP",0,1.49594734316867,0.227111931962774,1.49814968575169,0.341132989944395,0,0.0653659385095364,0.341132989944395,0.658867010055605,0.341132989944395,0.341132989944395,"all","linear"
"770",6,0.8,0.7338768306372,"Exp1","mixed","IP",0,0.598161259342645,0.065563613298782,0.598141030085687,0.94278636348075,0,1.3091583067838,0.94278636348075,0.0572136365192499,0.94278636348075,0.94278636348075,"all","linear"
"771",6,1.69705627484772,1.41389088794222,"Exp1","mixed","IP",0,1.66821469606697,0.25140003791879,1.66761536534812,0.421636196846689,0,-0.0359592012036197,0.421636196846689,0.578363803153311,0.421636196846689,0.421636196846689,"all","linear"
"772",6,1.42704853800327,1.18191393943562,"Exp1","mixed","IP",0,1.49594734316867,0.227111931962774,1.49571344244198,0.341132989944395,0,0.0625071577024914,0.341132989944395,0.658867010055605,0.341132989944395,0.341132989944395,"all","linear"
"773",6,0.565685424949238,0.973885103299835,"Exp1","mixed","IP",0,0.583704576014151,0.064952514430447,0.583587793895426,0.892367138227858,0,1.31912126043373,0.892367138227858,0.107632861772142,0.892367138227858,0.892367138227858,"all","linear"
"774",6,1.2,1.23787538758643,"Exp1","mixed","IP",0,1.31539413406525,0.202924832141642,1.31547078458939,0.268767554670258,0,0.176486483282831,0.268767554670258,0.731232445329742,0.268767554670258,0.268767554670258,"all","linear"
"775",6,2.4,1.60586951586265,"Exp1","mixed","IP",0,1.94372238977834,0.296304867700215,1.94325619790772,0.590929901423613,0,-0.202613655983246,0.590929901423613,0.409070098576387,0.590929901423613,0.590929901423613,"all","linear"
"776",6,0.672717132202972,0.941905666772982,"Exp1","mixed","IP",0,0.592742996069611,0.0653016385504877,0.591957500527309,0.921155238652785,0,1.31709966262913,0.921155238652785,0.0788447613472147,0.921155238652785,0.921155238652785,"all","linear"
"777",6,1.42704853800327,1.10997070358098,"Exp1","mixed","IP",0,1.49594734316867,0.227111931962774,1.49737212841638,0.341132989944395,0,0.0641429810559127,0.341132989944395,0.658867010055605,0.341132989944395,0.341132989944395,"all","linear"
"778",6,1.69705627484772,1.23794536311107,"Exp1","mixed","IP",0,1.66821469606697,0.25140003791879,1.66914067642395,0.421636196846689,0,-0.0394969042269117,0.421636196846689,0.578363803153311,0.421636196846689,0.421636196846689,"all","linear"
"779",6,1.69705627484772,1.30990072805616,"Exp1","mixed","IP",0,1.66821469606697,0.25140003791879,1.6681929841222,0.421636196846689,0,-0.0365641594305691,0.421636196846689,0.578363803153311,0.421636196846689,0.421636196846689,"all","linear"
"780",6,2.4,1.83796931028974,"Exp1","mixed","IP",0,1.94372238977834,0.296304867700215,1.94400399197158,0.590929901423613,0,-0.201498274279704,0.590929901423613,0.409070098576387,0.590929901423613,0.590929901423613,"all","linear"
"781",6,1.42704853800327,0.95792632976827,"Exp1","mixed","IP",0,1.49594734316867,0.227111931962774,1.49665059949456,0.341132989944395,0,0.0642889586070574,0.341132989944395,0.658867010055605,0.341132989944395,0.341132989944395,"all","linear"
"782",6,2.01815139660892,1.65386650535947,"Exp1","mixed","IP",0,1.82068384672542,0.274776574267349,1.81929661622784,0.506469258523817,0,-0.124730697750795,0.506469258523817,0.493530741476183,0.506469258523817,0.506469258523817,"all","linear"
"783",6,1.2,1.51789068890139,"Exp1","mixed","IP",0,1.31539413406525,0.202924832141642,1.31593160242874,0.268767554670258,0,0.175376128912262,0.268767554670258,0.731232445329742,0.268767554670258,0.268767554670258,"all","linear"
"784",6,2.4,1.95790518160902,"Exp1","mixed","IP",0,1.94372238977834,0.296304867700215,1.94316266234132,0.590929901423613,0,-0.198017477276447,0.590929901423613,0.409070098576387,0.590929901423613,0.590929901423613,"all","linear"
"785",6,0.8,0.669902718471349,"Exp1","mixed","IP",0,0.598161259342645,0.065563613298782,0.597617893838403,0.94278636348075,0,1.30489857867939,0.94278636348075,0.0572136365192499,0.94278636348075,0.94278636348075,"all","linear"
"786",6,0.565685424949238,0.693920806366805,"Exp1","mixed","IP",0,0.583704576014151,0.064952514430447,0.583444999783157,0.892367138227858,0,1.31757145557439,0.892367138227858,0.107632861772142,0.892367138227858,0.892367138227858,"all","linear"
"787",6,2.01815139660892,1.73390450984516,"Exp1","mixed","IP",0,1.82068384672542,0.274776574267349,1.82032348823849,0.506469258523817,0,-0.134977063415989,0.506469258523817,0.493530741476183,0.506469258523817,0.506469258523817,"all","linear"
"788",6,0.565685424949238,0.709911924140215,"Exp1","mixed","IP",0,0.583704576014151,0.064952514430447,0.583706002151909,0.892367138227858,0,1.32206064702828,0.892367138227858,0.107632861772142,0.892367138227858,0.892367138227858,"all","linear"
"789",6,2.01815139660892,1.53393592108023,"Exp1","mixed","IP",0,1.82068384672542,0.274776574267349,1.82082751680363,0.506469258523817,0,-0.126315835740095,0.506469258523817,0.493530741476183,0.506469258523817,0.506469258523817,"all","linear"
"790",6,1.2,1.36585751117309,"Exp1","mixed","IP",0,1.31539413406525,0.202924832141642,1.31544339896691,0.268767554670258,0,0.180166918134539,0.268767554670258,0.731232445329742,0.268767554670258,0.268767554670258,"all","linear"
"791",6,0.8,0.877920047521002,"Exp1","mixed","IP",0,0.598161259342645,0.065563613298782,0.598407181771122,0.94278636348075,0,1.30335443562064,0.94278636348075,0.0572136365192499,0.94278636348075,0.94278636348075,"all","linear"
"792",6,0.672717132202972,0.741940810036795,"Exp1","mixed","IP",0,0.592742996069611,0.0653016385504877,0.593177956828432,0.921155238652785,0,1.31541586814268,0.921155238652785,0.0788447613472147,0.921155238652785,0.921155238652785,"all","linear"
"793",6,0.475682846001088,0.437942253087385,"Exp1","mixed","IP",0,0.569862540589553,0.064496945984592,0.569555258514164,0.85486451119476,0,1.32397595166209,0.85486451119476,0.14513548880524,0.85486451119476,0.85486451119476,"all","linear"
"794",6,0.4,0.485888238203188,"Exp1","mixed","IP",0,0.55001621086258,0.0639183262841504,0.550209603432019,0.807325562115532,0,1.33618624633107,0.807325562115532,0.192674437884468,0.807325562115532,0.807325562115532,"all","linear"
"795",6,0.4,0.478635663881505,"Exp1","mixed","IP",0,0.55001621086258,0.0639183262841504,0.549779699573976,0.807325562115532,0,1.33829753962581,0.807325562115532,0.192674437884468,0.807325562115532,0.807325562115532,"all","linear"
"796",6,0.8,0.557940013870393,"Exp1","mixed","IP",0,0.598161259342645,0.065563613298782,0.597868270355815,0.94278636348075,0,1.30527313391153,0.94278636348075,0.0572136365192499,0.94278636348075,0.94278636348075,"all","linear"
"797",6,0.672717132202972,0.813977657592659,"Exp1","mixed","IP",0,0.592742996069611,0.0653016385504877,0.592547226587192,0.921155238652785,0,1.31259051291167,0.921155238652785,0.0788447613472147,0.921155238652785,0.921155238652785,"all","linear"
"798",6,0.475682846001088,0.661938881821698,"Exp1","mixed","IP",0,0.569862540589553,0.064496945984592,0.569487924554906,0.85486451119476,0,1.32795973439107,0.85486451119476,0.14513548880524,0.85486451119476,0.85486451119476,"all","linear"
"799",6,0.565685424949238,0.765938371778248,"Exp1","mixed","IP",0,0.583704576014151,0.064952514430447,0.583676496214507,0.892367138227858,0,1.31660470537465,0.892367138227858,0.107632861772142,0.892367138227858,0.892367138227858,"all","linear"
"800",6,1.2,1.37388945733255,"Exp1","mixed","IP",0,1.31539413406525,0.202924832141642,1.3160826526669,0.268767554670258,0,0.172980082238981,0.268767554670258,0.731232445329742,0.268767554670258,0.268767554670258,"all","linear"
"801",6,2.4,1.90992871826529,"Exp1","mixed","IP",0,1.94372238977834,0.296304867700215,1.94250598042178,0.590929901423613,0,-0.198759494043622,0.590929901423613,0.409070098576387,0.590929901423613,0.590929901423613,"all","linear"
"802",6,1.69705627484772,1.3019602165823,"Exp1","mixed","IP",0,1.66821469606697,0.25140003791879,1.6681018988133,0.421636196846689,0,-0.0370787549566363,0.421636196846689,0.578363803153311,0.421636196846689,0.421636196846689,"all","linear"
"803",6,2.01815139660892,1.88586398002099,"Exp1","mixed","IP",0,1.82068384672542,0.274776574267349,1.82155435974336,0.506469258523817,0,-0.126694348940419,0.506469258523817,0.493530741476183,0.506469258523817,0.506469258523817,"all","linear"
"804",6,1.2,0.893881931075157,"Exp1","mixed","IP",0,1.31539413406525,0.202924832141642,1.31588820384721,0.268767554670258,0,0.185802171301175,0.268767554670258,0.731232445329742,0.268767554670258,0.268767554670258,"all","linear"
"805",6,0.8,0.589974808811348,"Exp1","mixed","IP",0,0.598161259342645,0.065563613298782,0.597926062402192,0.94278636348075,0,1.31215762621944,0.94278636348075,0.0572136365192499,0.94278636348075,0.94278636348075,"all","linear"
"806",6,0.8,0.709887354956663,"Exp1","mixed","IP",0,0.598161259342645,0.065563613298782,0.597538057451443,0.94278636348075,0,1.31129657181096,0.94278636348075,0.0572136365192499,0.94278636348075,0.94278636348075,"all","linear"
"807",6,2.4,2.11790934904093,"Exp1","mixed","IP",0,1.94372238977834,0.296304867700215,1.94224340610073,0.590929901423613,0,-0.203343808526231,0.590929901423613,0.409070098576387,0.590929901423613,0.590929901423613,"all","linear"
"808",6,0.565685424949238,0.717899085963836,"Exp1","mixed","IP",0,0.583704576014151,0.064952514430447,0.584093176313169,0.892367138227858,0,1.31922911648652,0.892367138227858,0.107632861772142,0.892367138227858,0.892367138227858,"all","linear"
"809",6,1.42704853800327,1.3578946075304,"Exp1","mixed","IP",0,1.49594734316867,0.227111931962774,1.49612920896803,0.341132989944395,0,0.0671248719681137,0.341132989944395,0.658867010055605,0.341132989944395,0.341132989944395,"all","linear"
"810",6,1.42704853800327,1.49388877312686,"Exp1","mixed","IP",0,1.49594734316867,0.227111931962774,1.49523314940434,0.341132989944395,0,0.0655385282948454,0.341132989944395,0.658867010055605,0.341132989944395,0.341132989944395,"all","linear"
"811",6,0.565685424949238,0.485892903237072,"Exp1","mixed","IP",0,0.583704576014151,0.064952514430447,0.583567152428934,0.892367138227858,0,1.32114247836456,0.892367138227858,0.107632861772142,0.892367138227858,0.892367138227858,"all","linear"
"812",6,0.4,0.357945611913237,"Exp1","mixed","IP",0,0.55001621086258,0.0639183262841504,0.550067512253612,0.807325562115532,0,1.33022085606168,0.807325562115532,0.192674437884468,0.807325562115532,0.807325562115532,"all","linear"
"813",6,2.4,2.3258921568322,"Exp1","mixed","IP",0,1.94372238977834,0.296304867700215,1.94272871586713,0.590929901423613,0,-0.200543654634305,0.590929901423613,0.409070098576387,0.590929901423613,0.590929901423613,"all","linear"
"814",6,1.69705627484772,1.55793037279818,"Exp1","mixed","IP",0,1.66821469606697,0.25140003791879,1.66783255836988,0.421636196846689,0,-0.0337509766729984,0.421636196846689,0.578363803153311,0.421636196846689,0.421636196846689,"all","linear"
"815",6,0.672717132202972,0.845885563582669,"Exp1","mixed","IP",0,0.592742996069611,0.0653016385504877,0.593252985341979,0.921155238652785,0,1.3130026652478,0.921155238652785,0.0788447613472147,0.921155238652785,0.921155238652785,"all","linear"
"816",6,1.2,1.09396901172749,"Exp1","mixed","IP",0,1.31539413406525,0.202924832141642,1.31422888637472,0.268767554670258,0,0.181852955448179,0.268767554670258,0.731232445329742,0.268767554670258,0.268767554670258,"all","linear"
"817",6,1.69705627484772,1.60590683614191,"Exp1","mixed","IP",0,1.66821469606697,0.25140003791879,1.66722746441226,0.421636196846689,0,-0.0399213642929127,0.421636196846689,0.578363803153311,0.421636196846689,0.421636196846689,"all","linear"
"818",6,0.475682846001088,0.693963724688729,"Exp1","mixed","IP",0,0.569862540589553,0.064496945984592,0.569997457131939,0.85486451119476,0,1.32431984032762,0.85486451119476,0.14513548880524,0.85486451119476,0.85486451119476,"all","linear"
"819",6,0.4,0.749885675543737,"Exp1","mixed","IP",0,0.55001621086258,0.0639183262841504,0.550991925554149,0.807325562115532,0,1.33728762808185,0.807325562115532,0.192674437884468,0.807325562115532,0.807325562115532,"all","linear"
"820",6,0.475682846001088,0.477681508734349,"Exp1","mixed","IP",0,0.569862540589553,0.064496945984592,0.569974755126941,0.85486451119476,0,1.32486064913428,0.85486451119476,0.14513548880524,0.85486451119476,0.85486451119476,"all","linear"
"821",7,1.42704853800327,1.38185657652502,"Exp1","mixed","IP",0,1.49786408059331,0.161842717221975,1.49666783565589,0.124497943400718,0,0.404279779782854,0.124497943400718,0.875502056599282,0.124497943400718,0.124497943400718,"all","linear"
"822",7,1.42704853800327,1.54181470341882,"Exp1","mixed","IP",0,1.49786408059331,0.161842717221975,1.49823375531801,0.124497943400718,0,0.404475867040979,0.124497943400718,0.875502056599282,0.124497943400718,0.124497943400718,"all","linear"
"823",7,0.672717132202972,0.805886464915602,"Exp1","mixed","IP",0,0.641813824363761,0.0788914543051846,0.641854555417292,0.417153592920694,0,1.12154595856349,0.417153592920694,0.582846407079306,0.417153592920694,0.417153592920694,"all","linear"
"824",7,0.672717132202972,0.702031582722157,"Exp1","mixed","IP",0,0.641813824363761,0.0788914543051846,0.641293502807703,0.417153592920694,0,1.12772920218274,0.417153592920694,0.582846407079306,0.417153592920694,0.417153592920694,"all","linear"
"825",7,0.4,0.381995282743446,"Exp1","mixed","IP",0,0.440495682863988,0.0664129593881183,0.441055396519036,0.20368880029487,0,1.29916697868656,0.20368880029487,0.79631119970513,0.20368880029487,0.20368880029487,"all","linear"
"826",7,2.4,2.31782095328435,"Exp1","mixed","IP",0,2.28534470343815,0.238237470137293,2.28435825205021,0.284315862175416,0,0.0184512823491782,0.284315862175416,0.715684137824584,0.284315862175416,0.284315862175416,"all","linear"
"827",7,2.01815139660892,2.19785717862123,"Exp1","mixed","IP",0,2.01335821989475,0.210761147555277,2.01380111118249,0.220162957167075,0,0.135220727683186,0.220162957167075,0.779837042832925,0.220162957167075,0.220162957167075,"all","linear"
"828",7,1.69705627484772,1.38185222251832,"Exp1","mixed","IP",0,1.74698871442542,0.185099708114937,1.74835883036614,0.1669796280461,0,0.26789072157748,0.1669796280461,0.8330203719539,0.1669796280461,0.1669796280461,"all","linear"
"829",7,1.69705627484772,1.97382299842411,"Exp1","mixed","IP",0,1.74698871442542,0.185099708114937,1.74761810992268,0.1669796280461,0,0.266321091395346,0.1669796280461,0.8330203719539,0.1669796280461,0.1669796280461,"all","linear"
"830",7,1.2,1.301952153196,"Exp1","mixed","IP",0,1.27286275334497,0.141304064430203,1.27326243658381,0.0915731771004858,0,0.538813886706013,0.0915731771004858,0.908426822899514,0.0915731771004858,0.0915731771004858,"all","linear"
"831",7,0.8,0.861885835451176,"Exp1","mixed","IP",0,0.698890619314065,0.0833625232814775,0.698951349949322,0.501941105109639,0,1.06537843592277,0.501941105109639,0.498058894890361,0.501941105109639,0.501941105109639,"all","linear"
"832",7,0.475682846001088,0.445903084782003,"Exp1","mixed","IP",0,0.508304263529349,0.070215668062029,0.508729764759812,0.265044471120997,0,1.23995631403819,0.265044471120997,0.734955528879003,0.265044471120997,0.265044471120997,"all","linear"
"833",7,2.4,2.36583476419491,"Exp1","mixed","IP",0,2.28534470343815,0.238237470137293,2.28403665009007,0.284315862175416,0,0.0146811711988428,0.284315862175416,0.715684137824584,0.284315862175416,0.284315862175416,"all","linear"
"834",7,1.42704853800327,1.56592937054484,"Exp1","mixed","IP",0,1.49786408059331,0.161842717221975,1.49885704617736,0.124497943400718,0,0.404472895420134,0.124497943400718,0.875502056599282,0.124497943400718,0.124497943400718,"all","linear"
"835",7,0.565685424949238,0.573895026138416,"Exp1","mixed","IP",0,0.576810248763869,0.0744345858491443,0.577321875122353,0.336937952027847,0,1.17686673704488,0.336937952027847,0.663062047972153,0.336937952027847,0.336937952027847,"all","linear"
"836",7,0.475682846001088,0.494063065923001,"Exp1","mixed","IP",0,0.508304263529349,0.070215668062029,0.507927878965878,0.265044471120997,0,1.2434408723798,0.265044471120997,0.734955528879003,0.265044471120997,0.265044471120997,"all","linear"
"837",7,2.4,2.31783214930238,"Exp1","mixed","IP",0,2.28534470343815,0.238237470137293,2.28340238837955,0.284315862175416,0,0.020176777809373,0.284315862175416,0.715684137824584,0.284315862175416,0.284315862175416,"all","linear"
"838",7,0.672717132202972,0.693866886813339,"Exp1","mixed","IP",0,0.641813824363761,0.0788914543051846,0.641517276212498,0.417153592920694,0,1.12543912191466,0.417153592920694,0.582846407079306,0.417153592920694,0.417153592920694,"all","linear"
"839",7,0.4,0.453955509513435,"Exp1","mixed","IP",0,0.440495682863988,0.0664129593881183,0.439935080850712,0.20368880029487,0,1.29509241395194,0.20368880029487,0.79631119970513,0.20368880029487,0.20368880029487,"all","linear"
"840",7,0.565685424949238,0.485953728102686,"Exp1","mixed","IP",0,0.576810248763869,0.0744345858491443,0.576534984043031,0.336937952027847,0,1.18014084416621,0.336937952027847,0.663062047972153,0.336937952027847,0.336937952027847,"all","linear"
"841",7,0.8,0.885840026322512,"Exp1","mixed","IP",0,0.698890619314065,0.0833625232814775,0.698984646114634,0.501941105109639,0,1.06509975913816,0.501941105109639,0.498058894890361,0.501941105109639,0.501941105109639,"all","linear"
"842",7,1.42704853800327,1.47788979635334,"Exp1","mixed","IP",0,1.49786408059331,0.161842717221975,1.49813492490843,0.124497943400718,0,0.405288593579886,0.124497943400718,0.875502056599282,0.124497943400718,0.124497943400718,"all","linear"
"843",7,0.672717132202972,0.677907896581928,"Exp1","mixed","IP",0,0.641813824363761,0.0788914543051846,0.641594445289679,0.417153592920694,0,1.1130242545344,0.417153592920694,0.582846407079306,0.417153592920694,0.417153592920694,"all","linear"
"844",7,2.01815139660892,2.31784272331879,"Exp1","mixed","IP",0,2.01335821989475,0.210761147555277,2.0108107259529,0.220162957167075,0,0.146669006572045,0.220162957167075,0.779837042832925,0.220162957167075,0.220162957167075,"all","linear"
"845",7,0.475682846001088,0.533989931048382,"Exp1","mixed","IP",0,0.508304263529349,0.070215668062029,0.508326727492553,0.265044471120997,0,1.23412271824607,0.265044471120997,0.734955528879003,0.265044471120997,0.265044471120997,"all","linear"
"846",7,0.4,0.453997183579304,"Exp1","mixed","IP",0,0.440495682863988,0.0664129593881183,0.440133525637793,0.20368880029487,0,1.29859579698252,0.20368880029487,0.79631119970513,0.20368880029487,0.20368880029487,"all","linear"
"847",7,0.565685424949238,0.605894799729867,"Exp1","mixed","IP",0,0.576810248763869,0.0744345858491443,0.577447532349206,0.336937952027847,0,1.17807064045257,0.336937952027847,0.663062047972153,0.336937952027847,0.336937952027847,"all","linear"
"848",7,0.8,0.829977496004176,"Exp1","mixed","IP",0,0.698890619314065,0.0833625232814775,0.698465484820182,0.501941105109639,0,1.06708007791376,0.501941105109639,0.498058894890361,0.501941105109639,0.501941105109639,"all","linear"
"849",7,1.69705627484772,1.70186115445176,"Exp1","mixed","IP",0,1.74698871442542,0.185099708114937,1.74694598338624,0.1669796280461,0,0.270896476366676,0.1669796280461,0.8330203719539,0.1669796280461,0.1669796280461,"all","linear"
"850",7,1.69705627484772,1.5978762740524,"Exp1","mixed","IP",0,1.74698871442542,0.185099708114937,1.74614108634447,0.1669796280461,0,0.275212247823022,0.1669796280461,0.8330203719539,0.1669796280461,0.1669796280461,"all","linear"
"851",7,0.565685424949238,0.669973030036999,"Exp1","mixed","IP",0,0.576810248763869,0.0744345858491443,0.576392106138032,0.336937952027847,0,1.18527803609482,0.336937952027847,0.663062047972153,0.336937952027847,0.336937952027847,"all","linear"
"852",7,2.01815139660892,2.09381911713808,"Exp1","mixed","IP",0,2.01335821989475,0.210761147555277,2.01381596244208,0.220162957167075,0,0.138597950934462,0.220162957167075,0.779837042832925,0.220162957167075,0.220162957167075,"all","linear"
"853",7,0.8,0.773950135425366,"Exp1","mixed","IP",0,0.698890619314065,0.0833625232814775,0.698515457994857,0.501941105109639,0,1.07202536285747,0.501941105109639,0.498058894890361,0.501941105109639,0.501941105109639,"all","linear"
"854",7,1.2,1.21388894296797,"Exp1","mixed","IP",0,1.27286275334497,0.141304064430203,1.2723148418501,0.0915731771004858,0,0.538891421184813,0.0915731771004858,0.908426822899514,0.0915731771004858,0.0915731771004858,"all","linear"
"855",7,0.4,0.333993911854122,"Exp1","mixed","IP",0,0.440495682863988,0.0664129593881183,0.44098417010002,0.20368880029487,0,1.29911552801815,0.20368880029487,0.79631119970513,0.20368880029487,0.20368880029487,"all","linear"
"856",7,2.01815139660892,2.15779596128505,"Exp1","mixed","IP",0,2.01335821989475,0.210761147555277,2.01268078287724,0.220162957167075,0,0.135556219852807,0.220162957167075,0.779837042832925,0.220162957167075,0.220162957167075,"all","linear"
"857",7,0.475682846001088,0.445962174875604,"Exp1","mixed","IP",0,0.508304263529349,0.070215668062029,0.508207802056139,0.265044471120997,0,1.24168250270994,0.265044471120997,0.734955528879003,0.265044471120997,0.265044471120997,"all","linear"
"858",7,1.2,1.23797499804823,"Exp1","mixed","IP",0,1.27286275334497,0.141304064430203,1.27262097199451,0.0915731771004858,0,0.545501955536967,0.0915731771004858,0.908426822899514,0.0915731771004858,0.0915731771004858,"all","linear"
"859",7,2.4,2.34180811020815,"Exp1","mixed","IP",0,2.28534470343815,0.238237470137293,2.28604509701189,0.284315862175416,0,0.0182048386909659,0.284315862175416,0.715684137824584,0.284315862175416,0.284315862175416,"all","linear"
"860",7,0.475682846001088,0.437949869207841,"Exp1","mixed","IP",0,0.508304263529349,0.070215668062029,0.507837763818291,0.265044471120997,0,1.24125607138099,0.265044471120997,0.734955528879003,0.265044471120997,0.265044471120997,"all","linear"
"861",7,1.42704853800327,1.365887323278,"Exp1","mixed","IP",0,1.49786408059331,0.161842717221975,1.49842252687073,0.124497943400718,0,0.405583493940463,0.124497943400718,0.875502056599282,0.124497943400718,0.124497943400718,"all","linear"
"862",7,1.2,1.54985437713003,"Exp1","mixed","IP",0,1.27286275334497,0.141304064430203,1.27204342779595,0.0915731771004858,0,0.53809734121468,0.0915731771004858,0.908426822899514,0.0915731771004858,0.0915731771004858,"all","linear"
"863",7,0.8,0.965881289868776,"Exp1","mixed","IP",0,0.698890619314065,0.0833625232814775,0.698594865630421,0.501941105109639,0,1.06430294675712,0.501941105109639,0.498058894890361,0.501941105109639,0.501941105109639,"all","linear"
"864",7,2.4,2.35778855947319,"Exp1","mixed","IP",0,2.28534470343815,0.238237470137293,2.28549872695877,0.284315862175416,0,0.019121276955337,0.284315862175416,0.715684137824584,0.284315862175416,0.284315862175416,"all","linear"
"865",7,0.565685424949238,0.957916878276592,"Exp1","mixed","IP",0,0.576810248763869,0.0744345858491443,0.576860810004306,0.336937952027847,0,1.1801050758508,0.336937952027847,0.663062047972153,0.336937952027847,0.336937952027847,"all","linear"
"866",7,2.01815139660892,2.13378330232081,"Exp1","mixed","IP",0,2.01335821989475,0.210761147555277,2.01245789420796,0.220162957167075,0,0.143373046467789,0.220162957167075,0.779837042832925,0.220162957167075,0.220162957167075,"all","linear"
"867",7,2.4,2.21385722091782,"Exp1","mixed","IP",0,2.28534470343815,0.238237470137293,2.28544423115298,0.284315862175416,0,0.0174541736417378,0.284315862175416,0.715684137824584,0.284315862175416,0.284315862175416,"all","linear"
"868",7,1.2,1.59786259003067,"Exp1","mixed","IP",0,1.27286275334497,0.141304064430203,1.27299899146411,0.0915731771004858,0,0.538676494107792,0.0915731771004858,0.908426822899514,0.0915731771004858,0.0915731771004858,"all","linear"
"869",7,0.672717132202972,0.917908531022476,"Exp1","mixed","IP",0,0.641813824363761,0.0788914543051846,0.641627010327872,0.417153592920694,0,1.11976932686164,0.417153592920694,0.582846407079306,0.417153592920694,0.417153592920694,"all","linear"
"870",7,0.8,0.877930972818831,"Exp1","mixed","IP",0,0.698890619314065,0.0833625232814775,0.699463692405843,0.501941105109639,0,1.06588585661148,0.501941105109639,0.498058894890361,0.501941105109639,0.501941105109639,"all","linear"
"871",7,0.4,0.445927653820945,"Exp1","mixed","IP",0,0.440495682863988,0.0664129593881183,0.44061957635762,0.20368880029487,0,1.29783378826941,0.20368880029487,0.79631119970513,0.20368880029487,0.20368880029487,"all","linear"
"872",7,0.672717132202972,0.653986671762141,"Exp1","mixed","IP",0,0.641813824363761,0.0788914543051846,0.641599866853858,0.417153592920694,0,1.1229378967396,0.417153592920694,0.582846407079306,0.417153592920694,0.417153592920694,"all","linear"
"873",7,0.565685424949238,0.63790887934374,"Exp1","mixed","IP",0,0.576810248763869,0.0744345858491443,0.576562751554444,0.336937952027847,0,1.18326480114829,0.336937952027847,0.663062047972153,0.336937952027847,0.336937952027847,"all","linear"
"874",7,0.4,0.557888141831427,"Exp1","mixed","IP",0,0.440495682863988,0.0664129593881183,0.440791441299209,0.20368880029487,0,1.29769210710818,0.20368880029487,0.79631119970513,0.20368880029487,0.20368880029487,"all","linear"
"875",7,1.69705627484772,1.57387014609776,"Exp1","mixed","IP",0,1.74698871442542,0.185099708114937,1.74726475031429,0.1669796280461,0,0.27401919041323,0.1669796280461,0.8330203719539,0.1669796280461,0.1669796280461,"all","linear"
"876",7,0.475682846001088,0.486064444277872,"Exp1","mixed","IP",0,0.508304263529349,0.070215668062029,0.508096643608954,0.265044471120997,0,1.24475689267562,0.265044471120997,0.734955528879003,0.265044471120997,0.265044471120997,"all","linear"
"877",7,1.69705627484772,1.6618776872383,"Exp1","mixed","IP",0,1.74698871442542,0.185099708114937,1.74652417491039,0.1669796280461,0,0.268138840461422,0.1669796280461,0.8330203719539,0.1669796280461,0.1669796280461,"all","linear"
"878",7,1.42704853800327,1.3899422783079,"Exp1","mixed","IP",0,1.49786408059331,0.161842717221975,1.49835869341804,0.124497943400718,0,0.407392319273115,0.124497943400718,0.875502056599282,0.124497943400718,0.124497943400718,"all","linear"
"879",7,2.4,2.13382715339048,"Exp1","mixed","IP",0,2.28534470343815,0.238237470137293,2.28542756225762,0.284315862175416,0,0.0185079271451094,0.284315862175416,0.715684137824584,0.284315862175416,0.284315862175416,"all","linear"
"880",7,0.672717132202972,0.949960552697121,"Exp1","mixed","IP",0,0.641813824363761,0.0788914543051846,0.642020586578656,0.417153592920694,0,1.12087464045189,0.417153592920694,0.582846407079306,0.417153592920694,0.417153592920694,"all","linear"
"881",7,1.2,1.41391326320627,"Exp1","mixed","IP",0,1.27286275334497,0.141304064430203,1.27226349720711,0.0915731771004858,0,0.535783337864292,0.0915731771004858,0.908426822899514,0.0915731771004858,0.0915731771004858,"all","linear"
"882",7,0.565685424949238,0.445929519824858,"Exp1","mixed","IP",0,0.576810248763869,0.0744345858491443,0.576764543705299,0.336937952027847,0,1.17639747469095,0.336937952027847,0.663062047972153,0.336937952027847,0.336937952027847,"all","linear"
"883",7,0.8,0.677897011565619,"Exp1","mixed","IP",0,0.698890619314065,0.0833625232814775,0.699116396879401,0.501941105109639,0,1.0624803421679,0.501941105109639,0.498058894890361,0.501941105109639,0.501941105109639,"all","linear"
"884",7,1.42704853800327,1.74180885661008,"Exp1","mixed","IP",0,1.49786408059331,0.161842717221975,1.49930824573144,0.124497943400718,0,0.398653845258284,0.124497943400718,0.875502056599282,0.124497943400718,0.124497943400718,"all","linear"
"885",7,0.475682846001088,0.446002604939167,"Exp1","mixed","IP",0,0.508304263529349,0.070215668062029,0.508385758927032,0.265044471120997,0,1.23846271660599,0.265044471120997,0.734955528879003,0.265044471120997,0.265044471120997,"all","linear"
"886",7,1.2,1.52593781731775,"Exp1","mixed","IP",0,1.27286275334497,0.141304064430203,1.27286141389508,0.0915731771004858,0,0.539294674092952,0.0915731771004858,0.908426822899514,0.0915731771004858,0.0915731771004858,"all","linear"
"887",7,0.4,0.517940128673217,"Exp1","mixed","IP",0,0.440495682863988,0.0664129593881183,0.441138692380542,0.20368880029487,0,1.29981854166584,0.20368880029487,0.79631119970513,0.20368880029487,0.20368880029487,"all","linear"
"888",7,1.69705627484772,1.94979945444265,"Exp1","mixed","IP",0,1.74698871442542,0.185099708114937,1.74793185476774,0.1669796280461,0,0.274038805371007,0.1669796280461,0.8330203719539,0.1669796280461,0.1669796280461,"all","linear"
"889",7,1.42704853800327,1.52594497032896,"Exp1","mixed","IP",0,1.49786408059331,0.161842717221975,1.49614248270091,0.124497943400718,0,0.404413279647038,0.124497943400718,0.875502056599282,0.124497943400718,0.124497943400718,"all","linear"
"890",7,1.69705627484772,1.52590111925929,"Exp1","mixed","IP",0,1.74698871442542,0.185099708114937,1.74739857645074,0.1669796280461,0,0.271411502114408,0.1669796280461,0.8330203719539,0.1669796280461,0.1669796280461,"all","linear"
"891",7,0.8,1.00593348819075,"Exp1","mixed","IP",0,0.698890619314065,0.0833625232814775,0.698984866831341,0.501941105109639,0,1.06942153318807,0.501941105109639,0.498058894890361,0.501941105109639,0.501941105109639,"all","linear"
"892",7,2.01815139660892,2.14987415676023,"Exp1","mixed","IP",0,2.01335821989475,0.210761147555277,2.01277848965734,0.220162957167075,0,0.13800650738284,0.220162957167075,0.779837042832925,0.220162957167075,0.220162957167075,"all","linear"
"893",7,0.4,0.357896476643873,"Exp1","mixed","IP",0,0.440495682863988,0.0664129593881183,0.440056803576952,0.20368880029487,0,1.29976025810489,0.20368880029487,0.79631119970513,0.20368880029487,0.20368880029487,"all","linear"
"894",7,0.4,0.485988560157239,"Exp1","mixed","IP",0,0.440495682863988,0.0664129593881183,0.440755048801534,0.20368880029487,0,1.29566609673729,0.20368880029487,0.79631119970513,0.20368880029487,0.20368880029487,"all","linear"
"895",7,1.69705627484772,1.59787254204639,"Exp1","mixed","IP",0,1.74698871442542,0.185099708114937,1.74541150000717,0.1669796280461,0,0.268939775165656,0.1669796280461,0.8330203719539,0.1669796280461,0.1669796280461,"all","linear"
"896",7,1.42704853800327,1.18194763746942,"Exp1","mixed","IP",0,1.49786408059331,0.161842717221975,1.49847999720239,0.124497943400718,0,0.404103373834435,0.124497943400718,0.875502056599282,0.124497943400718,0.124497943400718,"all","linear"
"897",7,1.42704853800327,1.58196797690107,"Exp1","mixed","IP",0,1.49786408059331,0.161842717221975,1.49742545020578,0.124497943400718,0,0.406042931816252,0.124497943400718,0.875502056599282,0.124497943400718,0.124497943400718,"all","linear"
"898",7,0.475682846001088,0.533902539909832,"Exp1","mixed","IP",0,0.508304263529349,0.070215668062029,0.508095634215286,0.265044471120997,0,1.24210105955229,0.265044471120997,0.734955528879003,0.265044471120997,0.265044471120997,"all","linear"
"899",7,0.8,0.621948645110024,"Exp1","mixed","IP",0,0.698890619314065,0.0833625232814775,0.698619723046369,0.501941105109639,0,1.06694539915387,0.501941105109639,0.498058894890361,0.501941105109639,0.501941105109639,"all","linear"
"900",7,2.01815139660892,2.21387867995236,"Exp1","mixed","IP",0,2.01335821989475,0.210761147555277,2.01473571162252,0.220162957167075,0,0.14335208816785,0.220162957167075,0.779837042832925,0.220162957167075,0.220162957167075,"all","linear"
"901",7,0.475682846001088,0.541913601574379,"Exp1","mixed","IP",0,0.508304263529349,0.070215668062029,0.508537455478503,0.265044471120997,0,1.24462285124164,0.265044471120997,0.734955528879003,0.265044471120997,0.265044471120997,"all","linear"
"902",7,2.01815139660892,2.2698021663673,"Exp1","mixed","IP",0,2.01335821989475,0.210761147555277,2.01445136921752,0.220162957167075,0,0.141308875697652,0.220162957167075,0.779837042832925,0.220162957167075,0.220162957167075,"all","linear"
"903",7,0.8,1.18186553333908,"Exp1","mixed","IP",0,0.698890619314065,0.0833625232814775,0.698681657459484,0.501941105109639,0,1.06416086766335,0.501941105109639,0.498058894890361,0.501941105109639,0.501941105109639,"all","linear"
"904",7,0.8,0.933957400396139,"Exp1","mixed","IP",0,0.698890619314065,0.0833625232814775,0.698974703599756,0.501941105109639,0,1.07280852016822,0.501941105109639,0.498058894890361,0.501941105109639,0.501941105109639,"all","linear"
"905",7,2.4,2.39789207287686,"Exp1","mixed","IP",0,2.28534470343815,0.238237470137293,2.28524264860737,0.284315862175416,0,0.0138208735204929,0.284315862175416,0.715684137824584,0.284315862175416,0.284315862175416,"all","linear"
"906",7,0.4,0.350007327171625,"Exp1","mixed","IP",0,0.440495682863988,0.0664129593881183,0.440372253485104,0.20368880029487,0,1.29479464987557,0.20368880029487,0.79631119970513,0.20368880029487,0.20368880029487,"all","linear"
"907",7,2.4,2.49386962361768,"Exp1","mixed","IP",0,2.28534470343815,0.238237470137293,2.28594176668597,0.284315862175416,0,0.0172472934971682,0.284315862175416,0.715684137824584,0.284315862175416,0.284315862175416,"all","linear"
"908",7,1.42704853800327,1.27794509224168,"Exp1","mixed","IP",0,1.49786408059331,0.161842717221975,1.49792856621901,0.124497943400718,0,0.398965466732843,0.124497943400718,0.875502056599282,0.124497943400718,0.124497943400718,"all","linear"
"909",7,2.4,1.98182877308045,"Exp1","mixed","IP",0,2.28534470343815,0.238237470137293,2.28654145134083,0.284315862175416,0,0.0187124015185966,0.284315862175416,0.715684137824584,0.284315862175416,0.284315862175416,"all","linear"
"910",7,0.672717132202972,0.57392674818766,"Exp1","mixed","IP",0,0.641813824363761,0.0788914543051846,0.64149868634817,0.417153592920694,0,1.11435305147179,0.417153592920694,0.582846407079306,0.417153592920694,0.417153592920694,"all","linear"
"911",7,1.69705627484772,1.97385005546676,"Exp1","mixed","IP",0,1.74698871442542,0.185099708114937,1.747799504109,0.1669796280461,0,0.269459204100968,0.1669796280461,0.8330203719539,0.1669796280461,0.1669796280461,"all","linear"
"912",7,1.2,1.25388267319795,"Exp1","mixed","IP",0,1.27286275334497,0.141304064430203,1.27417016131679,0.0915731771004858,0,0.540953965809767,0.0915731771004858,0.908426822899514,0.0915731771004858,0.0915731771004858,"all","linear"
"913",7,1.42704853800327,1.32594957313631,"Exp1","mixed","IP",0,1.49786408059331,0.161842717221975,1.4976353904295,0.124497943400718,0,0.394892407288806,0.124497943400718,0.875502056599282,0.124497943400718,0.124497943400718,"all","linear"
"914",7,0.475682846001088,0.549928395246752,"Exp1","mixed","IP",0,0.508304263529349,0.070215668062029,0.508246399442729,0.265044471120997,0,1.23160429945605,0.265044471120997,0.734955528879003,0.265044471120997,0.265044471120997,"all","linear"
"915",7,2.01815139660892,2.00587657510005,"Exp1","mixed","IP",0,2.01335821989475,0.210761147555277,2.01404708455465,0.220162957167075,0,0.135485582682706,0.220162957167075,0.779837042832925,0.220162957167075,0.220162957167075,"all","linear"
"916",7,0.565685424949238,0.877967359876493,"Exp1","mixed","IP",0,0.576810248763869,0.0744345858491443,0.576135633656021,0.336937952027847,0,1.17519392581737,0.336937952027847,0.663062047972153,0.336937952027847,0.336937952027847,"all","linear"
"917",7,0.475682846001088,0.40596502364042,"Exp1","mixed","IP",0,0.508304263529349,0.070215668062029,0.508382137693633,0.265044471120997,0,1.24240275480548,0.265044471120997,0.734955528879003,0.265044471120997,0.265044471120997,"all","linear"
"918",7,0.565685424949238,0.637930649378177,"Exp1","mixed","IP",0,0.576810248763869,0.0744345858491443,0.576798142181126,0.336937952027847,0,1.18217500598387,0.336937952027847,0.663062047972153,0.336937952027847,0.336937952027847,"all","linear"
"919",7,0.672717132202972,0.925839354561504,"Exp1","mixed","IP",0,0.641813824363761,0.0788914543051846,0.641500833111358,0.417153592920694,0,1.1255136834676,0.417153592920694,0.582846407079306,0.417153592920694,0.417153592920694,"all","linear"
"920",7,1.69705627484772,1.49390134566784,"Exp1","mixed","IP",0,1.74698871442542,0.185099708114937,1.74699415441879,0.1669796280461,0,0.276698090257321,0.1669796280461,0.8330203719539,0.1669796280461,0.1669796280461,"all","linear"
"921",7,0.672717132202972,0.821916674260137,"Exp1","mixed","IP",0,0.641813824363761,0.0788914543051846,0.641369705063582,0.417153592920694,0,1.12384038636707,0.417153592920694,0.582846407079306,0.417153592920694,0.417153592920694,"all","linear"
"922",7,0.565685424949238,0.454080842710937,"Exp1","mixed","IP",0,0.576810248763869,0.0744345858491443,0.5768352412814,0.336937952027847,0,1.18443098800088,0.336937952027847,0.663062047972153,0.336937952027847,0.336937952027847,"all","linear"
"923",7,0.4,0.469912322741038,"Exp1","mixed","IP",0,0.440495682863988,0.0664129593881183,0.440369997516213,0.20368880029487,0,1.29638861718458,0.20368880029487,0.79631119970513,0.20368880029487,0.20368880029487,"all","linear"
"924",7,1.2,1.24586943452869,"Exp1","mixed","IP",0,1.27286275334497,0.141304064430203,1.27376958275632,0.0915731771004858,0,0.54048503651787,0.0915731771004858,0.908426822899514,0.0915731771004858,0.0915731771004858,"all","linear"
"925",7,1.69705627484772,1.85387384078422,"Exp1","mixed","IP",0,1.74698871442542,0.185099708114937,1.74842090999108,0.1669796280461,0,0.273904438792366,0.1669796280461,0.8330203719539,0.1669796280461,0.1669796280461,"all","linear"
"926",7,1.2,1.43793183118032,"Exp1","mixed","IP",0,1.27286275334497,0.141304064430203,1.27221237263386,0.0915731771004858,0,0.538274727864357,0.0915731771004858,0.908426822899514,0.0915731771004858,0.0915731771004858,"all","linear"
"927",7,1.2,1.30193007216167,"Exp1","mixed","IP",0,1.27286275334497,0.141304064430203,1.27265042065816,0.0915731771004858,0,0.541794181701178,0.0915731771004858,0.908426822899514,0.0915731771004858,0.0915731771004858,"all","linear"
"928",7,2.01815139660892,2.06188900765574,"Exp1","mixed","IP",0,2.01335821989475,0.210761147555277,2.01214381679435,0.220162957167075,0,0.143256560390641,0.220162957167075,0.779837042832925,0.220162957167075,0.220162957167075,"all","linear"
"929",7,0.8,1.06991530834512,"Exp1","mixed","IP",0,0.698890619314065,0.0833625232814775,0.698403518413048,0.501941105109639,0,1.06396093301162,0.501941105109639,0.498058894890361,0.501941105109639,0.501941105109639,"all","linear"
"930",7,1.2,1.17393844180697,"Exp1","mixed","IP",0,1.27286275334497,0.141304064430203,1.27151686181787,0.0915731771004858,0,0.542606486375927,0.0915731771004858,0.908426822899514,0.0915731771004858,0.0915731771004858,"all","linear"
"931",7,2.01815139660892,1.75787731901437,"Exp1","mixed","IP",0,2.01335821989475,0.210761147555277,2.01457140974843,0.220162957167075,0,0.134663917693325,0.220162957167075,0.779837042832925,0.220162957167075,0.220162957167075,"all","linear"
"932",7,0.475682846001088,0.485917341045933,"Exp1","mixed","IP",0,0.508304263529349,0.070215668062029,0.50807667701758,0.265044471120997,0,1.24026045766064,0.265044471120997,0.734955528879003,0.265044471120997,0.265044471120997,"all","linear"
"933",7,0.672717132202972,0.565945231569458,"Exp1","mixed","IP",0,0.641813824363761,0.0788914543051846,0.642146410761529,0.417153592920694,0,1.12453424650757,0.417153592920694,0.582846407079306,0.417153592920694,0.417153592920694,"all","linear"
"934",7,0.565685424949238,0.709893675151761,"Exp1","mixed","IP",0,0.576810248763869,0.0744345858491443,0.57650045273761,0.336937952027847,0,1.18658686783247,0.336937952027847,0.663062047972153,0.336937952027847,0.336937952027847,"all","linear"
"935",7,1.69705627484772,1.74990419940877,"Exp1","mixed","IP",0,1.74698871442542,0.185099708114937,1.74686985607897,0.1669796280461,0,0.269959899922029,0.1669796280461,0.8330203719539,0.1669796280461,0.1669796280461,"all","linear"
"936",7,2.01815139660892,2.26980807537711,"Exp1","mixed","IP",0,2.01335821989475,0.210761147555277,2.0139304414168,0.220162957167075,0,0.139249442848724,0.220162957167075,0.779837042832925,0.220162957167075,0.220162957167075,"all","linear"
"937",7,2.4,2.38988816422261,"Exp1","mixed","IP",0,2.28534470343815,0.238237470137293,2.28377793207942,0.284315862175416,0,0.0218878229372415,0.284315862175416,0.715684137824584,0.284315862175416,0.284315862175416,"all","linear"
"938",7,0.8,0.965859208833535,"Exp1","mixed","IP",0,0.698890619314065,0.0833625232814775,0.6993080882804,0.501941105109639,0,1.06483787968111,0.501941105109639,0.498058894890361,0.501941105109639,0.501941105109639,"all","linear"
"939",7,1.42704853800327,1.36592961934366,"Exp1","mixed","IP",0,1.49786408059331,0.161842717221975,1.49837937163575,0.124497943400718,0,0.40433200054089,0.124497943400718,0.875502056599282,0.124497943400718,0.124497943400718,"all","linear"
"940",7,0.672717132202972,0.821990692376858,"Exp1","mixed","IP",0,0.641813824363761,0.0788914543051846,0.641679748314768,0.417153592920694,0,1.12118736299116,0.417153592920694,0.582846407079306,0.417153592920694,0.417153592920694,"all","linear"
"941",7,2.4,2.32581117791688,"Exp1","mixed","IP",0,2.28534470343815,0.238237470137293,2.28487783568931,0.284315862175416,0,0.0203720706104308,0.284315862175416,0.715684137824584,0.284315862175416,0.284315862175416,"all","linear"
"942",7,0.672717132202972,0.829933022933801,"Exp1","mixed","IP",0,0.641813824363761,0.0788914543051846,0.641484786467083,0.417153592920694,0,1.12146658716981,0.417153592920694,0.582846407079306,0.417153592920694,0.417153592920694,"all","linear"
"943",7,0.672717132202972,0.701931129562581,"Exp1","mixed","IP",0,0.641813824363761,0.0788914543051846,0.641322055367473,0.417153592920694,0,1.11992317347589,0.417153592920694,0.582846407079306,0.417153592920694,0.417153592920694,"all","linear"
"944",7,0.4,0.381952053676287,"Exp1","mixed","IP",0,0.440495682863988,0.0664129593881183,0.440724034041867,0.20368880029487,0,1.29812967827538,0.20368880029487,0.79631119970513,0.20368880029487,0.20368880029487,"all","linear"
"945",7,0.565685424949238,0.90990617737225,"Exp1","mixed","IP",0,0.576810248763869,0.0744345858491443,0.577129091246783,0.336937952027847,0,1.17919322513376,0.336937952027847,0.663062047972153,0.336937952027847,0.336937952027847,"all","linear"
"946",7,1.69705627484772,1.60583850864077,"Exp1","mixed","IP",0,1.74698871442542,0.185099708114937,1.7474195227004,0.1669796280461,0,0.268784056129017,0.1669796280461,0.8330203719539,0.1669796280461,0.1669796280461,"all","linear"
"947",7,1.2,1.23783691383051,"Exp1","mixed","IP",0,1.27286275334497,0.141304064430203,1.27265608998177,0.0915731771004858,0,0.542021871122749,0.0915731771004858,0.908426822899514,0.0915731771004858,0.0915731771004858,"all","linear"
"948",7,0.4,0.51790249761325,"Exp1","mixed","IP",0,0.440495682863988,0.0664129593881183,0.440905781874937,0.20368880029487,0,1.29302950840619,0.20368880029487,0.79631119970513,0.20368880029487,0.20368880029487,"all","linear"
"949",7,0.475682846001088,0.525969228367103,"Exp1","mixed","IP",0,0.508304263529349,0.070215668062029,0.508277647325376,0.265044471120997,0,1.24427024407069,0.265044471120997,0.734955528879003,0.265044471120997,0.265044471120997,"all","linear"
"950",7,0.4,0.573939188207987,"Exp1","mixed","IP",0,0.440495682863988,0.0664129593881183,0.440600463254093,0.20368880029487,0,1.29681936315767,0.20368880029487,0.79631119970513,0.20368880029487,0.20368880029487,"all","linear"
"951",7,0.475682846001088,0.421950448913776,"Exp1","mixed","IP",0,0.508304263529349,0.070215668062029,0.507892911393087,0.265044471120997,0,1.24232269450562,0.265044471120997,0.734955528879003,0.265044471120997,0.265044471120997,"all","linear"
"952",7,2.4,2.50979844680114,"Exp1","mixed","IP",0,2.28534470343815,0.238237470137293,2.28774285164911,0.284315862175416,0,0.0191925397144855,0.284315862175416,0.715684137824584,0.284315862175416,0.284315862175416,"all","linear"
"953",7,1.2,1.23791932895983,"Exp1","mixed","IP",0,1.27286275334497,0.141304064430203,1.27308017741916,0.0915731771004858,0,0.542735342932038,0.0915731771004858,0.908426822899514,0.0915731771004858,0.0915731771004858,"all","linear"
"954",7,1.42704853800327,1.77381391720974,"Exp1","mixed","IP",0,1.49786408059331,0.161842717221975,1.49809373243101,0.124497943400718,0,0.403546206123457,0.124497943400718,0.875502056599282,0.124497943400718,0.124497943400718,"all","linear"
"955",7,0.8,1.27792083420263,"Exp1","mixed","IP",0,0.698890619314065,0.0833625232814775,0.699099570331819,0.501941105109639,0,1.06844598365221,0.501941105109639,0.498058894890361,0.501941105109639,0.501941105109639,"all","linear"
"956",7,2.4,2.29382571034785,"Exp1","mixed","IP",0,2.28534470343815,0.238237470137293,2.28520853685642,0.284315862175416,0,0.0235419156813552,0.284315862175416,0.715684137824584,0.284315862175416,0.284315862175416,"all","linear"
"957",8,1.2,1.02998488519279,"Exp1","mixed","IP",0,1.32441664183841,0.236769465563128,1.32653138060522,0.264815424722471,0,0.0167677636866568,0.264815424722471,0.735184575277529,0.264815424722471,0.264815424722471,"all","linear"
"958",8,0.565685424949238,0.917991316760435,"Exp1","mixed","IP",0,0.620771692576262,0.07542372573602,0.620930589871725,0.752537973928452,0,1.1688007308734,0.752537973928452,0.247462026071548,0.752537973928452,0.752537973928452,"all","linear"
"959",8,0.475682846001088,0.789983205769659,"Exp1","mixed","IP",0,0.587134759572324,0.0728181927080955,0.58736245929036,0.68312579340027,0,1.2022145979185,0.68312579340027,0.31687420659973,0.68312579340027,0.68312579340027,"all","linear"
"960",8,1.42704853800327,1.10189093702456,"Exp1","mixed","IP",0,1.50860846207125,0.266446032694895,1.50651090109849,0.336408768717709,0,-0.0949428129565458,0.336408768717709,0.663591231282291,0.336408768717709,0.336408768717709,"all","linear"
"961",8,0.672717132202972,0.949902220258991,"Exp1","mixed","IP",0,0.645316026393952,0.07755312656739,0.64482750854323,0.811015401684459,0,1.13828159313651,0.811015401684459,0.188984598315541,0.811015401684459,0.811015401684459,"all","linear"
"962",8,1.42704853800327,1.55786610644418,"Exp1","mixed","IP",0,1.50860846207125,0.266446032694895,1.50909441355829,0.336408768717709,0,-0.0952770303667022,0.336408768717709,0.663591231282291,0.336408768717709,0.336408768717709,"all","linear"
"963",8,0.672717132202972,0.789938110151525,"Exp1","mixed","IP",0,0.645316026393952,0.07755312656739,0.645861538755379,0.811015401684459,0,1.14880218467309,0.811015401684459,0.188984598315541,0.811015401684459,0.811015401684459,"all","linear"
"964",8,0.8,1.11791512071613,"Exp1","mixed","IP",0,0.661781332477378,0.0792354377292362,0.661649927753918,0.858326624979963,0,1.11453339347259,0.858326624979963,0.141673375020037,0.858326624979963,0.858326624979963,"all","linear"
"965",8,2.01815139660892,1.49392051975019,"Exp1","mixed","IP",0,1.8431990951516,0.324893218488392,1.84407224765851,0.500656959772552,0,-0.293968160845942,0.500656959772552,0.499343040227448,0.500656959772552,0.500656959772552,"all","linear"
"966",8,0.4,0.677929613515062,"Exp1","mixed","IP",0,0.544352172026354,0.0697556763706735,0.54409351648296,0.604559977339809,0,1.25533038689991,0.604559977339809,0.395440022660191,0.604559977339809,0.604559977339809,"all","linear"
"967",8,0.4,0.533957342654958,"Exp1","mixed","IP",0,0.544352172026354,0.0697556763706735,0.544630623474593,0.604559977339809,0,1.25133475215767,0.604559977339809,0.395440022660191,0.604559977339809,0.604559977339809,"all","linear"
"968",8,0.672717132202972,0.805963537859952,"Exp1","mixed","IP",0,0.645316026393952,0.07755312656739,0.646213849366557,0.811015401684459,0,1.14301168595463,0.811015401684459,0.188984598315541,0.811015401684459,0.811015401684459,"all","linear"
"969",8,1.2,1.1098899666913,"Exp1","mixed","IP",0,1.32441664183841,0.236769465563128,1.3252619781837,0.264815424722471,0,0.0274541268473156,0.264815424722471,0.735184575277529,0.264815424722471,0.264815424722471,"all","linear"
"970",8,1.42704853800327,1.41391218483614,"Exp1","mixed","IP",0,1.50860846207125,0.266446032694895,1.50859692371931,0.336408768717709,0,-0.0965802250974006,0.336408768717709,0.663591231282291,0.336408768717709,0.336408768717709,"all","linear"
"971",8,0.475682846001088,0.701940075698076,"Exp1","mixed","IP",0,0.587134759572324,0.0728181927080955,0.586503559843319,0.68312579340027,0,1.20356352915653,0.68312579340027,0.31687420659973,0.68312579340027,0.68312579340027,"all","linear"
"972",8,1.69705627484772,1.70190088916115,"Exp1","mixed","IP",0,1.6854252163592,0.296217786821375,1.68658224653598,0.416252650657592,0,-0.198994798191284,0.416252650657592,0.583747349342408,0.416252650657592,0.416252650657592,"all","linear"
"973",8,2.4,1.42992081831426,"Exp1","mixed","IP",0,1.9719426695204,0.351355377352362,1.97174286660909,0.585007322741656,0,-0.372783635442105,0.585007322741656,0.414992677258344,0.585007322741656,0.585007322741656,"all","linear"
"974",8,0.4,0.877967245030504,"Exp1","mixed","IP",0,0.544352172026354,0.0697556763706735,0.544690486629976,0.604559977339809,0,1.25153858326463,0.604559977339809,0.395440022660191,0.604559977339809,0.604559977339809,"all","linear"
"975",8,1.2,1.50989338773797,"Exp1","mixed","IP",0,1.32441664183841,0.236769465563128,1.32316997919839,0.264815424722471,0,0.0157720318821289,0.264815424722471,0.735184575277529,0.264815424722471,0.264815424722471,"all","linear"
"976",8,2.01815139660892,1.77387598393943,"Exp1","mixed","IP",0,1.8431990951516,0.324893218488392,1.84062819932311,0.500656959772552,0,-0.293805576454128,0.500656959772552,0.499343040227448,0.500656959772552,0.500656959772552,"all","linear"
"977",8,2.4,2.07790908723337,"Exp1","mixed","IP",0,1.9719426695204,0.351355377352362,1.97250609428813,0.585007322741656,0,-0.374371138086892,0.585007322741656,0.414992677258344,0.585007322741656,0.585007322741656,"all","linear"
"978",8,0.475682846001088,0.869947689082892,"Exp1","mixed","IP",0,0.587134759572324,0.0728181927080955,0.587462625811096,0.68312579340027,0,1.19601782973105,0.68312579340027,0.31687420659973,0.68312579340027,0.68312579340027,"all","linear"
"979",8,0.8,0.861913204929806,"Exp1","mixed","IP",0,0.661781332477378,0.0792354377292362,0.662134407636362,0.858326624979963,0,1.11742845324819,0.858326624979963,0.141673375020037,0.858326624979963,0.858326624979963,"all","linear"
"980",8,2.01815139660892,1.94994140679637,"Exp1","mixed","IP",0,1.8431990951516,0.324893218488392,1.84101659524581,0.500656959772552,0,-0.294205252084958,0.500656959772552,0.499343040227448,0.500656959772552,0.500656959772552,"all","linear"
"981",8,1.42704853800327,1.22193174078393,"Exp1","mixed","IP",0,1.50860846207125,0.266446032694895,1.50909632217615,0.336408768717709,0,-0.0971931098648091,0.336408768717709,0.663591231282291,0.336408768717709,0.336408768717709,"all","linear"
"982",8,0.565685424949238,0.997918168558044,"Exp1","mixed","IP",0,0.620771692576262,0.07542372573602,0.620754523559529,0.752537973928452,0,1.17053284739556,0.752537973928452,0.247462026071548,0.752537973928452,0.752537973928452,"all","linear"
"983",8,0.475682846001088,0.901968999095061,"Exp1","mixed","IP",0,0.587134759572324,0.0728181927080955,0.587090028532205,0.68312579340027,0,1.20426029432723,0.68312579340027,0.31687420659973,0.68312579340027,0.68312579340027,"all","linear"
"984",8,0.565685424949238,0.493937624984483,"Exp1","mixed","IP",0,0.620771692576262,0.07542372573602,0.620322754328786,0.752537973928452,0,1.16491464190906,0.752537973928452,0.247462026071548,0.752537973928452,0.752537973928452,"all","linear"
"985",8,1.69705627484772,1.43788936956298,"Exp1","mixed","IP",0,1.6854252163592,0.296217786821375,1.68623509354934,0.416252650657592,0,-0.2017217949409,0.416252650657592,0.583747349342408,0.416252650657592,0.416252650657592,"all","linear"
"986",8,2.4,1.74987391887134,"Exp1","mixed","IP",0,1.9719426695204,0.351355377352362,1.96926584776979,0.585007322741656,0,-0.371400814471924,0.585007322741656,0.414992677258344,0.585007322741656,0.585007322741656,"all","linear"
"987",8,0.4,0.509878459533411,"Exp1","mixed","IP",0,0.544352172026354,0.0697556763706735,0.544631013382468,0.604559977339809,0,1.25135384662981,0.604559977339809,0.395440022660191,0.604559977339809,0.604559977339809,"all","linear"
"988",8,2.01815139660892,1.52586812175196,"Exp1","mixed","IP",0,1.8431990951516,0.324893218488392,1.8436989019434,0.500656959772552,0,-0.289733236219215,0.500656959772552,0.499343040227448,0.500656959772552,0.500656959772552,"all","linear"
"989",8,0.672717132202972,1.20591844224145,"Exp1","mixed","IP",0,0.645316026393952,0.07755312656739,0.645189383915244,0.811015401684459,0,1.13959316145803,0.811015401684459,0.188984598315541,0.811015401684459,0.811015401684459,"all","linear"
"990",8,0.565685424949238,0.901996678474006,"Exp1","mixed","IP",0,0.620771692576262,0.07542372573602,0.620210656328728,0.752537973928452,0,1.16749656562664,0.752537973928452,0.247462026071548,0.752537973928452,0.752537973928452,"all","linear"
"991",8,1.2,1.13400430429874,"Exp1","mixed","IP",0,1.32441664183841,0.236769465563128,1.32472711126297,0.264815424722471,0,0.0204293095807656,0.264815424722471,0.735184575277529,0.264815424722471,0.264815424722471,"all","linear"
"992",8,1.2,0.91789646046027,"Exp1","mixed","IP",0,1.32441664183841,0.236769465563128,1.32621716812376,0.264815424722471,0,0.0221163660440758,0.264815424722471,0.735184575277529,0.264815424722471,0.264815424722471,"all","linear"
"993",8,0.565685424949238,0.75795940772332,"Exp1","mixed","IP",0,0.620771692576262,0.07542372573602,0.62078810142891,0.752537973928452,0,1.16657317333706,0.752537973928452,0.247462026071548,0.752537973928452,0.752537973928452,"all","linear"
"994",8,2.4,1.2779056661866,"Exp1","mixed","IP",0,1.9719426695204,0.351355377352362,1.97130192944942,0.585007322741656,0,-0.373509978407013,0.585007322741656,0.414992677258344,0.585007322741656,0.585007322741656,"all","linear"
"995",8,2.01815139660892,1.30991982310024,"Exp1","mixed","IP",0,1.8431990951516,0.324893218488392,1.84415784604326,0.500656959772552,0,-0.289458493266913,0.500656959772552,0.499343040227448,0.500656959772552,0.500656959772552,"all","linear"
"996",8,0.475682846001088,0.861921291040744,"Exp1","mixed","IP",0,0.587134759572324,0.0728181927080955,0.587160317352432,0.68312579340027,0,1.19534718967182,0.68312579340027,0.31687420659973,0.68312579340027,0.68312579340027,"all","linear"
"997",8,0.672717132202972,0.621957243133693,"Exp1","mixed","IP",0,0.645316026393952,0.07755312656739,0.645434520943848,0.811015401684459,0,1.14307559501053,0.811015401684459,0.188984598315541,0.811015401684459,0.811015401684459,"all","linear"
"998",8,0.672717132202972,0.917892417404801,"Exp1","mixed","IP",0,0.645316026393952,0.07755312656739,0.645460494468685,0.811015401684459,0,1.13989435911588,0.811015401684459,0.188984598315541,0.811015401684459,0.811015401684459,"all","linear"
"999",8,2.01815139660892,1.46996137327051,"Exp1","mixed","IP",0,1.8431990951516,0.324893218488392,1.84190315261852,0.500656959772552,0,-0.29353773346663,0.500656959772552,0.499343040227448,0.500656959772552,0.500656959772552,"all","linear"
"1000",8,0.8,1.02194604698025,"Exp1","mixed","IP",0,0.661781332477378,0.0792354377292362,0.661556934929193,0.858326624979963,0,1.11707876394768,0.858326624979963,0.141673375020037,0.858326624979963,0.858326624979963,"all","linear"
"1001",8,1.2,1.02995751681738,"Exp1","mixed","IP",0,1.32441664183841,0.236769465563128,1.32355050816279,0.264815424722471,0,0.0249050044206921,0.264815424722471,0.735184575277529,0.264815424722471,0.264815424722471,"all","linear"
"1002",8,0.8,0.861902008776269,"Exp1","mixed","IP",0,0.661781332477378,0.0792354377292362,0.661509871557048,0.858326624979963,0,1.11850770040279,0.858326624979963,0.141673375020037,0.858326624979963,0.858326624979963,"all","linear"
"1003",8,0.565685424949238,0.909987933034245,"Exp1","mixed","IP",0,0.620771692576262,0.07542372573602,0.62050184453969,0.752537973928452,0,1.16839000707816,0.752537973928452,0.247462026071548,0.752537973928452,0.752537973928452,"all","linear"
"1004",8,2.01815139660892,1.26987584709786,"Exp1","mixed","IP",0,1.8431990951516,0.324893218488392,1.84168987139446,0.500656959772552,0,-0.295260988446006,0.500656959772552,0.499343040227448,0.500656959772552,0.500656959772552,"all","linear"
"1005",8,2.4,2.18187439159738,"Exp1","mixed","IP",0,1.9719426695204,0.351355377352362,1.97231792377632,0.585007322741656,0,-0.374734911730706,0.585007322741656,0.414992677258344,0.585007322741656,0.585007322741656,"all","linear"
"1006",8,0.475682846001088,0.829867636584822,"Exp1","mixed","IP",0,0.587134759572324,0.0728181927080955,0.586574241014802,0.68312579340027,0,1.20495779722658,0.68312579340027,0.31687420659973,0.68312579340027,0.68312579340027,"all","linear"
"1007",8,2.4,2.18196831488558,"Exp1","mixed","IP",0,1.9719426695204,0.351355377352362,1.9733003236991,0.585007322741656,0,-0.372792549343908,0.585007322741656,0.414992677258344,0.585007322741656,0.585007322741656,"all","linear"
"1008",8,1.69705627484772,1.14191376473718,"Exp1","mixed","IP",0,1.6854252163592,0.296217786821375,1.68482357183852,0.416252650657592,0,-0.204660070514529,0.416252650657592,0.583747349342408,0.416252650657592,0.416252650657592,"all","linear"
"1009",8,0.672717132202972,1.06191351593452,"Exp1","mixed","IP",0,0.645316026393952,0.07755312656739,0.645035955401734,0.811015401684459,0,1.13743021085501,0.811015401684459,0.188984598315541,0.811015401684459,0.811015401684459,"all","linear"
"1010",8,2.01815139660892,1.62189970734471,"Exp1","mixed","IP",0,1.8431990951516,0.324893218488392,1.84059325749791,0.500656959772552,0,-0.293975800041853,0.500656959772552,0.499343040227448,0.500656959772552,0.500656959772552,"all","linear"
"1011",8,1.42704853800327,1.02992703839936,"Exp1","mixed","IP",0,1.50860846207125,0.266446032694895,1.50875812833464,0.336408768717709,0,-0.090292286280996,0.336408768717709,0.663591231282291,0.336408768717709,0.336408768717709,"all","linear"
"1012",8,0.8,1.13390602695154,"Exp1","mixed","IP",0,0.661781332477378,0.0792354377292362,0.66121059679811,0.858326624979963,0,1.12112957287929,0.858326624979963,0.141673375020037,0.858326624979963,0.858326624979963,"all","linear"
"1013",8,1.69705627484772,1.34990750733186,"Exp1","mixed","IP",0,1.6854252163592,0.296217786821375,1.68378788125908,0.416252650657592,0,-0.206084702798471,0.416252650657592,0.583747349342408,0.416252650657592,0.416252650657592,"all","linear"
"1014",8,1.42704853800327,1.22987478968298,"Exp1","mixed","IP",0,1.50860846207125,0.266446032694895,1.51128919307809,0.336408768717709,0,-0.0995905188014175,0.336408768717709,0.663591231282291,0.336408768717709,0.336408768717709,"all","linear"
"1015",8,1.2,1.2619576785396,"Exp1","mixed","IP",0,1.32441664183841,0.236769465563128,1.32428098119946,0.264815424722471,0,0.0246592478313351,0.264815424722471,0.735184575277529,0.264815424722471,0.264815424722471,"all","linear"
"1016",8,0.672717132202972,0.621967506274359,"Exp1","mixed","IP",0,0.645316026393952,0.07755312656739,0.644986504529331,0.811015401684459,0,1.13854696356904,0.811015401684459,0.188984598315541,0.811015401684459,0.811015401684459,"all","linear"
"1017",8,1.69705627484772,1.45398850528227,"Exp1","mixed","IP",0,1.6854252163592,0.296217786821375,1.6855419892644,0.416252650657592,0,-0.202239702230103,0.416252650657592,0.583747349342408,0.416252650657592,0.416252650657592,"all","linear"
"1018",8,0.565685424949238,0.813909074793173,"Exp1","mixed","IP",0,0.620771692576262,0.07542372573602,0.621177867846998,0.752537973928452,0,1.16778948759275,0.752537973928452,0.247462026071548,0.752537973928452,0.752537973928452,"all","linear"
"1019",8,1.42704853800327,1.22961976618672,"Exp1","mixed","IP",0,1.50860846207125,0.266446032694895,1.50659999954064,0.336408768717709,0,-0.0974297351771323,0.336408768717709,0.663591231282291,0.336408768717709,0.336408768717709,"all","linear"
"1020",8,0.8,1.23795188142003,"Exp1","mixed","IP",0,0.661781332477378,0.0792354377292362,0.661645433732092,0.858326624979963,0,1.11596173001694,0.858326624979963,0.141673375020037,0.858326624979963,0.858326624979963,"all","linear"
"1021",8,0.4,0.869900727438562,"Exp1","mixed","IP",0,0.544352172026354,0.0697556763706735,0.544295429085978,0.604559977339809,0,1.24210733219504,0.604559977339809,0.395440022660191,0.604559977339809,0.604559977339809,"all","linear"
"1022",8,1.69705627484772,1.01393053408765,"Exp1","mixed","IP",0,1.6854252163592,0.296217786821375,1.68325497722696,0.416252650657592,0,-0.201646257019426,0.416252650657592,0.583747349342408,0.416252650657592,0.416252650657592,"all","linear"
"1023",8,0.475682846001088,0.517982608641432,"Exp1","mixed","IP",0,0.587134759572324,0.0728181927080955,0.587458974110817,0.68312579340027,0,1.19826921455588,0.68312579340027,0.31687420659973,0.68312579340027,0.68312579340027,"all","linear"
"1024",8,0.475682846001088,0.405929949399706,"Exp1","mixed","IP",0,0.587134759572324,0.0728181927080955,0.58730557504007,0.68312579340027,0,1.20087453802314,0.68312579340027,0.31687420659973,0.68312579340027,0.68312579340027,"all","linear"
"1025",8,0.475682846001088,0.477999900478608,"Exp1","mixed","IP",0,0.587134759572324,0.0728181927080955,0.587268480189494,0.68312579340027,0,1.20016676790497,0.68312579340027,0.31687420659973,0.68312579340027,0.68312579340027,"all","linear"
"1026",8,1.2,0.941903190592257,"Exp1","mixed","IP",0,1.32441664183841,0.236769465563128,1.32304755383581,0.264815424722471,0,0.0261013608771946,0.264815424722471,0.735184575277529,0.264815424722471,0.264815424722471,"all","linear"
"1027",8,1.69705627484772,1.32592316950604,"Exp1","mixed","IP",0,1.6854252163592,0.296217786821375,1.68531686921351,0.416252650657592,0,-0.202494946220354,0.416252650657592,0.583747349342408,0.416252650657592,0.416252650657592,"all","linear"
"1028",8,0.8,1.00589325089595,"Exp1","mixed","IP",0,0.661781332477378,0.0792354377292362,0.66159526339089,0.858326624979963,0,1.1152661186854,0.858326624979963,0.141673375020037,0.858326624979963,0.858326624979963,"all","linear"
"1029",8,0.475682846001088,0.84590643747697,"Exp1","mixed","IP",0,0.587134759572324,0.0728181927080955,0.586759944914837,0.68312579340027,0,1.20172298587028,0.68312579340027,0.31687420659973,0.68312579340027,0.68312579340027,"all","linear"
"1030",8,2.01815139660892,1.29388475425958,"Exp1","mixed","IP",0,1.8431990951516,0.324893218488392,1.84238853231546,0.500656959772552,0,-0.297421759825361,0.500656959772552,0.499343040227448,0.500656959772552,0.500656959772552,"all","linear"
"1031",8,2.4,1.50188378392613,"Exp1","mixed","IP",0,1.9719426695204,0.351355377352362,1.97185609611686,0.585007322741656,0,-0.369590924022644,0.585007322741656,0.414992677258344,0.585007322741656,0.585007322741656,"all","linear"
"1032",8,1.69705627484772,1.46986122989711,"Exp1","mixed","IP",0,1.6854252163592,0.296217786821375,1.68512013598052,0.416252650657592,0,-0.199712363404067,0.416252650657592,0.583747349342408,0.416252650657592,0.416252650657592,"all","linear"
"1033",8,2.4,1.46989357434086,"Exp1","mixed","IP",0,1.9719426695204,0.351355377352362,1.97246050418405,0.585007322741656,0,-0.370678169569446,0.585007322741656,0.414992677258344,0.585007322741656,0.585007322741656,"all","linear"
"1034",8,0.8,1.18989643558007,"Exp1","mixed","IP",0,0.661781332477378,0.0792354377292362,0.661579541378499,0.858326624979963,0,1.12050883759915,0.858326624979963,0.141673375020037,0.858326624979963,0.858326624979963,"all","linear"
"1035",8,0.672717132202972,0.789986004807815,"Exp1","mixed","IP",0,0.645316026393952,0.07755312656739,0.645536742710204,0.811015401684459,0,1.13705632095265,0.811015401684459,0.188984598315541,0.811015401684459,0.811015401684459,"all","linear"
"1036",8,1.2,1.0380013310978,"Exp1","mixed","IP",0,1.32441664183841,0.236769465563128,1.32469038949025,0.264815424722471,0,0.0246621927223805,0.264815424722471,0.735184575277529,0.264815424722471,0.264815424722471,"all","linear"
"1037",8,0.4,0.637954680458733,"Exp1","mixed","IP",0,0.544352172026354,0.0697556763706735,0.544452572255439,0.604559977339809,0,1.24344956376584,0.604559977339809,0.395440022660191,0.604559977339809,0.604559977339809,"all","linear"
"1038",8,0.672717132202972,0.853891782955998,"Exp1","mixed","IP",0,0.645316026393952,0.07755312656739,0.644767256147072,0.811015401684459,0,1.13918090934521,0.811015401684459,0.188984598315541,0.811015401684459,0.811015401684459,"all","linear"
"1039",8,1.42704853800327,1.02191743458798,"Exp1","mixed","IP",0,1.50860846207125,0.266446032694895,1.50602640447082,0.336408768717709,0,-0.0975240659330777,0.336408768717709,0.663591231282291,0.336408768717709,0.336408768717709,"all","linear"
"1040",8,0.8,0.861911960912948,"Exp1","mixed","IP",0,0.661781332477378,0.0792354377292362,0.661689683374738,0.858326624979963,0,1.11395768068589,0.858326624979963,0.141673375020037,0.858326624979963,0.858326624979963,"all","linear"
"1041",8,2.4,1.32587807388836,"Exp1","mixed","IP",0,1.9719426695204,0.351355377352362,1.97046286224664,0.585007322741656,0,-0.376109286958781,0.585007322741656,0.414992677258344,0.585007322741656,0.585007322741656,"all","linear"
"1042",8,1.2,1.18197049191531,"Exp1","mixed","IP",0,1.32441664183841,0.236769465563128,1.32512295195122,0.264815424722471,0,0.023253515573587,0.264815424722471,0.735184575277529,0.264815424722471,0.264815424722471,"all","linear"
"1043",8,1.69705627484772,1.23789403462706,"Exp1","mixed","IP",0,1.6854252163592,0.296217786821375,1.68632977668019,0.416252650657592,0,-0.196176107635331,0.416252650657592,0.583747349342408,0.416252650657592,0.416252650657592,"all","linear"
"1044",8,0.672717132202972,0.925924413523262,"Exp1","mixed","IP",0,0.645316026393952,0.07755312656739,0.645508106847735,0.811015401684459,0,1.14006051420828,0.811015401684459,0.188984598315541,0.811015401684459,0.811015401684459,"all","linear"
"1045",8,1.42704853800327,1.01392213697227,"Exp1","mixed","IP",0,1.50860846207125,0.266446032694895,1.50596509107559,0.336408768717709,0,-0.0929255143017941,0.336408768717709,0.663591231282291,0.336408768717709,0.336408768717709,"all","linear"
"1046",8,0.8,1.0139103188103,"Exp1","mixed","IP",0,0.661781332477378,0.0792354377292362,0.662010519839706,0.858326624979963,0,1.1159722722514,0.858326624979963,0.141673375020037,0.858326624979963,0.858326624979963,"all","linear"
"1047",8,2.4,1.23791829295942,"Exp1","mixed","IP",0,1.9719426695204,0.351355377352362,1.96981730077938,0.585007322741656,0,-0.37173780943748,0.585007322741656,0.414992677258344,0.585007322741656,0.585007322741656,"all","linear"
"1048",8,0.565685424949238,0.813982782803578,"Exp1","mixed","IP",0,0.620771692576262,0.07542372573602,0.620822943610872,0.752537973928452,0,1.16640423470626,0.752537973928452,0.247462026071548,0.752537973928452,0.752537973928452,"all","linear"
"1049",8,1.42704853800327,1.02189690830664,"Exp1","mixed","IP",0,1.50860846207125,0.266446032694895,1.5084796869585,0.336408768717709,0,-0.0986014644233808,0.336408768717709,0.663591231282291,0.336408768717709,0.336408768717709,"all","linear"
"1050",8,2.01815139660892,1.15790964704092,"Exp1","mixed","IP",0,1.8431990951516,0.324893218488392,1.84327351075111,0.500656959772552,0,-0.28696036571644,0.500656959772552,0.499343040227448,0.500656959772552,0.500656959772552,"all","linear"
"1051",8,0.565685424949238,0.933922199173139,"Exp1","mixed","IP",0,0.620771692576262,0.07542372573602,0.620796664500497,0.752537973928452,0,1.15923235666668,0.752537973928452,0.247462026071548,0.752537973928452,0.752537973928452,"all","linear"
"1052",8,0.4,0.42186674089271,"Exp1","mixed","IP",0,0.544352172026354,0.0697556763706735,0.543803515110051,0.604559977339809,0,1.24711132703357,0.604559977339809,0.395440022660191,0.604559977339809,0.604559977339809,"all","linear"
"1053",8,0.4,0.541929003946734,"Exp1","mixed","IP",0,0.544352172026354,0.0697556763706735,0.544241752375586,0.604559977339809,0,1.24487318622173,0.604559977339809,0.395440022660191,0.604559977339809,0.604559977339809,"all","linear"
"1054",8,0.565685424949238,0.549888225067207,"Exp1","mixed","IP",0,0.620771692576262,0.07542372573602,0.620237370409332,0.752537973928452,0,1.17094394392163,0.752537973928452,0.247462026071548,0.752537973928452,0.752537973928452,"all","linear"
"1055",8,2.01815139660892,1.18992660299364,"Exp1","mixed","IP",0,1.8431990951516,0.324893218488392,1.84103213115063,0.500656959772552,0,-0.291287907535015,0.500656959772552,0.499343040227448,0.500656959772552,0.500656959772552,"all","linear"
"1056",8,0.475682846001088,0.653876232742732,"Exp1","mixed","IP",0,0.587134759572324,0.0728181927080955,0.587136042809558,0.68312579340027,0,1.20888377015825,0.68312579340027,0.31687420659973,0.68312579340027,0.68312579340027,"all","linear"
"1057",8,1.69705627484772,0.997856589713592,"Exp1","mixed","IP",0,1.6854252163592,0.296217786821375,1.68631736106618,0.416252650657592,0,-0.199450886771084,0.416252650657592,0.583747349342408,0.416252650657592,0.416252650657592,"all","linear"
"1058",8,0.4,0.469896062374573,"Exp1","mixed","IP",0,0.544352172026354,0.0697556763706735,0.544664506528805,0.604559977339809,0,1.24849745129195,0.604559977339809,0.395440022660191,0.604559977339809,0.604559977339809,"all","linear"
"1059",8,2.01815139660892,1.18192508529273,"Exp1","mixed","IP",0,1.8431990951516,0.324893218488392,1.8446347248117,0.500656959772552,0,-0.295593840979278,0.500656959772552,0.499343040227448,0.500656959772552,0.500656959772552,"all","linear"
"1060",8,0.4,0.565891882477899,"Exp1","mixed","IP",0,0.544352172026354,0.0697556763706735,0.544434527754625,0.604559977339809,0,1.2412000956136,0.604559977339809,0.395440022660191,0.604559977339809,0.604559977339809,"all","linear"
"1061",8,0.4,0.581917932194756,"Exp1","mixed","IP",0,0.544352172026354,0.0697556763706735,0.544003559815797,0.604559977339809,0,1.24492811673934,0.604559977339809,0.395440022660191,0.604559977339809,0.604559977339809,"all","linear"
"1062",8,0.672717132202972,0.605974112004787,"Exp1","mixed","IP",0,0.645316026393952,0.07755312656739,0.645266078436094,0.811015401684459,0,1.13890706103466,0.811015401684459,0.188984598315541,0.811015401684459,0.811015401684459,"all","linear"
"1063",8,0.475682846001088,0.485878260491063,"Exp1","mixed","IP",0,0.587134759572324,0.0728181927080955,0.586732806182324,0.68312579340027,0,1.19919474038935,0.68312579340027,0.31687420659973,0.68312579340027,0.68312579340027,"all","linear"
"1064",8,1.69705627484772,1.38194872161648,"Exp1","mixed","IP",0,1.6854252163592,0.296217786821375,1.68785967308929,0.416252650657592,0,-0.196221855774931,0.416252650657592,0.583747349342408,0.416252650657592,0.416252650657592,"all","linear"
"1065",8,0.8,0.861892989652461,"Exp1","mixed","IP",0,0.661781332477378,0.0792354377292362,0.662157367335171,0.858326624979963,0,1.11775007936855,0.858326624979963,0.141673375020037,0.858326624979963,0.858326624979963,"all","linear"
"1066",8,1.42704853800327,1.10989743079381,"Exp1","mixed","IP",0,1.50860846207125,0.266446032694895,1.50767332905725,0.336408768717709,0,-0.0975623284976439,0.336408768717709,0.663591231282291,0.336408768717709,0.336408768717709,"all","linear"
"1067",8,0.672717132202972,0.829876033700202,"Exp1","mixed","IP",0,0.645316026393952,0.07755312656739,0.6454703296615,0.811015401684459,0,1.14806819188076,0.811015401684459,0.188984598315541,0.811015401684459,0.811015401684459,"all","linear"
"1068",8,0.4,0.421894109267669,"Exp1","mixed","IP",0,0.544352172026354,0.0697556763706735,0.544496574990468,0.604559977339809,0,1.24883288093379,0.604559977339809,0.395440022660191,0.604559977339809,0.604559977339809,"all","linear"
"1069",8,0.672717132202972,0.717970479475298,"Exp1","mixed","IP",0,0.645316026393952,0.07755312656739,0.645808840993694,0.811015401684459,0,1.13942658358478,0.811015401684459,0.188984598315541,0.811015401684459,0.811015401684459,"all","linear"
"1070",8,0.565685424949238,0.813977495731251,"Exp1","mixed","IP",0,0.620771692576262,0.07542372573602,0.620488760152629,0.752537973928452,0,1.17015180205798,0.752537973928452,0.247462026071548,0.752537973928452,0.752537973928452,"all","linear"
"1071",8,0.475682846001088,0.853915108275942,"Exp1","mixed","IP",0,0.587134759572324,0.0728181927080955,0.587637659128158,0.68312579340027,0,1.2024414250201,0.68312579340027,0.31687420659973,0.68312579340027,0.68312579340027,"all","linear"
"1072",8,0.8,0.757927374284009,"Exp1","mixed","IP",0,0.661781332477378,0.0792354377292362,0.661555107926796,0.858326624979963,0,1.11582889452435,0.858326624979963,0.141673375020037,0.858326624979963,0.858326624979963,"all","linear"
"1073",8,0.565685424949238,0.725911040340179,"Exp1","mixed","IP",0,0.620771692576262,0.07542372573602,0.620337286122903,0.752537973928452,0,1.16708135792618,0.752537973928452,0.247462026071548,0.752537973928452,0.752537973928452,"all","linear"
"1074",8,2.4,1.72591166234861,"Exp1","mixed","IP",0,1.9719426695204,0.351355377352362,1.97345985007636,0.585007322741656,0,-0.375431526761632,0.585007322741656,0.414992677258344,0.585007322741656,0.585007322741656,"all","linear"
"1075",8,2.4,1.34196290341151,"Exp1","mixed","IP",0,1.9719426695204,0.351355377352362,1.97180589504995,0.585007322741656,0,-0.374061337685909,0.585007322741656,0.414992677258344,0.585007322741656,0.585007322741656,"all","linear"
"1076",8,1.42704853800327,1.54191314272884,"Exp1","mixed","IP",0,1.50860846207125,0.266446032694895,1.50800489852031,0.336408768717709,0,-0.0927976471829741,0.336408768717709,0.663591231282291,0.336408768717709,0.336408768717709,"all","linear"
"1077",8,1.2,1.48592460012605,"Exp1","mixed","IP",0,1.32441664183841,0.236769465563128,1.32678807436866,0.264815424722471,0,0.021665999936178,0.264815424722471,0.735184575277529,0.264815424722471,0.264815424722471,"all","linear"
"1078",8,0.4,0.621988965568562,"Exp1","mixed","IP",0,0.544352172026354,0.0697556763706735,0.543898266589904,0.604559977339809,0,1.24474920931085,0.604559977339809,0.395440022660191,0.604559977339809,0.604559977339809,"all","linear"
"1079",8,2.4,1.66192346807111,"Exp1","mixed","IP",0,1.9719426695204,0.351355377352362,1.97305522377398,0.585007322741656,0,-0.367922301934658,0.585007322741656,0.414992677258344,0.585007322741656,0.585007322741656,"all","linear"
"1080",8,1.69705627484772,1.6059168872207,"Exp1","mixed","IP",0,1.6854252163592,0.296217786821375,1.68755610835754,0.416252650657592,0,-0.20245800738914,0.416252650657592,0.583747349342408,0.416252650657592,0.416252650657592,"all","linear"
"1081",8,1.69705627484772,1.51791512071577,"Exp1","mixed","IP",0,1.6854252163592,0.296217786821375,1.68500946173672,0.416252650657592,0,-0.198175418033755,0.416252650657592,0.583747349342408,0.416252650657592,0.416252650657592,"all","linear"
"1082",8,2.01815139660892,1.45387623274291,"Exp1","mixed","IP",0,1.8431990951516,0.324893218488392,1.84253695739782,0.500656959772552,0,-0.293478993099562,0.500656959772552,0.499343040227448,0.500656959772552,0.500656959772552,"all","linear"
"1083",8,2.4,1.74986085669207,"Exp1","mixed","IP",0,1.9719426695204,0.351355377352362,1.97036678900752,0.585007322741656,0,-0.373393614947221,0.585007322741656,0.414992677258344,0.585007322741656,0.585007322741656,"all","linear"
"1084",8,2.01815139660892,1.78991944989502,"Exp1","mixed","IP",0,1.8431990951516,0.324893218488392,1.84368348300849,0.500656959772552,0,-0.295183527583481,0.500656959772552,0.499343040227448,0.500656959772552,0.500656959772552,"all","linear"
"1085",8,0.8,1.0938667160126,"Exp1","mixed","IP",0,0.661781332477378,0.0792354377292362,0.662291894581206,0.858326624979963,0,1.11993556807309,0.858326624979963,0.141673375020037,0.858326624979963,0.858326624979963,"all","linear"
"1086",8,0.8,1.22992392835749,"Exp1","mixed","IP",0,0.661781332477378,0.0792354377292362,0.662100220211633,0.858326624979963,0,1.12194527398477,0.858326624979963,0.141673375020037,0.858326624979963,0.858326624979963,"all","linear"
"1087",8,1.2,1.16591116474228,"Exp1","mixed","IP",0,1.32441664183841,0.236769465563128,1.32466693975434,0.264815424722471,0,0.0261819195137032,0.264815424722471,0.735184575277529,0.264815424722471,0.264815424722471,"all","linear"
"1088",8,1.69705627484772,1.07791002024624,"Exp1","mixed","IP",0,1.6854252163592,0.296217786821375,1.68317072250944,0.416252650657592,0,-0.204875621115281,0.416252650657592,0.583747349342408,0.416252650657592,0.416252650657592,"all","linear"
"1089",8,1.2,1.34988573703322,"Exp1","mixed","IP",0,1.32441664183841,0.236769465563128,1.32413460845174,0.264815424722471,0,0.0237686351249223,0.264815424722471,0.735184575277529,0.264815424722471,0.264815424722471,"all","linear"
"1090",8,1.42704853800327,1.15789565184878,"Exp1","mixed","IP",0,1.50860846207125,0.266446032694895,1.50695872031115,0.336408768717709,0,-0.0922771521537664,0.336408768717709,0.663591231282291,0.336408768717709,0.336408768717709,"all","linear"
"1091",8,1.2,1.13392562022,"Exp1","mixed","IP",0,1.32441664183841,0.236769465563128,1.32643678604808,0.264815424722471,0,0.0213356378486383,0.264815424722471,0.735184575277529,0.264815424722471,0.264815424722471,"all","linear"
"1092",9,0.672717132202972,0.702000099525321,"Exp1","mixed","IP",0,0.68038238498735,0.0886138956477078,0.680617538131383,0.531909504272676,0,1.00706591157028,0.531909504272676,0.468090495727324,0.531909504272676,0.531909504272676,"all","linear"
"1093",9,0.565685424949238,0.805883920769702,"Exp1","mixed","IP",0,0.619830911427807,0.0848455041729611,0.620599703996283,0.446330464827272,0,1.04267909824461,0.446330464827272,0.553669535172728,0.446330464827272,0.446330464827272,"all","linear"
"1094",9,0.8,0.669905081500474,"Exp1","mixed","IP",0,0.730587409032654,0.0921633044136954,0.730946701869339,0.61566419055619,0,0.967099093755821,0.61566419055619,0.38433580944381,0.61566419055619,0.61566419055619,"all","linear"
"1095",9,2.4,2.24589928437854,"Exp1","mixed","IP",0,1.91504778292754,0.195243255525234,1.9157551985184,0.681013138959277,0,0.217817250058282,0.681013138959277,0.318986861040723,0.681013138959277,0.681013138959277,"all","linear"
"1096",9,0.672717132202972,0.757891919798567,"Exp1","mixed","IP",0,0.68038238498735,0.0886138956477078,0.68021394704112,0.531909504272676,0,1.0042000617184,0.531909504272676,0.468090495727324,0.531909504272676,0.531909504272676,"all","linear"
"1097",9,0.565685424949238,0.493987074663892,"Exp1","mixed","IP",0,0.619830911427807,0.0848455041729611,0.620611765875195,0.446330464827272,0,1.0482589985824,0.446330464827272,0.553669535172728,0.446330464827272,0.446330464827272,"all","linear"
"1098",9,0.4,0.469908813553047,"Exp1","mixed","IP",0,0.482730105407722,0.0774473384396039,0.482473089814433,0.288500435671463,0,1.14359140632217,0.288500435671463,0.711499564328537,0.288500435671463,0.288500435671463,"all","linear"
"1099",9,1.2,1.5978202022161,"Exp1","mixed","IP",0,1.37069730604266,0.146347445188947,1.3703457423222,0.349730443523416,0,0.501846379955783,0.349730443523416,0.650269556476584,0.349730443523416,0.349730443523416,"all","linear"
"1100",9,0.475682846001088,0.557977445972938,"Exp1","mixed","IP",0,0.552511596863168,0.0810562377431149,0.552837826545349,0.363789527152225,0,1.09808265104638,0.363789527152225,0.636210472847775,0.363789527152225,0.363789527152225,"all","linear"
"1101",9,2.01815139660892,1.91786162798235,"Exp1","mixed","IP",0,1.81937442182079,0.184736762122998,1.81904178325647,0.60197083110727,0,0.271447327638268,0.60197083110727,0.39802916889273,0.60197083110727,0.60197083110727,"all","linear"
"1102",9,1.2,1.54188048728247,"Exp1","mixed","IP",0,1.37069730604266,0.146347445188947,1.36971302185124,0.349730443523416,0,0.505173759378731,0.349730443523416,0.650269556476584,0.349730443523416,0.349730443523416,"all","linear"
"1103",9,1.69705627484772,1.72587309782102,"Exp1","mixed","IP",0,1.6923661430829,0.172782005216238,1.6911986588058,0.51725893150798,0,0.335265624561985,0.51725893150798,0.48274106849202,0.51725893150798,0.51725893150798,"all","linear"
"1104",9,0.565685424949238,0.829876966712618,"Exp1","mixed","IP",0,0.619830911427807,0.0848455041729611,0.619971441771472,0.446330464827272,0,1.04607950052948,0.446330464827272,0.553669535172728,0.446330464827272,0.446330464827272,"all","linear"
"1105",9,2.4,2.14187706623488,"Exp1","mixed","IP",0,1.91504778292754,0.195243255525234,1.91673368452795,0.681013138959277,0,0.215320860742876,0.681013138959277,0.318986861040723,0.681013138959277,0.681013138959277,"all","linear"
"1106",9,0.475682846001088,0.71803641238148,"Exp1","mixed","IP",0,0.552511596863168,0.0810562377431149,0.552487090128276,0.363789527152225,0,1.09536469611795,0.363789527152225,0.636210472847775,0.363789527152225,0.363789527152225,"all","linear"
"1107",9,0.4,0.414024146371958,"Exp1","mixed","IP",0,0.482730105407722,0.0774473384396039,0.48297434769781,0.288500435671463,0,1.1458825787001,0.288500435671463,0.711499564328537,0.288500435671463,0.288500435671463,"all","linear"
"1108",9,1.42704853800327,1.45405039513207,"Exp1","mixed","IP",0,1.53967773521695,0.15979583128041,1.53979161179953,0.431548534425861,0,0.419728993324955,0.431548534425861,0.568451465574139,0.431548534425861,0.431548534425861,"all","linear"
"1109",9,2.01815139660892,1.64588871023807,"Exp1","mixed","IP",0,1.81937442182079,0.184736762122998,1.81999134117126,0.60197083110727,0,0.271542286379539,0.60197083110727,0.39802916889273,0.60197083110727,0.60197083110727,"all","linear"
"1110",9,2.4,2.34195295127938,"Exp1","mixed","IP",0,1.91504778292754,0.195243255525234,1.91558381781684,0.681013138959277,0,0.210759537113673,0.681013138959277,0.318986861040723,0.681013138959277,0.681013138959277,"all","linear"
"1111",9,1.2,1.22193889388291,"Exp1","mixed","IP",0,1.37069730604266,0.146347445188947,1.37094978168525,0.349730443523416,0,0.503586069272092,0.349730443523416,0.650269556476584,0.349730443523416,0.349730443523416,"all","linear"
"1112",9,0.8,0.717978876589768,"Exp1","mixed","IP",0,0.730587409032654,0.0921633044136954,0.730306413688735,0.61566419055619,0,0.96754593751088,0.61566419055619,0.38433580944381,0.61566419055619,0.61566419055619,"all","linear"
"1113",9,2.4,2.22985333039105,"Exp1","mixed","IP",0,1.91504778292754,0.195243255525234,1.91534882028784,0.681013138959277,0,0.216648482257426,0.681013138959277,0.318986861040723,0.681013138959277,0.681013138959277,"all","linear"
"1114",9,1.69705627484772,1.69392176376641,"Exp1","mixed","IP",0,1.6923661430829,0.172782005216238,1.6920753407484,0.51725893150798,0,0.337253182137592,0.51725893150798,0.48274106849202,0.51725893150798,0.51725893150798,"all","linear"
"1115",9,2.01815139660892,1.85382616105926,"Exp1","mixed","IP",0,1.81937442182079,0.184736762122998,1.81838835951949,0.60197083110727,0,0.27513671037901,0.60197083110727,0.39802916889273,0.60197083110727,0.60197083110727,"all","linear"
"1116",9,0.672717132202972,0.629831560090679,"Exp1","mixed","IP",0,0.68038238498735,0.0886138956477078,0.680873653286071,0.531909504272676,0,1.00688330089465,0.531909504272676,0.468090495727324,0.531909504272676,0.531909504272676,"all","linear"
"1117",9,1.42704853800327,1.44585325574735,"Exp1","mixed","IP",0,1.53967773521695,0.15979583128041,1.53983589624616,0.431548534425861,0,0.416750118302889,0.431548534425861,0.568451465574139,0.431548534425861,0.431548534425861,"all","linear"
"1118",9,1.69705627484772,1.54985961267812,"Exp1","mixed","IP",0,1.6923661430829,0.172782005216238,1.69347606045973,0.51725893150798,0,0.336553963536364,0.51725893150798,0.48274106849202,0.51725893150798,0.51725893150798,"all","linear"
"1119",9,1.42704853800327,1.50982465580091,"Exp1","mixed","IP",0,1.53967773521695,0.15979583128041,1.54055762408729,0.431548534425861,0,0.412330449694259,0.431548534425861,0.568451465574139,0.431548534425861,0.431548534425861,"all","linear"
"1120",9,1.69705627484772,1.78998227275588,"Exp1","mixed","IP",0,1.6923661430829,0.172782005216238,1.69249672507769,0.51725893150798,0,0.337019210705516,0.51725893150798,0.48274106849202,0.51725893150798,0.51725893150798,"all","linear"
"1121",9,0.4,0.477887627941527,"Exp1","mixed","IP",0,0.482730105407722,0.0774473384396039,0.482780994536949,0.288500435671463,0,1.14445790171693,0.288500435671463,0.711499564328537,0.288500435671463,0.288500435671463,"all","linear"
"1122",9,0.475682846001088,0.661915381959261,"Exp1","mixed","IP",0,0.552511596863168,0.0810562377431149,0.552472492169765,0.363789527152225,0,1.10069242897976,0.363789527152225,0.636210472847775,0.363789527152225,0.363789527152225,"all","linear"
"1123",9,0.8,0.605974734015035,"Exp1","mixed","IP",0,0.730587409032654,0.0921633044136954,0.731080119681984,0.61566419055619,0,0.971420670233894,0.61566419055619,0.38433580944381,0.61566419055619,0.61566419055619,"all","linear"
"1124",9,2.01815139660892,1.86986340692602,"Exp1","mixed","IP",0,1.81937442182079,0.184736762122998,1.82042646975194,0.60197083110727,0,0.267224888968699,0.60197083110727,0.39802916889273,0.60197083110727,0.60197083110727,"all","linear"
"1125",9,0.672717132202972,0.837956857492827,"Exp1","mixed","IP",0,0.68038238498735,0.0886138956477078,0.680167247706354,0.531909504272676,0,1.00215492851585,0.531909504272676,0.468090495727324,0.531909504272676,0.531909504272676,"all","linear"
"1126",9,0.565685424949238,0.581900204953854,"Exp1","mixed","IP",0,0.619830911427807,0.0848455041729611,0.619925291389165,0.446330464827272,0,1.05148401281356,0.446330464827272,0.553669535172728,0.446330464827272,0.446330464827272,"all","linear"
"1127",9,0.8,0.829861727506795,"Exp1","mixed","IP",0,0.730587409032654,0.0921633044136954,0.730589034129085,0.61566419055619,0,0.964481463251033,0.61566419055619,0.38433580944381,0.61566419055619,0.61566419055619,"all","linear"
"1128",9,1.42704853800327,1.58989456955533,"Exp1","mixed","IP",0,1.53967773521695,0.15979583128041,1.53890258913829,0.431548534425861,0,0.416097401067599,0.431548534425861,0.568451465574139,0.431548534425861,0.431548534425861,"all","linear"
"1129",9,1.69705627484772,2.10182811416234,"Exp1","mixed","IP",0,1.6923661430829,0.172782005216238,1.69403691305085,0.51725893150798,0,0.338935899608661,0.51725893150798,0.48274106849202,0.51725893150798,0.51725893150798,"all","linear"
"1130",9,2.4,2.22193485082971,"Exp1","mixed","IP",0,1.91504778292754,0.195243255525234,1.91450879240372,0.681013138959277,0,0.216700224503687,0.681013138959277,0.318986861040723,0.681013138959277,0.681013138959277,"all","linear"
"1131",9,0.672717132202972,0.645870049978839,"Exp1","mixed","IP",0,0.68038238498735,0.0886138956477078,0.680216228505617,0.531909504272676,0,1.00629181748167,0.531909504272676,0.468090495727324,0.531909504272676,0.531909504272676,"all","linear"
"1132",9,2.4,2.14988884707782,"Exp1","mixed","IP",0,1.91504778292754,0.195243255525234,1.9152762463561,0.681013138959277,0,0.214495622054684,0.681013138959277,0.318986861040723,0.681013138959277,0.681013138959277,"all","linear"
"1133",9,0.4,0.573862921763066,"Exp1","mixed","IP",0,0.482730105407722,0.0774473384396039,0.482931517495007,0.288500435671463,0,1.14086584659993,0.288500435671463,0.711499564328537,0.288500435671463,0.288500435671463,"all","linear"
"1134",9,1.69705627484772,1.50184148734843,"Exp1","mixed","IP",0,1.6923661430829,0.172782005216238,1.69241630824519,0.51725893150798,0,0.34248577345887,0.51725893150798,0.48274106849202,0.51725893150798,0.51725893150798,"all","linear"
"1135",9,0.475682846001088,0.549987746431725,"Exp1","mixed","IP",0,0.552511596863168,0.0810562377431149,0.552041799194941,0.363789527152225,0,1.09556865117904,0.363789527152225,0.636210472847775,0.363789527152225,0.363789527152225,"all","linear"
"1136",9,2.01815139660892,1.39505226426627,"Exp1","mixed","IP",0,1.81937442182079,0.184736762122998,1.82031506610571,0.60197083110727,0,0.273264684028515,0.60197083110727,0.39802916889273,0.60197083110727,0.60197083110727,"all","linear"
"1137",9,2.4,2.26191382694014,"Exp1","mixed","IP",0,1.91504778292754,0.195243255525234,1.91582708509169,0.681013138959277,0,0.217038630161193,0.681013138959277,0.318986861040723,0.681013138959277,0.681013138959277,"all","linear"
"1138",9,2.01815139660892,1.98193130538129,"Exp1","mixed","IP",0,1.81937442182079,0.184736762122998,1.81912242452158,0.60197083110727,0,0.276316526695119,0.60197083110727,0.39802916889273,0.60197083110727,0.60197083110727,"all","linear"
"1139",9,1.69705627484772,1.77388904611871,"Exp1","mixed","IP",0,1.6923661430829,0.172782005216238,1.69301175475258,0.51725893150798,0,0.345882200350433,0.51725893150798,0.48274106849202,0.51725893150798,0.51725893150798,"all","linear"
"1140",9,0.8,0.925888648034743,"Exp1","mixed","IP",0,0.730587409032654,0.0921633044136954,0.73126275812992,0.61566419055619,0,0.964934496056169,0.61566419055619,0.38433580944381,0.61566419055619,0.61566419055619,"all","linear"
"1141",9,0.8,0.861964520634501,"Exp1","mixed","IP",0,0.730587409032654,0.0921633044136954,0.729795476948822,0.61566419055619,0,0.97511223974353,0.61566419055619,0.38433580944381,0.61566419055619,0.61566419055619,"all","linear"
"1142",9,0.8,0.797908838430885,"Exp1","mixed","IP",0,0.730587409032654,0.0921633044136954,0.730360268535017,0.61566419055619,0,0.971211740553088,0.61566419055619,0.38433580944381,0.61566419055619,0.61566419055619,"all","linear"
"1143",9,1.2,1.40591844224036,"Exp1","mixed","IP",0,1.37069730604266,0.146347445188947,1.37059401319279,0.349730443523416,0,0.499334108089543,0.349730443523416,0.650269556476584,0.349730443523416,0.349730443523416,"all","linear"
"1144",9,0.565685424949238,0.797989699542086,"Exp1","mixed","IP",0,0.619830911427807,0.0848455041729611,0.618863898244611,0.446330464827272,0,1.05322904662082,0.446330464827272,0.553669535172728,0.446330464827272,0.446330464827272,"all","linear"
"1145",9,1.2,1.3201226289857,"Exp1","mixed","IP",0,1.37069730604266,0.146347445188947,1.37155120980198,0.349730443523416,0,0.506285153757729,0.349730443523416,0.650269556476584,0.349730443523416,0.349730443523416,"all","linear"
"1146",9,0.565685424949238,0.597938694842014,"Exp1","mixed","IP",0,0.619830911427807,0.0848455041729611,0.619940644247912,0.446330464827272,0,1.04786929576479,0.446330464827272,0.553669535172728,0.446330464827272,0.446330464827272,"all","linear"
"1147",9,0.475682846001088,0.637877862409368,"Exp1","mixed","IP",0,0.552511596863168,0.0810562377431149,0.552883174078697,0.363789527152225,0,1.09631525660387,0.363789527152225,0.636210472847775,0.363789527152225,0.363789527152225,"all","linear"
"1148",9,1.69705627484772,1.5179284939004,"Exp1","mixed","IP",0,1.6923661430829,0.172782005216238,1.69331238983078,0.51725893150798,0,0.340948701029922,0.51725893150798,0.48274106849202,0.51725893150798,0.51725893150798,"all","linear"
"1149",9,1.42704853800327,1.48591682502229,"Exp1","mixed","IP",0,1.53967773521695,0.15979583128041,1.54033086972028,0.431548534425861,0,0.425746075982743,0.431548534425861,0.568451465574139,0.431548534425861,0.431548534425861,"all","linear"
"1150",9,0.4,0.533977868937654,"Exp1","mixed","IP",0,0.482730105407722,0.0774473384396039,0.482148572940265,0.288500435671463,0,1.14324755640254,0.288500435671463,0.711499564328537,0.288500435671463,0.288500435671463,"all","linear"
"1151",9,2.4,2.50194722880042,"Exp1","mixed","IP",0,1.91504778292754,0.195243255525234,1.91588166767348,0.681013138959277,0,0.209561005661539,0.681013138959277,0.318986861040723,0.681013138959277,0.681013138959277,"all","linear"
"1152",9,2.01815139660892,1.90193976469527,"Exp1","mixed","IP",0,1.81937442182079,0.184736762122998,1.81802198930327,0.60197083110727,0,0.27776951502956,0.60197083110727,0.39802916889273,0.60197083110727,0.60197083110727,"all","linear"
"1153",9,0.475682846001088,0.517970168471948,"Exp1","mixed","IP",0,0.552511596863168,0.0810562377431149,0.552490432415124,0.363789527152225,0,1.0956185437808,0.363789527152225,0.636210472847775,0.363789527152225,0.363789527152225,"all","linear"
"1154",9,0.672717132202972,0.781870970549789,"Exp1","mixed","IP",0,0.68038238498735,0.0886138956477078,0.679777982112026,0.531909504272676,0,1.00441424281051,0.531909504272676,0.468090495727324,0.531909504272676,0.531909504272676,"all","linear"
"1155",9,0.475682846001088,0.501917994395626,"Exp1","mixed","IP",0,0.552511596863168,0.0810562377431149,0.552179345008591,0.363789527152225,0,1.09523767225731,0.363789527152225,0.636210472847775,0.363789527152225,0.363789527152225,"all","linear"
"1156",9,1.42704853800327,1.79782020221683,"Exp1","mixed","IP",0,1.53967773521695,0.15979583128041,1.53914659718817,0.431548534425861,0,0.412816877773754,0.431548534425861,0.568451465574139,0.431548534425861,0.431548534425861,"all","linear"
"1157",9,0.672717132202972,0.693946644110838,"Exp1","mixed","IP",0,0.68038238498735,0.0886138956477078,0.680262289817614,0.531909504272676,0,1.00719733090132,0.531909504272676,0.468090495727324,0.531909504272676,0.531909504272676,"all","linear"
"1158",9,0.565685424949238,0.557899072900909,"Exp1","mixed","IP",0,0.619830911427807,0.0848455041729611,0.61958758272823,0.446330464827272,0,1.04612469876714,0.446330464827272,0.553669535172728,0.446330464827272,0.446330464827272,"all","linear"
"1159",9,0.4,0.477970666077454,"Exp1","mixed","IP",0,0.482730105407722,0.0774473384396039,0.483283428071902,0.288500435671463,0,1.14526479404645,0.288500435671463,0.711499564328537,0.288500435671463,0.288500435671463,"all","linear"
"1160",9,0.565685424949238,0.629974311046681,"Exp1","mixed","IP",0,0.619830911427807,0.0848455041729611,0.619313479702566,0.446330464827272,0,1.04608211066358,0.446330464827272,0.553669535172728,0.446330464827272,0.446330464827272,"all","linear"
"1161",9,1.42704853800327,1.54987080883075,"Exp1","mixed","IP",0,1.53967773521695,0.15979583128041,1.54104955165446,0.431548534425861,0,0.414899304957393,0.431548534425861,0.568451465574139,0.431548534425861,0.431548534425861,"all","linear"
"1162",9,0.4,0.637894345632958,"Exp1","mixed","IP",0,0.482730105407722,0.0774473384396039,0.4829190399397,0.288500435671463,0,1.14342754568645,0.288500435671463,0.711499564328537,0.288500435671463,0.288500435671463,"all","linear"
"1163",9,2.4,1.84590270542685,"Exp1","mixed","IP",0,1.91504778292754,0.195243255525234,1.91409926386655,0.681013138959277,0,0.221586677440185,0.681013138959277,0.318986861040723,0.681013138959277,0.681013138959277,"all","linear"
"1164",9,2.01815139660892,1.54195450629777,"Exp1","mixed","IP",0,1.81937442182079,0.184736762122998,1.81948482494245,0.60197083110727,0,0.274356565614069,0.60197083110727,0.39802916889273,0.60197083110727,0.60197083110727,"all","linear"
"1165",9,0.4,0.709914225026296,"Exp1","mixed","IP",0,0.482730105407722,0.0774473384396039,0.483234099663937,0.288500435671463,0,1.14609452742301,0.288500435671463,0.711499564328537,0.288500435671463,0.288500435671463,"all","linear"
"1166",9,1.69705627484772,1.98192850634223,"Exp1","mixed","IP",0,1.6923661430829,0.172782005216238,1.69251181304103,0.51725893150798,0,0.338149945930595,0.51725893150798,0.48274106849202,0.51725893150798,0.51725893150798,"all","linear"
"1167",9,2.01815139660892,1.77381813714965,"Exp1","mixed","IP",0,1.81937442182079,0.184736762122998,1.81946287687234,0.60197083110727,0,0.272348693301163,0.60197083110727,0.39802916889273,0.60197083110727,0.60197083110727,"all","linear"
"1168",9,1.69705627484772,1.70188813798813,"Exp1","mixed","IP",0,1.6923661430829,0.172782005216238,1.69301036391722,0.51725893150798,0,0.336479708370327,0.51725893150798,0.48274106849202,0.51725893150798,0.51725893150798,"all","linear"
"1169",9,0.672717132202972,0.845904571451683,"Exp1","mixed","IP",0,0.68038238498735,0.0886138956477078,0.681197335023807,0.531909504272676,0,1.00385328884982,0.531909504272676,0.468090495727324,0.531909504272676,0.531909504272676,"all","linear"
"1170",9,0.8,0.853968290008197,"Exp1","mixed","IP",0,0.730587409032654,0.0921633044136954,0.730274250437491,0.61566419055619,0,0.964334946041577,0.61566419055619,0.38433580944381,0.61566419055619,0.61566419055619,"all","linear"
"1171",9,0.475682846001088,0.605837270129996,"Exp1","mixed","IP",0,0.552511596863168,0.0810562377431149,0.553259477693151,0.363789527152225,0,1.09795570023271,0.363789527152225,0.636210472847775,0.363789527152225,0.363789527152225,"all","linear"
"1172",9,0.565685424949238,0.493879156183539,"Exp1","mixed","IP",0,0.619830911427807,0.0848455041729611,0.620220430511388,0.446330464827272,0,1.05113991034734,0.446330464827272,0.553669535172728,0.446330464827272,0.446330464827272,"all","linear"
"1173",9,1.42704853800327,1.70985482321339,"Exp1","mixed","IP",0,1.53967773521695,0.15979583128041,1.53933268365464,0.431548534425861,0,0.415323774412227,0.431548534425861,0.568451465574139,0.431548534425861,0.431548534425861,"all","linear"
"1174",9,1.2,1.41386802223133,"Exp1","mixed","IP",0,1.37069730604266,0.146347445188947,1.37019352566044,0.349730443523416,0,0.509190387597898,0.349730443523416,0.650269556476584,0.349730443523416,0.349730443523416,"all","linear"
"1175",9,1.42704853800327,1.63787941743067,"Exp1","mixed","IP",0,1.53967773521695,0.15979583128041,1.53969890164341,0.431548534425861,0,0.419149547827977,0.431548534425861,0.568451465574139,0.431548534425861,0.431548534425861,"all","linear"
"1176",9,0.475682846001088,0.469955153184856,"Exp1","mixed","IP",0,0.552511596863168,0.0810562377431149,0.551760662196088,0.363789527152225,0,1.09806334894583,0.363789527152225,0.636210472847775,0.363789527152225,0.363789527152225,"all","linear"
"1177",9,1.2,1.35794696755693,"Exp1","mixed","IP",0,1.37069730604266,0.146347445188947,1.37006299607284,0.349730443523416,0,0.500685817040272,0.349730443523416,0.650269556476584,0.349730443523416,0.349730443523416,"all","linear"
"1178",9,0.4,0.469957019213325,"Exp1","mixed","IP",0,0.482730105407722,0.0774473384396039,0.482604387958675,0.288500435671463,0,1.14373399777737,0.288500435671463,0.711499564328537,0.288500435671463,0.288500435671463,"all","linear"
"1179",9,2.4,2.29384961077812,"Exp1","mixed","IP",0,1.91504778292754,0.195243255525234,1.91444075366053,0.681013138959277,0,0.218163931553727,0.681013138959277,0.318986861040723,0.681013138959277,0.681013138959277,"all","linear"
"1180",9,0.565685424949238,0.669960129256651,"Exp1","mixed","IP",0,0.619830911427807,0.0848455041729611,0.619516715612954,0.446330464827272,0,1.04904679455007,0.446330464827272,0.553669535172728,0.446330464827272,0.446330464827272,"all","linear"
"1181",9,1.2,1.50997735889177,"Exp1","mixed","IP",0,1.37069730604266,0.146347445188947,1.37171660926655,0.349730443523416,0,0.504619519901866,0.349730443523416,0.650269556476584,0.349730443523416,0.349730443523416,"all","linear"
"1182",9,2.01815139660892,1.6859426383744,"Exp1","mixed","IP",0,1.81937442182079,0.184736762122998,1.81822008133681,0.60197083110727,0,0.268722868224585,0.60197083110727,0.39802916889273,0.60197083110727,0.60197083110727,"all","linear"
"1183",9,0.8,0.805938968525879,"Exp1","mixed","IP",0,0.730587409032654,0.0921633044136954,0.730303252367865,0.61566419055619,0,0.970434560602159,0.61566419055619,0.38433580944381,0.61566419055619,0.61566419055619,"all","linear"
"1184",9,0.475682846001088,0.525912595363479,"Exp1","mixed","IP",0,0.552511596863168,0.0810562377431149,0.552671086517046,0.363789527152225,0,1.09869464607469,0.363789527152225,0.636210472847775,0.363789527152225,0.363789527152225,"all","linear"
"1185",9,0.8,0.758018809541682,"Exp1","mixed","IP",0,0.730587409032654,0.0921633044136954,0.730576082702139,0.61566419055619,0,0.965497451988505,0.61566419055619,0.38433580944381,0.61566419055619,0.61566419055619,"all","linear"
"1186",9,0.4,0.461943994352623,"Exp1","mixed","IP",0,0.482730105407722,0.0774473384396039,0.482207463395821,0.288500435671463,0,1.13697618213692,0.288500435671463,0.711499564328537,0.288500435671463,0.288500435671463,"all","linear"
"1187",9,1.42704853800327,1.32586967677707,"Exp1","mixed","IP",0,1.53967773521695,0.15979583128041,1.53960551329279,0.431548534425861,0,0.417309508633062,0.431548534425861,0.568451465574139,0.431548534425861,0.431548534425861,"all","linear"
"1188",9,1.2,1.68588261455443,"Exp1","mixed","IP",0,1.37069730604266,0.146347445188947,1.37129844079349,0.349730443523416,0,0.499807082079428,0.349730443523416,0.650269556476584,0.349730443523416,0.349730443523416,"all","linear"
"1189",9,0.8,0.893960639303259,"Exp1","mixed","IP",0,0.730587409032654,0.0921633044136954,0.730050021544661,0.61566419055619,0,0.965303914926418,0.61566419055619,0.38433580944381,0.61566419055619,0.61566419055619,"all","linear"
"1190",9,0.672717132202972,0.757924886253022,"Exp1","mixed","IP",0,0.68038238498735,0.0886138956477078,0.680177553068586,0.531909504272676,0,1.00908608524438,0.531909504272676,0.468090495727324,0.531909504272676,0.531909504272676,"all","linear"
"1191",9,0.672717132202972,0.669892330326547,"Exp1","mixed","IP",0,0.68038238498735,0.0886138956477078,0.680641874460881,0.531909504272676,0,1.00391325659806,0.531909504272676,0.468090495727324,0.531909504272676,0.531909504272676,"all","linear"
"1192",9,2.01815139660892,1.96598082970013,"Exp1","mixed","IP",0,1.81937442182079,0.184736762122998,1.81780316614644,0.60197083110727,0,0.274842537136257,0.60197083110727,0.39802916889273,0.60197083110727,0.60197083110727,"all","linear"
"1193",9,0.672717132202972,0.702059501334588,"Exp1","mixed","IP",0,0.68038238498735,0.0886138956477078,0.680307930163824,0.531909504272676,0,1.00493614126196,0.531909504272676,0.468090495727324,0.531909504272676,0.531909504272676,"all","linear"
"1194",9,2.4,2.24597641343644,"Exp1","mixed","IP",0,1.91504778292754,0.195243255525234,1.9152409593612,0.681013138959277,0,0.214466313067544,0.681013138959277,0.318986861040723,0.681013138959277,0.681013138959277,"all","linear"
"1195",9,1.42704853800327,1.42995378476917,"Exp1","mixed","IP",0,1.53967773521695,0.15979583128041,1.53912057641496,0.431548534425861,0,0.415963883952037,0.431548534425861,0.568451465574139,0.431548534425861,0.431548534425861,"all","linear"
"1196",9,1.69705627484772,1.59805345541463,"Exp1","mixed","IP",0,1.6923661430829,0.172782005216238,1.69137954161803,0.51725893150798,0,0.338882032757716,0.51725893150798,0.48274106849202,0.51725893150798,0.51725893150798,"all","linear"
"1197",9,0.475682846001088,0.653868768640677,"Exp1","mixed","IP",0,0.552511596863168,0.0810562377431149,0.552343929663901,0.363789527152225,0,1.09645521863167,0.363789527152225,0.636210472847775,0.363789527152225,0.363789527152225,"all","linear"
"1198",9,0.4,0.685990222027613,"Exp1","mixed","IP",0,0.482730105407722,0.0774473384396039,0.482215007542235,0.288500435671463,0,1.13873446174761,0.288500435671463,0.711499564328537,0.288500435671463,0.288500435671463,"all","linear"
"1199",9,1.42704853800327,1.50189498008331,"Exp1","mixed","IP",0,1.53967773521695,0.15979583128041,1.53805184356891,0.431548534425861,0,0.41638399527795,0.431548534425861,0.568451465574139,0.431548534425861,0.431548534425861,"all","linear"
"1200",9,0.565685424949238,0.581908602071053,"Exp1","mixed","IP",0,0.619830911427807,0.0848455041729611,0.618634961144246,0.446330464827272,0,1.05010262774693,0.446330464827272,0.553669535172728,0.446330464827272,0.446330464827272,"all","linear"
"1201",9,1.2,1.25388400785232,"Exp1","mixed","IP",0,1.37069730604266,0.146347445188947,1.37167353861958,0.349730443523416,0,0.502713454912419,0.349730443523416,0.650269556476584,0.349730443523416,0.349730443523416,"all","linear"
"1202",9,0.672717132202972,0.701864812665008,"Exp1","mixed","IP",0,0.68038238498735,0.0886138956477078,0.679992525882748,0.531909504272676,0,1.01063246536843,0.531909504272676,0.468090495727324,0.531909504272676,0.531909504272676,"all","linear"
"1203",9,0.565685424949238,0.693887864304997,"Exp1","mixed","IP",0,0.619830911427807,0.0848455041729611,0.619633838827597,0.446330464827272,0,1.04688089437578,0.446330464827272,0.553669535172728,0.446330464827272,0.446330464827272,"all","linear"
"1204",9,1.2,1.26195301347616,"Exp1","mixed","IP",0,1.37069730604266,0.146347445188947,1.37069390384585,0.349730443523416,0,0.506589382677881,0.349730443523416,0.650269556476584,0.349730443523416,0.349730443523416,"all","linear"
"1205",9,2.01815139660892,1.82986856959906,"Exp1","mixed","IP",0,1.81937442182079,0.184736762122998,1.81895601176321,0.60197083110727,0,0.273649899785459,0.60197083110727,0.39802916889273,0.60197083110727,0.60197083110727,"all","linear"
"1206",9,1.69705627484772,1.93396169671905,"Exp1","mixed","IP",0,1.6923661430829,0.172782005216238,1.69252953157086,0.51725893150798,0,0.336141749208552,0.51725893150798,0.48274106849202,0.51725893150798,0.51725893150798,"all","linear"
"1207",9,0.475682846001088,0.533922510177945,"Exp1","mixed","IP",0,0.552511596863168,0.0810562377431149,0.552451344047049,0.363789527152225,0,1.0913022164791,0.363789527152225,0.636210472847775,0.363789527152225,0.363789527152225,"all","linear"
"1208",9,1.69705627484772,1.34990035423471,"Exp1","mixed","IP",0,1.6923661430829,0.172782005216238,1.69224473971713,0.51725893150798,0,0.340810511542698,0.51725893150798,0.48274106849202,0.51725893150798,0.51725893150798,"all","linear"
"1209",9,1.2,1.26989170831803,"Exp1","mixed","IP",0,1.37069730604266,0.146347445188947,1.37017170399267,0.349730443523416,0,0.505579612954161,0.349730443523416,0.650269556476584,0.349730443523416,0.349730443523416,"all","linear"
"1210",9,2.4,2.34989724419211,"Exp1","mixed","IP",0,1.91504778292754,0.195243255525234,1.91528717166795,0.681013138959277,0,0.211273297087848,0.681013138959277,0.318986861040723,0.681013138959277,0.681013138959277,"all","linear"
"1211",9,2.4,2.4139261800301,"Exp1","mixed","IP",0,1.91504778292754,0.195243255525234,1.91477849606016,0.681013138959277,0,0.213865226103087,0.681013138959277,0.318986861040723,0.681013138959277,0.681013138959277,"all","linear"
"1212",9,0.8,0.917896460461634,"Exp1","mixed","IP",0,0.730587409032654,0.0921633044136954,0.730060040695322,0.61566419055619,0,0.969132747554793,0.61566419055619,0.38433580944381,0.61566419055619,0.61566419055619,"all","linear"
"1213",9,1.69705627484772,1.59787276193674,"Exp1","mixed","IP",0,1.6923661430829,0.172782005216238,1.69305255760072,0.51725893150798,0,0.342753635415892,0.51725893150798,0.48274106849202,0.51725893150798,0.51725893150798,"all","linear"
"1214",9,0.565685424949238,0.669906947525305,"Exp1","mixed","IP",0,0.619830911427807,0.0848455041729611,0.620012631359151,0.446330464827272,0,1.05236834791846,0.446330464827272,0.553669535172728,0.446330464827272,0.446330464827272,"all","linear"
"1215",9,1.42704853800327,1.34834253387817,"Exp1","mixed","IP",0,1.53967773521695,0.15979583128041,1.53889453348301,0.431548534425861,0,0.419555828306257,0.431548534425861,0.568451465574139,0.431548534425861,0.431548534425861,"all","linear"
"1216",9,0.565685424949238,0.5976712311749,"Exp1","mixed","IP",0,0.619830911427807,0.0848455041729611,0.619184131448473,0.446330464827272,0,1.04732955473294,0.446330464827272,0.553669535172728,0.446330464827272,0.446330464827272,"all","linear"
"1217",9,0.4,0.622012601896131,"Exp1","mixed","IP",0,0.482730105407722,0.0774473384396039,0.483170132518641,0.288500435671463,0,1.14270850132,0.288500435671463,0.711499564328537,0.288500435671463,0.288500435671463,"all","linear"
"1218",9,2.01815139660892,1.58989705759086,"Exp1","mixed","IP",0,1.81937442182079,0.184736762122998,1.81980280986212,0.60197083110727,0,0.27032538660678,0.60197083110727,0.39802916889273,0.60197083110727,0.60197083110727,"all","linear"
"1219",9,0.475682846001088,0.621939826898597,"Exp1","mixed","IP",0,0.552511596863168,0.0810562377431149,0.552769963308753,0.363789527152225,0,1.09297136054898,0.363789527152225,0.636210472847775,0.363789527152225,0.363789527152225,"all","linear"
"1220",9,0.672717132202972,0.66189174563624,"Exp1","mixed","IP",0,0.68038238498735,0.0886138956477078,0.680629171556173,0.531909504272676,0,1.00487870819,0.531909504272676,0.468090495727324,0.531909504272676,0.531909504272676,"all","linear"
"1221",9,1.2,1.24593411685782,"Exp1","mixed","IP",0,1.37069730604266,0.146347445188947,1.37050759828564,0.349730443523416,0,0.49810320696318,0.349730443523416,0.650269556476584,0.349730443523416,0.349730443523416,"all","linear"
"1222",9,0.475682846001088,0.613877663363382,"Exp1","mixed","IP",0,0.552511596863168,0.0810562377431149,0.552536508618321,0.363789527152225,0,1.09108890687404,0.363789527152225,0.636210472847775,0.363789527152225,0.363789527152225,"all","linear"
"1223",9,2.4,2.14187488920652,"Exp1","mixed","IP",0,1.91504778292754,0.195243255525234,1.91551550442853,0.681013138959277,0,0.216140107084783,0.681013138959277,0.318986861040723,0.681013138959277,0.681013138959277,"all","linear"
"1224",9,2.01815139660892,1.57385296962821,"Exp1","mixed","IP",0,1.81937442182079,0.184736762122998,1.81858415045388,0.60197083110727,0,0.265829911509804,0.60197083110727,0.39802916889273,0.60197083110727,0.60197083110727,"all","linear"
"1225",9,0.8,0.669945512054255,"Exp1","mixed","IP",0,0.730587409032654,0.0921633044136954,0.730625453070134,0.61566419055619,0,0.962753271299903,0.61566419055619,0.38433580944381,0.61566419055619,0.61566419055619,"all","linear"
"1226",9,0.4,0.573854213642335,"Exp1","mixed","IP",0,0.482730105407722,0.0774473384396039,0.482910715510498,0.288500435671463,0,1.14311168647009,0.288500435671463,0.711499564328537,0.288500435671463,0.288500435671463,"all","linear"
"1227",9,0.8,0.661993755034928,"Exp1","mixed","IP",0,0.730587409032654,0.0921633044136954,0.730035839411653,0.61566419055619,0,0.96916357964871,0.61566419055619,0.38433580944381,0.61566419055619,0.61566419055619,"all","linear"
"1228",9,0.4,0.621953200079588,"Exp1","mixed","IP",0,0.482730105407722,0.0774473384396039,0.482653842381876,0.288500435671463,0,1.1428532606169,0.288500435671463,0.711499564328537,0.288500435671463,0.288500435671463,"all","linear"
"1229",9,0.672717132202972,0.685912159959116,"Exp1","mixed","IP",0,0.68038238498735,0.0886138956477078,0.680523396694689,0.531909504272676,0,1.01316457003931,0.531909504272676,0.468090495727324,0.531909504272676,0.531909504272676,"all","linear"
"1230",10,0.8,0.701908353263207,"Exp1","mixed","IP",0,0.699913384918978,0.109018272882311,0.700596537877372,0.700354936818909,0,0.803387951440343,0.700354936818909,0.299645063181091,0.700354936818909,0.700354936818909,"all","linear"
"1231",10,0.565685424949238,0.59004602863115,"Exp1","mixed","IP",0,0.615051044333055,0.107064626651192,0.615002964814911,0.541343656399694,0,0.81903101016149,0.541343656399694,0.458656343600306,0.541343656399694,0.541343656399694,"all","linear"
"1232",10,2.01815139660892,1.64588031311905,"Exp1","mixed","IP",0,2.15377686916278,0.181995129844458,2.15449944823631,0.387588751321482,0,0.289450935353413,0.387588751321482,0.612411248678518,0.387588751321482,0.387588751321482,"all","linear"
"1233",10,0.475682846001088,0.605919686258858,"Exp1","mixed","IP",0,0.558295536030427,0.106017468768251,0.557921102772656,0.45622850848738,0,0.828964998180393,0.45622850848738,0.54377149151262,0.45622850848738,0.45622850848738,"all","linear"
"1234",10,1.42704853800327,1.65385539545696,"Exp1","mixed","IP",0,1.65349145399648,0.156270382877976,1.65356914267176,0.240672915485035,0,0.437947395461973,0.240672915485035,0.759327084514965,0.240672915485035,0.240672915485035,"all","linear"
"1235",10,0.4,0.533960763701543,"Exp1","mixed","IP",0,0.495873167480489,0.104999618826897,0.496025429196975,0.373561001602092,0,0.841974462860101,0.373561001602092,0.626438998397908,0.373561001602092,0.373561001602092,"all","linear"
"1236",10,1.69705627484772,1.70983709596658,"Exp1","mixed","IP",0,1.90460851182803,0.168785707240684,1.9056812700864,0.309346947453362,0,0.366623083949332,0.309346947453362,0.690653052546638,0.309346947453362,0.309346947453362,"all","linear"
"1237",10,2.4,2.42996809096167,"Exp1","mixed","IP",0,2.38496788393342,0.195258624215243,2.3852144832329,0.472075904503569,0,0.215588909095967,0.472075904503569,0.527924095496431,0.472075904503569,0.472075904503569,"all","linear"
"1238",10,0.8,0.925925346537042,"Exp1","mixed","IP",0,0.699913384918978,0.109018272882311,0.699344615101128,0.700354936818909,0,0.799382760952391,0.700354936818909,0.299645063181091,0.700354936818909,0.700354936818909,"all","linear"
"1239",10,2.4,2.49386329496519,"Exp1","mixed","IP",0,2.38496788393342,0.195258624215243,2.38511711210198,0.472075904503569,0,0.217451296809378,0.472075904503569,0.527924095496431,0.472075904503569,0.472075904503569,"all","linear"
"1240",10,0.565685424949238,0.518046364515612,"Exp1","mixed","IP",0,0.615051044333055,0.107064626651192,0.614643352636197,0.541343656399694,0,0.817269394152127,0.541343656399694,0.458656343600306,0.541343656399694,0.541343656399694,"all","linear"
"1241",10,2.01815139660892,1.91783177157322,"Exp1","mixed","IP",0,2.15377686916278,0.181995129844458,2.15257526412786,0.387588751321482,0,0.287541789440867,0.387588751321482,0.612411248678518,0.387588751321482,0.387588751321482,"all","linear"
"1242",10,1.42704853800327,1.73390633795589,"Exp1","mixed","IP",0,1.65349145399648,0.156270382877976,1.65288596416991,0.240672915485035,0,0.436411131707178,0.240672915485035,0.759327084514965,0.240672915485035,0.240672915485035,"all","linear"
"1243",10,1.69705627484772,1.94980176588251,"Exp1","mixed","IP",0,1.90460851182803,0.168785707240684,1.90419983555746,0.309346947453362,0,0.362411931748718,0.309346947453362,0.690653052546638,0.309346947453362,0.309346947453362,"all","linear"
"1244",10,0.475682846001088,0.581872836576622,"Exp1","mixed","IP",0,0.558295536030427,0.106017468768251,0.557891912672836,0.45622850848738,0,0.829520783286394,0.45622850848738,0.54377149151262,0.45622850848738,0.45622850848738,"all","linear"
"1245",10,0.672717132202972,0.661866865294542,"Exp1","mixed","IP",0,0.662900244814609,0.108082392387278,0.66364865391937,0.624144274366892,0,0.810923419444835,0.624144274366892,0.375855725633108,0.624144274366892,0.624144274366892,"all","linear"
"1246",10,0.672717132202972,0.773881271012215,"Exp1","mixed","IP",0,0.662900244814609,0.108082392387278,0.663022790706812,0.624144274366892,0,0.802795694757276,0.624144274366892,0.375855725633108,0.624144274366892,0.624144274366892,"all","linear"
"1247",10,0.4,0.685877949485985,"Exp1","mixed","IP",0,0.495873167480489,0.104999618826897,0.495518349167511,0.373561001602092,0,0.832272477125866,0.373561001602092,0.626438998397908,0.373561001602092,0.373561001602092,"all","linear"
"1248",10,0.8,0.774023399961152,"Exp1","mixed","IP",0,0.699913384918978,0.109018272882311,0.700359269410676,0.700354936818909,0,0.79759215457436,0.700354936818909,0.299645063181091,0.700354936818909,0.700354936818909,"all","linear"
"1249",10,1.69705627484772,1.86187277437512,"Exp1","mixed","IP",0,1.90460851182803,0.168785707240684,1.90452264485495,0.309346947453362,0,0.360475772781364,0.309346947453362,0.690653052546638,0.309346947453362,0.309346947453362,"all","linear"
"1250",10,0.672717132202972,0.805905691066982,"Exp1","mixed","IP",0,0.662900244814609,0.108082392387278,0.663174880394493,0.624144274366892,0,0.805248736793945,0.624144274366892,0.375855725633108,0.624144274366892,0.624144274366892,"all","linear"
"1251",10,0.475682846001088,0.717882154263862,"Exp1","mixed","IP",0,0.558295536030427,0.106017468768251,0.558308945130249,0.45622850848738,0,0.830014229774451,0.45622850848738,0.54377149151262,0.45622850848738,0.45622850848738,"all","linear"
"1252",10,1.2,1.28603780567846,"Exp1","mixed","IP",0,1.41393157310355,0.144955667347072,1.41350016234342,0.183182041564775,0,0.516035110358682,0.183182041564775,0.816817958435225,0.183182041564775,0.183182041564775,"all","linear"
"1253",10,0.8,0.573982658402201,"Exp1","mixed","IP",0,0.699913384918978,0.109018272882311,0.699964251722311,0.700354936818909,0,0.800515287558226,0.700354936818909,0.299645063181091,0.700354936818909,0.700354936818909,"all","linear"
"1254",10,0.672717132202972,0.701903999203751,"Exp1","mixed","IP",0,0.662900244814609,0.108082392387278,0.66281573029922,0.624144274366892,0,0.805101061090865,0.624144274366892,0.375855725633108,0.624144274366892,0.624144274366892,"all","linear"
"1255",10,0.565685424949238,0.637916115929329,"Exp1","mixed","IP",0,0.615051044333055,0.107064626651192,0.614905750020148,0.541343656399694,0,0.813374137003592,0.541343656399694,0.458656343600306,0.541343656399694,0.541343656399694,"all","linear"
"1256",10,2.01815139660892,1.98982956966393,"Exp1","mixed","IP",0,2.15377686916278,0.181995129844458,2.15411146342498,0.387588751321482,0,0.289560282274078,0.387588751321482,0.612411248678518,0.387588751321482,0.387588751321482,"all","linear"
"1257",10,0.565685424949238,0.669812402227763,"Exp1","mixed","IP",0,0.615051044333055,0.107064626651192,0.615297902834488,0.541343656399694,0,0.812951302208741,0.541343656399694,0.458656343600306,0.541343656399694,0.541343656399694,"all","linear"
"1258",10,2.01815139660892,2.12597230818028,"Exp1","mixed","IP",0,2.15377686916278,0.181995129844458,2.1528766356299,0.387588751321482,0,0.282600880006186,0.387588751321482,0.612411248678518,0.387588751321482,0.387588751321482,"all","linear"
"1259",10,0.4,0.430050818096788,"Exp1","mixed","IP",0,0.495873167480489,0.104999618826897,0.495607394253055,0.373561001602092,0,0.838710625898818,0.373561001602092,0.626438998397908,0.373561001602092,0.373561001602092,"all","linear"
"1260",10,0.4,0.525887404015521,"Exp1","mixed","IP",0,0.495873167480489,0.104999618826897,0.49509525241194,0.373561001602092,0,0.836420453524023,0.373561001602092,0.626438998397908,0.373561001602092,0.373561001602092,"all","linear"
"1261",10,2.4,2.17381689312879,"Exp1","mixed","IP",0,2.38496788393342,0.195258624215243,2.38490663275824,0.472075904503569,0,0.220985375961121,0.472075904503569,0.527924095496431,0.472075904503569,0.472075904503569,"all","linear"
"1262",10,2.4,2.53383169693188,"Exp1","mixed","IP",0,2.38496788393342,0.195258624215243,2.38419101228081,0.472075904503569,0,0.220881014087852,0.472075904503569,0.527924095496431,0.472075904503569,0.472075904503569,"all","linear"
"1263",10,1.42704853800327,1.46184385097877,"Exp1","mixed","IP",0,1.65349145399648,0.156270382877976,1.65351335283709,0.240672915485035,0,0.439942028805236,0.240672915485035,0.759327084514965,0.240672915485035,0.240672915485035,"all","linear"
"1264",10,0.475682846001088,0.565982695722596,"Exp1","mixed","IP",0,0.558295536030427,0.106017468768251,0.55803196153793,0.45622850848738,0,0.824601836407142,0.45622850848738,0.54377149151262,0.45622850848738,0.45622850848738,"all","linear"
"1265",10,1.42704853800327,1.70187383179018,"Exp1","mixed","IP",0,1.65349145399648,0.156270382877976,1.65323976427666,0.240672915485035,0,0.433309139745404,0.240672915485035,0.759327084514965,0.240672915485035,0.240672915485035,"all","linear"
"1266",10,2.01815139660892,2.23790243174244,"Exp1","mixed","IP",0,2.15377686916278,0.181995129844458,2.15489761085603,0.387588751321482,0,0.291481416961234,0.387588751321482,0.612411248678518,0.387588751321482,0.387588751321482,"all","linear"
"1267",10,1.42704853800327,1.70991920109191,"Exp1","mixed","IP",0,1.65349145399648,0.156270382877976,1.65307937213418,0.240672915485035,0,0.441080435981142,0.240672915485035,0.759327084514965,0.240672915485035,0.240672915485035,"all","linear"
"1268",10,1.69705627484772,1.91792102979707,"Exp1","mixed","IP",0,1.90460851182803,0.168785707240684,1.90550035920891,0.309346947453362,0,0.363146759938998,0.309346947453362,0.690653052546638,0.309346947453362,0.309346947453362,"all","linear"
"1269",10,0.565685424949238,0.645982633522181,"Exp1","mixed","IP",0,0.615051044333055,0.107064626651192,0.614256596447571,0.541343656399694,0,0.815674344341832,0.541343656399694,0.458656343600306,0.541343656399694,0.541343656399694,"all","linear"
"1270",10,1.2,1.16591707382304,"Exp1","mixed","IP",0,1.41393157310355,0.144955667347072,1.41436320091144,0.183182041564775,0,0.513270183676691,0.183182041564775,0.816817958435225,0.183182041564775,0.183182041564775,"all","linear"
"1271",10,0.475682846001088,0.517937202019311,"Exp1","mixed","IP",0,0.558295536030427,0.106017468768251,0.559165062432517,0.45622850848738,0,0.822445719952205,0.45622850848738,0.54377149151262,0.45622850848738,0.45622850848738,"all","linear"
"1272",10,0.4,0.645878758097751,"Exp1","mixed","IP",0,0.495873167480489,0.104999618826897,0.495466414938117,0.373561001602092,0,0.842167384533735,0.373561001602092,0.626438998397908,0.373561001602092,0.373561001602092,"all","linear"
"1273",10,0.672717132202972,0.637970852680155,"Exp1","mixed","IP",0,0.662900244814609,0.108082392387278,0.662640810045858,0.624144274366892,0,0.805026138557903,0.624144274366892,0.375855725633108,0.624144274366892,0.624144274366892,"all","linear"
"1274",10,0.8,0.733850046184671,"Exp1","mixed","IP",0,0.699913384918978,0.109018272882311,0.701222691531976,0.700354936818909,0,0.801373259079833,0.700354936818909,0.299645063181091,0.700354936818909,0.700354936818909,"all","linear"
"1275",10,0.565685424949238,0.661931865185579,"Exp1","mixed","IP",0,0.615051044333055,0.107064626651192,0.614916953211198,0.541343656399694,0,0.817031943841084,0.541343656399694,0.458656343600306,0.541343656399694,0.541343656399694,"all","linear"
"1276",10,1.42704853800327,1.73380837161312,"Exp1","mixed","IP",0,1.65349145399648,0.156270382877976,1.653056686395,0.240672915485035,0,0.439241603469102,0.240672915485035,0.759327084514965,0.240672915485035,0.240672915485035,"all","linear"
"1277",10,0.475682846001088,0.629902469062472,"Exp1","mixed","IP",0,0.558295536030427,0.106017468768251,0.558108256337217,0.45622850848738,0,0.820469075660375,0.45622850848738,0.54377149151262,0.45622850848738,0.45622850848738,"all","linear"
"1278",10,0.4,0.485988667004676,"Exp1","mixed","IP",0,0.495873167480489,0.104999618826897,0.49559057443528,0.373561001602092,0,0.835640797636611,0.373561001602092,0.626438998397908,0.373561001602092,0.373561001602092,"all","linear"
"1279",10,0.4,0.437909584839872,"Exp1","mixed","IP",0,0.495873167480489,0.104999618826897,0.494941562911747,0.373561001602092,0,0.838905107433446,0.373561001602092,0.626438998397908,0.373561001602092,0.373561001602092,"all","linear"
"1280",10,1.69705627484772,1.82200669281156,"Exp1","mixed","IP",0,1.90460851182803,0.168785707240684,1.90292246522028,0.309346947453362,0,0.363916693234075,0.309346947453362,0.690653052546638,0.309346947453362,0.309346947453362,"all","linear"
"1281",10,0.4,0.621979324436325,"Exp1","mixed","IP",0,0.495873167480489,0.104999618826897,0.495835029322918,0.373561001602092,0,0.836836917495114,0.373561001602092,0.626438998397908,0.373561001602092,0.373561001602092,"all","linear"
"1282",10,2.01815139660892,2.10998762203053,"Exp1","mixed","IP",0,2.15377686916278,0.181995129844458,2.15377920953096,0.387588751321482,0,0.288075412961977,0.387588751321482,0.612411248678518,0.387588751321482,0.387588751321482,"all","linear"
"1283",10,1.2,1.40581425581331,"Exp1","mixed","IP",0,1.41393157310355,0.144955667347072,1.41366523225795,0.183182041564775,0,0.508062780890346,0.183182041564775,0.816817958435225,0.183182041564775,0.183182041564775,"all","linear"
"1284",10,0.672717132202972,0.749849038529646,"Exp1","mixed","IP",0,0.662900244814609,0.108082392387278,0.663696978652058,0.624144274366892,0,0.809992828287132,0.624144274366892,0.375855725633108,0.624144274366892,0.624144274366892,"all","linear"
"1285",10,0.8,0.845844858632518,"Exp1","mixed","IP",0,0.699913384918978,0.109018272882311,0.69997231726295,0.700354936818909,0,0.800933092804421,0.700354936818909,0.299645063181091,0.700354936818909,0.700354936818909,"all","linear"
"1286",10,2.4,2.54180895630088,"Exp1","mixed","IP",0,2.38496788393342,0.195258624215243,2.38354812707191,0.472075904503569,0,0.216409461477993,0.472075904503569,0.527924095496431,0.472075904503569,0.472075904503569,"all","linear"
"1287",10,0.672717132202972,0.797879915033263,"Exp1","mixed","IP",0,0.662900244814609,0.108082392387278,0.663272010872613,0.624144274366892,0,0.806844313471429,0.624144274366892,0.375855725633108,0.624144274366892,0.624144274366892,"all","linear"
"1288",10,0.565685424949238,0.725891447071263,"Exp1","mixed","IP",0,0.615051044333055,0.107064626651192,0.614398503947513,0.541343656399694,0,0.820073690404519,0.541343656399694,0.458656343600306,0.541343656399694,0.541343656399694,"all","linear"
"1289",10,2.4,2.15799206317115,"Exp1","mixed","IP",0,2.38496788393342,0.195258624215243,2.38492659642146,0.472075904503569,0,0.215122236505587,0.472075904503569,0.527924095496431,0.472075904503569,0.472075904503569,"all","linear"
"1290",10,0.672717132202972,0.709952789552517,"Exp1","mixed","IP",0,0.662900244814609,0.108082392387278,0.662409851946321,0.624144274366892,0,0.806546925721075,0.624144274366892,0.375855725633108,0.624144274366892,0.624144274366892,"all","linear"
"1291",10,1.42704853800327,1.54986925380763,"Exp1","mixed","IP",0,1.65349145399648,0.156270382877976,1.65357288850821,0.240672915485035,0,0.43959366075861,0.240672915485035,0.759327084514965,0.240672915485035,0.240672915485035,"all","linear"
"1292",10,1.2,1.66191351593443,"Exp1","mixed","IP",0,1.41393157310355,0.144955667347072,1.41444256399657,0.183182041564775,0,0.512708272266751,0.183182041564775,0.816817958435225,0.183182041564775,0.183182041564775,"all","linear"
"1293",10,2.4,1.99785068063284,"Exp1","mixed","IP",0,2.38496788393342,0.195258624215243,2.38503162733523,0.472075904503569,0,0.214824346275363,0.472075904503569,0.527924095496431,0.472075904503569,0.472075904503569,"all","linear"
"1294",10,0.8,0.902003831572074,"Exp1","mixed","IP",0,0.699913384918978,0.109018272882311,0.699441454123723,0.700354936818909,0,0.799106050951438,0.700354936818909,0.299645063181091,0.700354936818909,0.700354936818909,"all","linear"
"1295",10,1.2,1.46194990343338,"Exp1","mixed","IP",0,1.41393157310355,0.144955667347072,1.41427914661804,0.183182041564775,0,0.514132352124329,0.183182041564775,0.816817958435225,0.183182041564775,0.183182041564775,"all","linear"
"1296",10,1.69705627484772,1.82185025766648,"Exp1","mixed","IP",0,1.90460851182803,0.168785707240684,1.90476446368535,0.309346947453362,0,0.351350262956312,0.309346947453362,0.690653052546638,0.309346947453362,0.309346947453362,"all","linear"
"1297",10,0.475682846001088,0.613932089108857,"Exp1","mixed","IP",0,0.558295536030427,0.106017468768251,0.558537968709659,0.45622850848738,0,0.829910666014154,0.45622850848738,0.54377149151262,0.45622850848738,0.45622850848738,"all","linear"
"1298",10,0.565685424949238,0.629956583804415,"Exp1","mixed","IP",0,0.615051044333055,0.107064626651192,0.614977561909936,0.541343656399694,0,0.814456691968403,0.541343656399694,0.458656343600306,0.541343656399694,0.541343656399694,"all","linear"
"1299",10,1.69705627484772,1.91788557531072,"Exp1","mixed","IP",0,1.90460851182803,0.168785707240684,1.90388131475995,0.309346947453362,0,0.357595073378182,0.309346947453362,0.690653052546638,0.309346947453362,0.309346947453362,"all","linear"
"1300",10,1.69705627484772,1.5018156739925,"Exp1","mixed","IP",0,1.90460851182803,0.168785707240684,1.90322440214764,0.309346947453362,0,0.364408760658993,0.309346947453362,0.690653052546638,0.309346947453362,0.309346947453362,"all","linear"
"1301",10,2.01815139660892,2.18999440192329,"Exp1","mixed","IP",0,2.15377686916278,0.181995129844458,2.1525103148195,0.387588751321482,0,0.283894006721613,0.387588751321482,0.612411248678518,0.387588751321482,0.387588751321482,"all","linear"
"1302",10,2.4,2.46192284606241,"Exp1","mixed","IP",0,2.38496788393342,0.195258624215243,2.3852282648804,0.472075904503569,0,0.213692712321079,0.472075904503569,0.527924095496431,0.472075904503569,0.472075904503569,"all","linear"
"1303",10,0.475682846001088,0.525859724636575,"Exp1","mixed","IP",0,0.558295536030427,0.106017468768251,0.559663006742344,0.45622850848738,0,0.827956858573696,0.45622850848738,0.54377149151262,0.45622850848738,0.45622850848738,"all","linear"
"1304",10,2.01815139660892,1.87770444642774,"Exp1","mixed","IP",0,2.15377686916278,0.181995129844458,2.15413185821536,0.387588751321482,0,0.285617524670411,0.387588751321482,0.612411248678518,0.387588751321482,0.387588751321482,"all","linear"
"1305",10,0.672717132202972,0.653979175154745,"Exp1","mixed","IP",0,0.662900244814609,0.108082392387278,0.662475229088847,0.624144274366892,0,0.811186493522302,0.624144274366892,0.375855725633108,0.624144274366892,0.624144274366892,"all","linear"
"1306",10,0.672717132202972,0.669874603080643,"Exp1","mixed","IP",0,0.662900244814609,0.108082392387278,0.663274199236266,0.624144274366892,0,0.809254233297826,0.624144274366892,0.375855725633108,0.624144274366892,0.624144274366892,"all","linear"
"1307",10,0.8,0.701899023135411,"Exp1","mixed","IP",0,0.699913384918978,0.109018272882311,0.700215551089681,0.700354936818909,0,0.800461779644393,0.700354936818909,0.299645063181091,0.700354936818909,0.700354936818909,"all","linear"
"1308",10,0.565685424949238,0.805907246088282,"Exp1","mixed","IP",0,0.615051044333055,0.107064626651192,0.615498858076859,0.541343656399694,0,0.818190237307163,0.541343656399694,0.458656343600306,0.541343656399694,0.541343656399694,"all","linear"
"1309",10,1.2,1.22194449195922,"Exp1","mixed","IP",0,1.41393157310355,0.144955667347072,1.41506859186148,0.183182041564775,0,0.515099070460062,0.183182041564775,0.816817958435225,0.183182041564775,0.183182041564775,"all","linear"
"1310",10,1.2,1.5818843437346,"Exp1","mixed","IP",0,1.41393157310355,0.144955667347072,1.41462344948453,0.183182041564775,0,0.507819806870833,0.183182041564775,0.816817958435225,0.183182041564775,0.183182041564775,"all","linear"
"1311",10,2.4,2.11790485757501,"Exp1","mixed","IP",0,2.38496788393342,0.195258624215243,2.38454749596139,0.472075904503569,0,0.222879434930958,0.472075904503569,0.527924095496431,0.472075904503569,0.472075904503569,"all","linear"
"1312",10,0.8,0.773975194299965,"Exp1","mixed","IP",0,0.699913384918978,0.109018272882311,0.699795274566312,0.700354936818909,0,0.794844052041193,0.700354936818909,0.299645063181091,0.700354936818909,0.700354936818909,"all","linear"
"1313",10,0.672717132202972,0.797988144517149,"Exp1","mixed","IP",0,0.662900244814609,0.108082392387278,0.663279389565971,0.624144274366892,0,0.807473800009324,0.624144274366892,0.375855725633108,0.624144274366892,0.624144274366892,"all","linear"
"1314",10,0.565685424949238,0.733985644043059,"Exp1","mixed","IP",0,0.615051044333055,0.107064626651192,0.61530608472414,0.541343656399694,0,0.822825129053967,0.541343656399694,0.458656343600306,0.541343656399694,0.541343656399694,"all","linear"
"1315",10,1.42704853800327,1.58987000021807,"Exp1","mixed","IP",0,1.65349145399648,0.156270382877976,1.65318432763224,0.240672915485035,0,0.43752565244011,0.240672915485035,0.759327084514965,0.240672915485035,0.240672915485035,"all","linear"
"1316",10,0.672717132202972,0.829963736902755,"Exp1","mixed","IP",0,0.662900244814609,0.108082392387278,0.662223048126943,0.624144274366892,0,0.807103350662099,0.624144274366892,0.375855725633108,0.624144274366892,0.624144274366892,"all","linear"
"1317",10,1.2,1.48590220781898,"Exp1","mixed","IP",0,1.41393157310355,0.144955667347072,1.41439070338131,0.183182041564775,0,0.508370506884111,0.183182041564775,0.816817958435225,0.183182041564775,0.183182041564775,"all","linear"
"1318",10,0.475682846001088,0.717809690270769,"Exp1","mixed","IP",0,0.558295536030427,0.106017468768251,0.558323499048287,0.45622850848738,0,0.823753564716102,0.45622850848738,0.54377149151262,0.45622850848738,0.45622850848738,"all","linear"
"1319",10,1.69705627484772,1.58176896115219,"Exp1","mixed","IP",0,1.90460851182803,0.168785707240684,1.90419787122697,0.309346947453362,0,0.362355655985789,0.309346947453362,0.690653052546638,0.309346947453362,0.309346947453362,"all","linear"
"1320",10,0.4,0.541901324566425,"Exp1","mixed","IP",0,0.495873167480489,0.104999618826897,0.4955266462174,0.373561001602092,0,0.83715094395584,0.373561001602092,0.626438998397908,0.373561001602092,0.373561001602092,"all","linear"
"1321",10,2.01815139660892,2.01383536678259,"Exp1","mixed","IP",0,2.15377686916278,0.181995129844458,2.15422705950744,0.387588751321482,0,0.286201348360922,0.387588751321482,0.612411248678518,0.387588751321482,0.387588751321482,"all","linear"
"1322",10,2.4,2.14196103738595,"Exp1","mixed","IP",0,2.38496788393342,0.195258624215243,2.38340403152018,0.472075904503569,0,0.215989723248419,0.472075904503569,0.527924095496431,0.472075904503569,0.472075904503569,"all","linear"
"1323",10,0.4,0.477969733065038,"Exp1","mixed","IP",0,0.495873167480489,0.104999618826897,0.496764724668133,0.373561001602092,0,0.839594658652163,0.373561001602092,0.626438998397908,0.373561001602092,0.373561001602092,"all","linear"
"1324",10,0.4,0.509955277586414,"Exp1","mixed","IP",0,0.495873167480489,0.104999618826897,0.49601920661759,0.373561001602092,0,0.84010786312608,0.373561001602092,0.626438998397908,0.373561001602092,0.373561001602092,"all","linear"
"1325",10,1.69705627484772,1.65392692643763,"Exp1","mixed","IP",0,1.90460851182803,0.168785707240684,1.90555428866122,0.309346947453362,0,0.363378999947296,0.309346947453362,0.690653052546638,0.309346947453362,0.309346947453362,"all","linear"
"1326",10,1.42704853800327,1.60587801168731,"Exp1","mixed","IP",0,1.65349145399648,0.156270382877976,1.65403659462434,0.240672915485035,0,0.441417538511881,0.240672915485035,0.759327084514965,0.240672915485035,0.240672915485035,"all","linear"
"1327",10,0.565685424949238,0.62998426318336,"Exp1","mixed","IP",0,0.615051044333055,0.107064626651192,0.615543111201981,0.541343656399694,0,0.821797742576739,0.541343656399694,0.458656343600306,0.541343656399694,0.541343656399694,"all","linear"
"1328",10,0.475682846001088,0.669959196239688,"Exp1","mixed","IP",0,0.558295536030427,0.106017468768251,0.558582316302871,0.45622850848738,0,0.829491198335771,0.45622850848738,0.54377149151262,0.45622850848738,0.45622850848738,"all","linear"
"1329",10,0.8,0.605974112005242,"Exp1","mixed","IP",0,0.699913384918978,0.109018272882311,0.699594912760032,0.700354936818909,0,0.798624381821376,0.700354936818909,0.299645063181091,0.700354936818909,0.700354936818909,"all","linear"
"1330",10,2.01815139660892,2.10993475130545,"Exp1","mixed","IP",0,2.15377686916278,0.181995129844458,2.15274097570404,0.387588751321482,0,0.287517012017855,0.387588751321482,0.612411248678518,0.387588751321482,0.387588751321482,"all","linear"
"1331",10,1.42704853800327,1.72593312164281,"Exp1","mixed","IP",0,1.65349145399648,0.156270382877976,1.65344831042153,0.240672915485035,0,0.438403826633715,0.240672915485035,0.759327084514965,0.240672915485035,0.240672915485035,"all","linear"
"1332",10,0.8,0.573934141737482,"Exp1","mixed","IP",0,0.699913384918978,0.109018272882311,0.700310688192575,0.700354936818909,0,0.796752144046473,0.700354936818909,0.299645063181091,0.700354936818909,0.700354936818909,"all","linear"
"1333",10,0.475682846001088,0.565933868053435,"Exp1","mixed","IP",0,0.558295536030427,0.106017468768251,0.557371887323858,0.45622850848738,0,0.829416018617272,0.45622850848738,0.54377149151262,0.45622850848738,0.45622850848738,"all","linear"
"1334",10,1.69705627484772,1.66988642124215,"Exp1","mixed","IP",0,1.90460851182803,0.168785707240684,1.9028660706429,0.309346947453362,0,0.364337280729951,0.309346947453362,0.690653052546638,0.309346947453362,0.309346947453362,"all","linear"
"1335",10,1.2,1.46994800008724,"Exp1","mixed","IP",0,1.41393157310355,0.144955667347072,1.41369743301148,0.183182041564775,0,0.510632550591716,0.183182041564775,0.816817958435225,0.183182041564775,0.183182041564775,"all","linear"
"1336",10,1.42704853800327,1.50988561263148,"Exp1","mixed","IP",0,1.65349145399648,0.156270382877976,1.65324999944165,0.240672915485035,0,0.439739340407447,0.240672915485035,0.759327084514965,0.240672915485035,0.240672915485035,"all","linear"
"1337",10,0.475682846001088,0.421931429779761,"Exp1","mixed","IP",0,0.558295536030427,0.106017468768251,0.55849128881779,0.45622850848738,0,0.831181198793153,0.45622850848738,0.54377149151262,0.45622850848738,0.45622850848738,"all","linear"
"1338",10,1.2,1.3018579705722,"Exp1","mixed","IP",0,1.41393157310355,0.144955667347072,1.41327159845759,0.183182041564775,0,0.51564487446859,0.183182041564775,0.816817958435225,0.183182041564775,0.183182041564775,"all","linear"
"1339",10,2.4,2.20591844224145,"Exp1","mixed","IP",0,2.38496788393342,0.195258624215243,2.3859449766199,0.472075904503569,0,0.214257274193983,0.472075904503569,0.527924095496431,0.472075904503569,0.472075904503569,"all","linear"
"1340",10,0.8,0.725888337028664,"Exp1","mixed","IP",0,0.699913384918978,0.109018272882311,0.699516106745773,0.700354936818909,0,0.797430253631053,0.700354936818909,0.299645063181091,0.700354936818909,0.700354936818909,"all","linear"
"1341",10,2.01815139660892,1.90189684610596,"Exp1","mixed","IP",0,2.15377686916278,0.181995129844458,2.15316324955012,0.387588751321482,0,0.279354302283757,0.387588751321482,0.612411248678518,0.387588751321482,0.387588751321482,"all","linear"
"1342",10,0.4,0.549860234683365,"Exp1","mixed","IP",0,0.495873167480489,0.104999618826897,0.496389044843141,0.373561001602092,0,0.835185126545296,0.373561001602092,0.626438998397908,0.373561001602092,0.373561001602092,"all","linear"
"1343",10,2.4,2.27781018787755,"Exp1","mixed","IP",0,2.38496788393342,0.195258624215243,2.38500524457678,0.472075904503569,0,0.220056500846171,0.472075904503569,0.527924095496431,0.472075904503569,0.472075904503569,"all","linear"
"1344",10,1.2,1.5019637120231,"Exp1","mixed","IP",0,1.41393157310355,0.144955667347072,1.4134415139661,0.183182041564775,0,0.513205454745696,0.183182041564775,0.816817958435225,0.183182041564775,0.183182041564775,"all","linear"
"1345",10,1.42704853800327,1.54991745946791,"Exp1","mixed","IP",0,1.65349145399648,0.156270382877976,1.65374273759899,0.240672915485035,0,0.438737478399369,0.240672915485035,0.759327084514965,0.240672915485035,0.240672915485035,"all","linear"
"1346",10,2.01815139660892,2.12587060978603,"Exp1","mixed","IP",0,2.15377686916278,0.181995129844458,2.1544916288459,0.387588751321482,0,0.286885784693658,0.387588751321482,0.612411248678518,0.387588751321482,0.387588751321482,"all","linear"
"1347",10,0.475682846001088,0.613910940818641,"Exp1","mixed","IP",0,0.558295536030427,0.106017468768251,0.55827840590398,0.45622850848738,0,0.828932616222602,0.45622850848738,0.54377149151262,0.45622850848738,0.45622850848738,"all","linear"
"1348",10,0.8,0.621918367601211,"Exp1","mixed","IP",0,0.699913384918978,0.109018272882311,0.700090457992812,0.700354936818909,0,0.796128074460663,0.700354936818909,0.299645063181091,0.700354936818909,0.700354936818909,"all","linear"
"1349",10,2.01815139660892,2.00587987771269,"Exp1","mixed","IP",0,2.15377686916278,0.181995129844458,2.15451372766066,0.387588751321482,0,0.293813795730475,0.387588751321482,0.612411248678518,0.387588751321482,0.387588751321482,"all","linear"
"1350",10,0.565685424949238,0.65401338562242,"Exp1","mixed","IP",0,0.615051044333055,0.107064626651192,0.615028323501059,0.541343656399694,0,0.822544104125353,0.541343656399694,0.458656343600306,0.541343656399694,0.541343656399694,"all","linear"
"1351",10,0.475682846001088,0.669869316007862,"Exp1","mixed","IP",0,0.558295536030427,0.106017468768251,0.557762716467635,0.45622850848738,0,0.823362896415024,0.45622850848738,0.54377149151262,0.45622850848738,0.45622850848738,"all","linear"
"1352",10,0.4,0.42993201446825,"Exp1","mixed","IP",0,0.495873167480489,0.104999618826897,0.495854301817253,0.373561001602092,0,0.836791420239718,0.373561001602092,0.626438998397908,0.373561001602092,0.373561001602092,"all","linear"
"1353",10,0.565685424949238,0.509894631754833,"Exp1","mixed","IP",0,0.615051044333055,0.107064626651192,0.615317979091413,0.541343656399694,0,0.816426397165973,0.541343656399694,0.458656343600306,0.541343656399694,0.541343656399694,"all","linear"
"1354",10,1.2,1.37392947667286,"Exp1","mixed","IP",0,1.41393157310355,0.144955667347072,1.41424507416714,0.183182041564775,0,0.515599437970321,0.183182041564775,0.816817958435225,0.183182041564775,0.183182041564775,"all","linear"
"1355",10,0.672717132202972,0.693974323487964,"Exp1","mixed","IP",0,0.662900244814609,0.108082392387278,0.662375487807458,0.624144274366892,0,0.806139304425782,0.624144274366892,0.375855725633108,0.624144274366892,0.624144274366892,"all","linear"
"1356",10,0.8,0.685876394464685,"Exp1","mixed","IP",0,0.699913384918978,0.109018272882311,0.69981020369838,0.700354936818909,0,0.797609657920522,0.700354936818909,0.299645063181091,0.700354936818909,0.700354936818909,"all","linear"
"1357",10,1.69705627484772,1.58993686613485,"Exp1","mixed","IP",0,1.90460851182803,0.168785707240684,1.90366904605184,0.309346947453362,0,0.37049726582358,0.309346947453362,0.690653052546638,0.309346947453362,0.309346947453362,"all","linear"
"1358",10,1.69705627484772,1.8939432230618,"Exp1","mixed","IP",0,1.90460851182803,0.168785707240684,1.90581014103451,0.309346947453362,0,0.361529073262023,0.309346947453362,0.690653052546638,0.309346947453362,0.309346947453362,"all","linear"
"1359",10,2.4,1.9898653351529,"Exp1","mixed","IP",0,2.38496788393342,0.195258624215243,2.38544035310163,0.472075904503569,0,0.209917169052613,0.472075904503569,0.527924095496431,0.472075904503569,0.472075904503569,"all","linear"
"1360",10,2.4,2.07798124022247,"Exp1","mixed","IP",0,2.38496788393342,0.195258624215243,2.3855549476097,0.472075904503569,0,0.21998788189192,0.472075904503569,0.527924095496431,0.472075904503569,0.472075904503569,"all","linear"
"1361",10,1.69705627484772,1.68595196850129,"Exp1","mixed","IP",0,1.90460851182803,0.168785707240684,1.90416112535379,0.309346947453362,0,0.367209901707412,0.309346947453362,0.690653052546638,0.309346947453362,0.309346947453362,"all","linear"
"1362",10,1.42704853800327,1.46201365930665,"Exp1","mixed","IP",0,1.65349145399648,0.156270382877976,1.65376285286548,0.240672915485035,0,0.445215520746668,0.240672915485035,0.759327084514965,0.240672915485035,0.240672915485035,"all","linear"
"1363",10,2.01815139660892,1.95788476669986,"Exp1","mixed","IP",0,2.15377686916278,0.181995129844458,2.15498752324959,0.387588751321482,0,0.280738808168151,0.387588751321482,0.612411248678518,0.387588751321482,0.387588751321482,"all","linear"
"1364",10,0.565685424949238,0.597936206805571,"Exp1","mixed","IP",0,0.615051044333055,0.107064626651192,0.614729879456437,0.541343656399694,0,0.811271769057703,0.541343656399694,0.458656343600306,0.541343656399694,0.541343656399694,"all","linear"
"1365",10,0.4,0.461918492002042,"Exp1","mixed","IP",0,0.495873167480489,0.104999618826897,0.495072199333175,0.373561001602092,0,0.83792097383018,0.373561001602092,0.626438998397908,0.373561001602092,0.373561001602092,"all","linear"
"1366",10,1.2,1.38200314736332,"Exp1","mixed","IP",0,1.41393157310355,0.144955667347072,1.41403717532966,0.183182041564775,0,0.514447053126767,0.183182041564775,0.816817958435225,0.183182041564775,0.183182041564775,"all","linear"
"1367",10,0.672717132202972,0.805864016495434,"Exp1","mixed","IP",0,0.662900244814609,0.108082392387278,0.663294960263393,0.624144274366892,0,0.807817237248503,0.624144274366892,0.375855725633108,0.624144274366892,0.624144274366892,"all","linear"
"1368",10,1.42704853800327,1.50996865076922,"Exp1","mixed","IP",0,1.65349145399648,0.156270382877976,1.65272344685085,0.240672915485035,0,0.438185616768082,0.240672915485035,0.759327084514965,0.240672915485035,0.240672915485035,"all","linear"
"1369",11,0.8,1.06185473612823,"Exp1","mixed","IP",0,0.629104704682366,0.0715476554298391,0.628502909129036,0.745699551973832,0,1.2149861544629,0.745699551973832,0.254300448026168,0.745699551973832,0.745699551973832,"all","linear"
"1370",11,1.69705627484772,1.27788420689285,"Exp1","mixed","IP",0,1.75813996344086,0.23827034715358,1.75725469297611,0.248979087946711,0,0.0143452182292472,0.248979087946711,0.751020912053289,0.248979087946711,0.248979087946711,"all","linear"
"1371",11,0.475682846001088,0.557877924606146,"Exp1","mixed","IP",0,0.524264465977581,0.0614459626005047,0.524205514401149,0.510558945860225,0,1.37052771553242,0.510558945860225,0.489441054139775,0.510558945860225,0.510558945860225,"all","linear"
"1372",11,0.475682846001088,0.493978366543161,"Exp1","mixed","IP",0,0.524264465977581,0.0614459626005047,0.524452867183139,0.510558945860225,0,1.37081803878839,0.510558945860225,0.489441054139775,0.510558945860225,0.510558945860225,"all","linear"
"1373",11,2.01815139660892,1.94186058300784,"Exp1","mixed","IP",0,1.994130003809,0.269336917384996,1.99483551315804,0.318240434504242,0,-0.104392802469689,0.318240434504242,0.681759565495758,0.318240434504242,0.318240434504242,"all","linear"
"1374",11,1.2,1.56590929871618,"Exp1","mixed","IP",0,1.30610220976639,0.181205416829239,1.30695802949085,0.143000467377589,0,0.29657878181139,0.143000467377589,0.85699953262241,0.143000467377589,0.143000467377589,"all","linear"
"1375",11,1.42704853800327,1.71791138866502,"Exp1","mixed","IP",0,1.52516077920685,0.20863217006612,1.52419953017639,0.190468028142124,0,0.151572490511622,0.190468028142124,0.809531971857876,0.190468028142124,0.190468028142124,"all","linear"
"1376",11,0.565685424949238,0.621858032773162,"Exp1","mixed","IP",0,0.568750440990126,0.0652702442531669,0.569068778120558,0.595462572098612,0,1.31138413267355,0.595462572098612,0.404537427901388,0.595462572098612,0.595462572098612,"all","linear"
"1377",11,2.4,2.22981321083898,"Exp1","mixed","IP",0,2.21881834569685,0.300767193683591,2.21903943445416,0.396444320861322,0,-0.221415928852366,0.396444320861322,0.603555679138678,0.396444320861322,0.396444320861322,"all","linear"
"1378",11,0.4,0.413931778104597,"Exp1","mixed","IP",0,0.472615081277506,0.0573408522114697,0.472515253487217,0.425046045225472,0,1.43887344180599,0.425046045225472,0.574953954774528,0.425046045225472,0.425046045225472,"all","linear"
"1379",11,0.475682846001088,0.453882141824579,"Exp1","mixed","IP",0,0.524264465977581,0.0614459626005047,0.52413989054979,0.510558945860225,0,1.37480016913438,0.510558945860225,0.489441054139775,0.510558945860225,0.510558945860225,"all","linear"
"1380",11,2.4,2.60587334662341,"Exp1","mixed","IP",0,2.21881834569685,0.300767193683591,2.21931101783501,0.396444320861322,0,-0.217965522975973,0.396444320861322,0.603555679138678,0.396444320861322,0.396444320861322,"all","linear"
"1381",11,0.565685424949238,0.637948460373082,"Exp1","mixed","IP",0,0.568750440990126,0.0652702442531669,0.567995293206386,0.595462572098612,0,1.31588686150503,0.595462572098612,0.404537427901388,0.595462572098612,0.595462572098612,"all","linear"
"1382",11,1.69705627484772,1.55790747001174,"Exp1","mixed","IP",0,1.75813996344086,0.23827034715358,1.7583560378536,0.248979087946711,0,0.0143682526841417,0.248979087946711,0.751020912053289,0.248979087946711,0.248979087946711,"all","linear"
"1383",11,2.4,2.2458053610917,"Exp1","mixed","IP",0,2.21881834569685,0.300767193683591,2.21835058258026,0.396444320861322,0,-0.212532417696283,0.396444320861322,0.603555679138678,0.396444320861322,0.396444320861322,"all","linear"
"1384",11,1.42704853800327,1.70986601936329,"Exp1","mixed","IP",0,1.52516077920685,0.20863217006612,1.52422562811846,0.190468028142124,0,0.152709955605711,0.190468028142124,0.809531971857876,0.190468028142124,0.190468028142124,"all","linear"
"1385",11,0.4,0.445930695809693,"Exp1","mixed","IP",0,0.472615081277506,0.0573408522114697,0.472828644033871,0.425046045225472,0,1.44124275706306,0.425046045225472,0.574953954774528,0.425046045225472,0.425046045225472,"all","linear"
"1386",11,0.672717132202972,0.749927411604403,"Exp1","mixed","IP",0,0.603938196590965,0.068665281601562,0.604239062465396,0.675043287868422,0,1.2613913787432,0.675043287868422,0.324956712131578,0.675043287868422,0.675043287868422,"all","linear"
"1387",11,0.475682846001088,0.469957952223012,"Exp1","mixed","IP",0,0.524264465977581,0.0614459626005047,0.524331203585009,0.510558945860225,0,1.36894906285407,0.510558945860225,0.489441054139775,0.510558945860225,0.510558945860225,"all","linear"
"1388",11,0.8,0.765909298715997,"Exp1","mixed","IP",0,0.629104704682366,0.0715476554298391,0.629367457863408,0.745699551973832,0,1.21694863453352,0.745699551973832,0.254300448026168,0.745699551973832,0.745699551973832,"all","linear"
"1389",11,1.2,1.22191525755716,"Exp1","mixed","IP",0,1.30610220976639,0.181205416829239,1.30574941044949,0.143000467377589,0,0.295453045074895,0.143000467377589,0.85699953262241,0.143000467377589,0.143000467377589,"all","linear"
"1390",11,0.8,0.965833724680124,"Exp1","mixed","IP",0,0.629104704682366,0.0715476554298391,0.62912199547913,0.745699551973832,0,1.21893883496195,0.745699551973832,0.254300448026168,0.745699551973832,0.745699551973832,"all","linear"
"1391",11,1.2,1.31789055137961,"Exp1","mixed","IP",0,1.30610220976639,0.181205416829239,1.30657445765591,0.143000467377589,0,0.289411780654017,0.143000467377589,0.85699953262241,0.143000467377589,0.143000467377589,"all","linear"
"1392",11,2.4,2.50180758788247,"Exp1","mixed","IP",0,2.21881834569685,0.300767193683591,2.21825969207067,0.396444320861322,0,-0.218055301154393,0.396444320861322,0.603555679138678,0.396444320861322,0.396444320861322,"all","linear"
"1393",11,0.8,0.965899968588019,"Exp1","mixed","IP",0,0.629104704682366,0.0715476554298391,0.629465094626525,0.745699551973832,0,1.21718316391302,0.745699551973832,0.254300448026168,0.745699551973832,0.745699551973832,"all","linear"
"1394",11,2.01815139660892,1.54985152656445,"Exp1","mixed","IP",0,1.994130003809,0.269336917384996,1.99169058278318,0.318240434504242,0,-0.100342197295688,0.318240434504242,0.681759565495758,0.318240434504242,0.318240434504242,"all","linear"
"1395",11,1.69705627484772,1.79774742721656,"Exp1","mixed","IP",0,1.75813996344086,0.23827034715358,1.75686114337215,0.248979087946711,0,0.0139513754705252,0.248979087946711,0.751020912053289,0.248979087946711,0.248979087946711,"all","linear"
"1396",11,0.672717132202972,0.669921875728505,"Exp1","mixed","IP",0,0.603938196590965,0.068665281601562,0.604252056082287,0.675043287868422,0,1.26181732438006,0.675043287868422,0.324956712131578,0.675043287868422,0.675043287868422,"all","linear"
"1397",11,0.672717132202972,0.773948447933435,"Exp1","mixed","IP",0,0.603938196590965,0.068665281601562,0.604226240716119,0.675043287868422,0,1.26229714283216,0.675043287868422,0.324956712131578,0.675043287868422,0.675043287868422,"all","linear"
"1398",11,1.42704853800327,1.32587620786217,"Exp1","mixed","IP",0,1.52516077920685,0.20863217006612,1.52605450605099,0.190468028142124,0,0.146435318337116,0.190468028142124,0.809531971857876,0.190468028142124,0.190468028142124,"all","linear"
"1399",11,0.4,0.57394222784751,"Exp1","mixed","IP",0,0.472615081277506,0.0573408522114697,0.472968526226348,0.425046045225472,0,1.44651053034311,0.425046045225472,0.574953954774528,0.425046045225472,0.425046045225472,"all","linear"
"1400",11,0.672717132202972,0.669933693890925,"Exp1","mixed","IP",0,0.603938196590965,0.068665281601562,0.603760645899735,0.675043287868422,0,1.25664994069574,0.675043287868422,0.324956712131578,0.675043287868422,0.675043287868422,"all","linear"
"1401",11,1.42704853800327,1.26186748730288,"Exp1","mixed","IP",0,1.52516077920685,0.20863217006612,1.5248102270125,0.190468028142124,0,0.152669220554429,0.190468028142124,0.809531971857876,0.190468028142124,0.190468028142124,"all","linear"
"1402",11,0.4,0.421884157131899,"Exp1","mixed","IP",0,0.472615081277506,0.0573408522114697,0.472361812549375,0.425046045225472,0,1.44394132723507,0.425046045225472,0.574953954774528,0.425046045225472,0.425046045225472,"all","linear"
"1403",11,0.565685424949238,0.573874117913874,"Exp1","mixed","IP",0,0.568750440990126,0.0652702442531669,0.56867949274874,0.595462572098612,0,1.30948201623419,0.595462572098612,0.404537427901388,0.595462572098612,0.595462572098612,"all","linear"
"1404",11,2.01815139660892,1.75785055623055,"Exp1","mixed","IP",0,1.994130003809,0.269336917384996,1.9956423416594,0.318240434504242,0,-0.109887482488324,0.318240434504242,0.681759565495758,0.318240434504242,0.318240434504242,"all","linear"
"1405",11,0.565685424949238,0.44586973897367,"Exp1","mixed","IP",0,0.568750440990126,0.0652702442531669,0.568868948321931,0.595462572098612,0,1.30879754175253,0.595462572098612,0.404537427901388,0.595462572098612,0.595462572098612,"all","linear"
"1406",11,1.69705627484772,1.61382385962497,"Exp1","mixed","IP",0,1.75813996344086,0.23827034715358,1.75788643341522,0.248979087946711,0,0.0179534541635703,0.248979087946711,0.751020912053289,0.248979087946711,0.248979087946711,"all","linear"
"1407",11,0.672717132202972,0.581893362857954,"Exp1","mixed","IP",0,0.603938196590965,0.068665281601562,0.604268499725816,0.675043287868422,0,1.26200545037252,0.675043287868422,0.324956712131578,0.675043287868422,0.675043287868422,"all","linear"
"1408",11,2.4,2.21382634765905,"Exp1","mixed","IP",0,2.21881834569685,0.300767193683591,2.22174348883634,0.396444320861322,0,-0.214251529975257,0.396444320861322,0.603555679138678,0.396444320861322,0.396444320861322,"all","linear"
"1409",11,1.42704853800327,1.27789540304548,"Exp1","mixed","IP",0,1.52516077920685,0.20863217006612,1.52589091685436,0.190468028142124,0,0.148481451189356,0.190468028142124,0.809531971857876,0.190468028142124,0.190468028142124,"all","linear"
"1410",11,0.672717132202972,0.661935908241503,"Exp1","mixed","IP",0,0.603938196590965,0.068665281601562,0.604323340917676,0.675043287868422,0,1.26209063933103,0.675043287868422,0.324956712131578,0.675043287868422,0.675043287868422,"all","linear"
"1411",11,0.4,0.413835055777781,"Exp1","mixed","IP",0,0.472615081277506,0.0573408522114697,0.473041282715361,0.425046045225472,0,1.43856214693187,0.425046045225472,0.574953954774528,0.425046045225472,0.425046045225472,"all","linear"
"1412",11,0.672717132202972,0.725923169507041,"Exp1","mixed","IP",0,0.603938196590965,0.068665281601562,0.604621582744285,0.675043287868422,0,1.25732107524285,0.675043287868422,0.324956712131578,0.675043287868422,0.675043287868422,"all","linear"
"1413",11,2.01815139660892,2.33380370654868,"Exp1","mixed","IP",0,1.994130003809,0.269336917384996,1.99540069080211,0.318240434504242,0,-0.112716564514851,0.318240434504242,0.681759565495758,0.318240434504242,0.318240434504242,"all","linear"
"1414",11,0.565685424949238,0.493969036415365,"Exp1","mixed","IP",0,0.568750440990126,0.0652702442531669,0.568181785440465,0.595462572098612,0,1.30248125845277,0.595462572098612,0.404537427901388,0.595462572098612,0.595462572098612,"all","linear"
"1415",11,2.01815139660892,2.1659089877121,"Exp1","mixed","IP",0,1.994130003809,0.269336917384996,1.99383832598648,0.318240434504242,0,-0.106881152324711,0.318240434504242,0.681759565495758,0.318240434504242,0.318240434504242,"all","linear"
"1416",11,0.475682846001088,0.397948024967263,"Exp1","mixed","IP",0,0.524264465977581,0.0614459626005047,0.524339340740006,0.510558945860225,0,1.37493358124276,0.510558945860225,0.489441054139775,0.510558945860225,0.510558945860225,"all","linear"
"1417",11,2.4,1.68580610750178,"Exp1","mixed","IP",0,2.21881834569685,0.300767193683591,2.22158685523555,0.396444320861322,0,-0.214386538623464,0.396444320861322,0.603555679138678,0.396444320861322,0.396444320861322,"all","linear"
"1418",11,1.42704853800327,1.22186425285872,"Exp1","mixed","IP",0,1.52516077920685,0.20863217006612,1.52709558060714,0.190468028142124,0,0.14894973236636,0.190468028142124,0.809531971857876,0.190468028142124,0.190468028142124,"all","linear"
"1419",11,0.4,0.453942476651719,"Exp1","mixed","IP",0,0.472615081277506,0.0573408522114697,0.472641701746815,0.425046045225472,0,1.44216673527601,0.425046045225472,0.574953954774528,0.425046045225472,0.425046045225472,"all","linear"
"1420",11,0.4,0.413897567635104,"Exp1","mixed","IP",0,0.472615081277506,0.0573408522114697,0.472533250367318,0.425046045225472,0,1.44517455091547,0.425046045225472,0.574953954774528,0.425046045225472,0.425046045225472,"all","linear"
"1421",11,0.8,0.749905330301772,"Exp1","mixed","IP",0,0.629104704682366,0.0715476554298391,0.628858234283516,0.745699551973832,0,1.21888226306043,0.745699551973832,0.254300448026168,0.745699551973832,0.745699551973832,"all","linear"
"1422",11,1.2,1.50181007591527,"Exp1","mixed","IP",0,1.30610220976639,0.181205416829239,1.30659036119741,0.143000467377589,0,0.290725310651615,0.143000467377589,0.85699953262241,0.143000467377589,0.143000467377589,"all","linear"
"1423",11,1.42704853800327,1.5898796413494,"Exp1","mixed","IP",0,1.52516077920685,0.20863217006612,1.52541805745493,0.190468028142124,0,0.148928189714939,0.190468028142124,0.809531971857876,0.190468028142124,0.190468028142124,"all","linear"
"1424",11,1.2,1.07788265187082,"Exp1","mixed","IP",0,1.30610220976639,0.181205416829239,1.30551413470522,0.143000467377589,0,0.291566776150916,0.143000467377589,0.85699953262241,0.143000467377589,0.143000467377589,"all","linear"
"1425",11,0.8,0.933857199282102,"Exp1","mixed","IP",0,0.629104704682366,0.0715476554298391,0.629360770354879,0.745699551973832,0,1.21970441362486,0.745699551973832,0.254300448026168,0.745699551973832,0.745699551973832,"all","linear"
"1426",11,0.8,1.19802048896145,"Exp1","mixed","IP",0,0.629104704682366,0.0715476554298391,0.629514416009572,0.745699551973832,0,1.22063263354047,0.745699551973832,0.254300448026168,0.745699551973832,0.745699551973832,"all","linear"
"1427",11,1.69705627484772,1.77381316107767,"Exp1","mixed","IP",0,1.75813996344086,0.23827034715358,1.75812098629313,0.248979087946711,0,0.0160518367121755,0.248979087946711,0.751020912053289,0.248979087946711,0.248979087946711,"all","linear"
"1428",11,1.42704853800327,1.08588945664451,"Exp1","mixed","IP",0,1.52516077920685,0.20863217006612,1.52553390294841,0.190468028142124,0,0.147759769068742,0.190468028142124,0.809531971857876,0.190468028142124,0.190468028142124,"all","linear"
"1429",11,0.475682846001088,0.533885811674736,"Exp1","mixed","IP",0,0.524264465977581,0.0614459626005047,0.524443378416524,0.510558945860225,0,1.36766361676224,0.510558945860225,0.489441054139775,0.510558945860225,0.510558945860225,"all","linear"
"1430",11,1.2,1.59784290552579,"Exp1","mixed","IP",0,1.30610220976639,0.181205416829239,1.30513867107289,0.143000467377589,0,0.290034664054475,0.143000467377589,0.85699953262241,0.143000467377589,0.143000467377589,"all","linear"
"1431",11,1.2,1.34987889493914,"Exp1","mixed","IP",0,1.30610220976639,0.181205416829239,1.30450756953983,0.143000467377589,0,0.28811879526793,0.143000467377589,0.85699953262241,0.143000467377589,0.143000467377589,"all","linear"
"1432",11,0.672717132202972,0.629951296732543,"Exp1","mixed","IP",0,0.603938196590965,0.068665281601562,0.6041452865275,0.675043287868422,0,1.26318883601718,0.675043287868422,0.324956712131578,0.675043287868422,0.675043287868422,"all","linear"
"1433",11,2.4,2.2058245189537,"Exp1","mixed","IP",0,2.21881834569685,0.300767193683591,2.21930361986306,0.396444320861322,0,-0.209731262872496,0.396444320861322,0.603555679138678,0.396444320861322,0.396444320861322,"all","linear"
"1434",11,1.69705627484772,2.03782934573974,"Exp1","mixed","IP",0,1.75813996344086,0.23827034715358,1.75731886459687,0.248979087946711,0,0.0208632786699753,0.248979087946711,0.751020912053289,0.248979087946711,0.248979087946711,"all","linear"
"1435",11,0.565685424949238,0.525878073887725,"Exp1","mixed","IP",0,0.568750440990126,0.0652702442531669,0.568794175774725,0.595462572098612,0,1.31466394625296,0.595462572098612,0.404537427901388,0.595462572098612,0.595462572098612,"all","linear"
"1436",11,0.4,0.573907706374484,"Exp1","mixed","IP",0,0.472615081277506,0.0573408522114697,0.472571477608979,0.425046045225472,0,1.44853410616999,0.425046045225472,0.574953954774528,0.425046045225472,0.425046045225472,"all","linear"
"1437",11,2.4,2.19783202037706,"Exp1","mixed","IP",0,2.21881834569685,0.300767193683591,2.21643756782345,0.396444320861322,0,-0.214936217562995,0.396444320861322,0.603555679138678,0.396444320861322,0.396444320861322,"all","linear"
"1438",11,0.565685424949238,0.445903949443164,"Exp1","mixed","IP",0,0.568750440990126,0.0652702442531669,0.569035643279659,0.595462572098612,0,1.31277942613692,0.595462572098612,0.404537427901388,0.595462572098612,0.595462572098612,"all","linear"
"1439",11,0.672717132202972,0.541935224031477,"Exp1","mixed","IP",0,0.603938196590965,0.068665281601562,0.603804922256276,0.675043287868422,0,1.26138898113153,0.675043287868422,0.324956712131578,0.675043287868422,0.675043287868422,"all","linear"
"1440",11,1.69705627484772,1.81393022308293,"Exp1","mixed","IP",0,1.75813996344086,0.23827034715358,1.75708606114989,0.248979087946711,0,0.0181116404845449,0.248979087946711,0.751020912053289,0.248979087946711,0.248979087946711,"all","linear"
"1441",11,1.42704853800327,1.50189871213115,"Exp1","mixed","IP",0,1.52516077920685,0.20863217006612,1.52511820168032,0.190468028142124,0,0.148854729753912,0.190468028142124,0.809531971857876,0.190468028142124,0.190468028142124,"all","linear"
"1442",11,2.01815139660892,1.46989948342252,"Exp1","mixed","IP",0,1.994130003809,0.269336917384996,1.99529337247579,0.318240434504242,0,-0.105827788392293,0.318240434504242,0.681759565495758,0.318240434504242,0.318240434504242,"all","linear"
"1443",11,1.42704853800327,1.82990682312175,"Exp1","mixed","IP",0,1.52516077920685,0.20863217006612,1.52547420216027,0.190468028142124,0,0.150089171729878,0.190468028142124,0.809531971857876,0.190468028142124,0.190468028142124,"all","linear"
"1444",11,0.475682846001088,0.47794827377129,"Exp1","mixed","IP",0,0.524264465977581,0.0614459626005047,0.524325063267305,0.510558945860225,0,1.37710625098292,0.510558945860225,0.489441054139775,0.510558945860225,0.510558945860225,"all","linear"
"1445",11,0.8,0.925922858502418,"Exp1","mixed","IP",0,0.629104704682366,0.0715476554298391,0.629148113212662,0.745699551973832,0,1.21712892933406,0.745699551973832,0.254300448026168,0.745699551973832,0.745699551973832,"all","linear"
"1446",11,0.475682846001088,0.533941170433536,"Exp1","mixed","IP",0,0.524264465977581,0.0614459626005047,0.524350459516547,0.510558945860225,0,1.37399133650076,0.510558945860225,0.489441054139775,0.510558945860225,0.510558945860225,"all","linear"
"1447",11,0.475682846001088,0.533871816482133,"Exp1","mixed","IP",0,0.524264465977581,0.0614459626005047,0.524188250546999,0.510558945860225,0,1.3699019184225,0.510558945860225,0.489441054139775,0.510558945860225,0.510558945860225,"all","linear"
"1448",11,2.01815139660892,1.54977284248525,"Exp1","mixed","IP",0,1.994130003809,0.269336917384996,1.99331472926747,0.318240434504242,0,-0.107539146738807,0.318240434504242,0.681759565495758,0.318240434504242,0.318240434504242,"all","linear"
"1449",11,2.4,2.02181480318086,"Exp1","mixed","IP",0,2.21881834569685,0.300767193683591,2.22138608156877,0.396444320861322,0,-0.214955817908525,0.396444320861322,0.603555679138678,0.396444320861322,0.396444320861322,"all","linear"
"1450",11,1.2,1.40586619352598,"Exp1","mixed","IP",0,1.30610220976639,0.181205416829239,1.30488765421484,0.143000467377589,0,0.291753118863931,0.143000467377589,0.85699953262241,0.143000467377589,0.143000467377589,"all","linear"
"1451",11,1.69705627484772,1.59784197251338,"Exp1","mixed","IP",0,1.75813996344086,0.23827034715358,1.75793698478254,0.248979087946711,0,0.0199008622107736,0.248979087946711,0.751020912053289,0.248979087946711,0.248979087946711,"all","linear"
"1452",11,0.565685424949238,0.717977010564937,"Exp1","mixed","IP",0,0.568750440990126,0.0652702442531669,0.568547110125047,0.595462572098612,0,1.31450867120119,0.595462572098612,0.404537427901388,0.595462572098612,0.595462572098612,"all","linear"
"1453",11,2.4,2.54180335822366,"Exp1","mixed","IP",0,2.21881834569685,0.300767193683591,2.21741748422378,0.396444320861322,0,-0.2218708861184,0.396444320861322,0.603555679138678,0.396444320861322,0.396444320861322,"all","linear"
"1454",11,0.565685424949238,0.669875536093969,"Exp1","mixed","IP",0,0.568750440990126,0.0652702442531669,0.568714114566714,0.595462572098612,0,1.30796592433402,0.595462572098612,0.404537427901388,0.595462572098612,0.595462572098612,"all","linear"
"1455",11,1.69705627484772,1.6778437763378,"Exp1","mixed","IP",0,1.75813996344086,0.23827034715358,1.75693570755886,0.248979087946711,0,0.0155939152754712,0.248979087946711,0.751020912053289,0.248979087946711,0.248979087946711,"all","linear"
"1456",11,0.565685424949238,0.485944815402945,"Exp1","mixed","IP",0,0.568750440990126,0.0652702442531669,0.568620728402951,0.595462572098612,0,1.31236612699497,0.595462572098612,0.404537427901388,0.595462572098612,0.595462572098612,"all","linear"
"1457",11,0.8,0.869912234596086,"Exp1","mixed","IP",0,0.629104704682366,0.0715476554298391,0.629252683405835,0.745699551973832,0,1.21624623190382,0.745699551973832,0.254300448026168,0.745699551973832,0.745699551973832,"all","linear"
"1458",11,0.475682846001088,0.494002935879507,"Exp1","mixed","IP",0,0.524264465977581,0.0614459626005047,0.524209202778369,0.510558945860225,0,1.36321179232934,0.510558945860225,0.489441054139775,0.510558945860225,0.510558945860225,"all","linear"
"1459",11,0.4,0.421958798155174,"Exp1","mixed","IP",0,0.472615081277506,0.0573408522114697,0.472874349844626,0.425046045225472,0,1.44425282543002,0.425046045225472,0.574953954774528,0.425046045225472,0.425046045225472,"all","linear"
"1460",11,2.01815139660892,2.03785858014089,"Exp1","mixed","IP",0,1.994130003809,0.269336917384996,1.99355519154056,0.318240434504242,0,-0.108269943355653,0.318240434504242,0.681759565495758,0.318240434504242,0.318240434504242,"all","linear"
"1461",11,1.69705627484772,1.82987199064428,"Exp1","mixed","IP",0,1.75813996344086,0.23827034715358,1.75830655920799,0.248979087946711,0,0.0202244330566571,0.248979087946711,0.751020912053289,0.248979087946711,0.248979087946711,"all","linear"
"1462",11,1.2,1.2538684576366,"Exp1","mixed","IP",0,1.30610220976639,0.181205416829239,1.30729358170158,0.143000467377589,0,0.287624743776558,0.143000467377589,0.85699953262241,0.143000467377589,0.143000467377589,"all","linear"
"1463",11,0.4,0.461902008775724,"Exp1","mixed","IP",0,0.472615081277506,0.0573408522114697,0.472660122125935,0.425046045225472,0,1.43818009050533,0.425046045225472,0.574953954774528,0.425046045225472,0.425046045225472,"all","linear"
"1464",11,0.672717132202972,0.77388220402463,"Exp1","mixed","IP",0,0.603938196590965,0.068665281601562,0.604139074618347,0.675043287868422,0,1.26052468919307,0.675043287868422,0.324956712131578,0.675043287868422,0.675043287868422,"all","linear"
"1465",11,2.01815139660892,2.24578016974647,"Exp1","mixed","IP",0,1.994130003809,0.269336917384996,1.9929669487656,0.318240434504242,0,-0.100121700681699,0.318240434504242,0.681759565495758,0.318240434504242,0.318240434504242,"all","linear"
"1466",11,2.4,2.09376750565207,"Exp1","mixed","IP",0,2.21881834569685,0.300767193683591,2.22023611833277,0.396444320861322,0,-0.216228331305059,0.396444320861322,0.603555679138678,0.396444320861322,0.396444320861322,"all","linear"
"1467",11,0.8,0.733945213488369,"Exp1","mixed","IP",0,0.629104704682366,0.0715476554298391,0.628672785524245,0.745699551973832,0,1.22068755306102,0.745699551973832,0.254300448026168,0.745699551973832,0.745699551973832,"all","linear"
"1468",11,1.2,1.46194834841117,"Exp1","mixed","IP",0,1.30610220976639,0.181205416829239,1.30545861744279,0.143000467377589,0,0.291918051808358,0.143000467377589,0.85699953262241,0.143000467377589,0.143000467377589,"all","linear"
"1469",11,1.2,1.11789894849426,"Exp1","mixed","IP",0,1.30610220976639,0.181205416829239,1.30703468091504,0.143000467377589,0,0.286000176843577,0.143000467377589,0.85699953262241,0.143000467377589,0.143000467377589,"all","linear"
"1470",11,1.42704853800327,1.62186860691781,"Exp1","mixed","IP",0,1.52516077920685,0.20863217006612,1.52671637549591,0.190468028142124,0,0.152858211397951,0.190468028142124,0.809531971857876,0.190468028142124,0.190468028142124,"all","linear"
"1471",11,0.4,0.41393053408774,"Exp1","mixed","IP",0,0.472615081277506,0.0573408522114697,0.472199950024125,0.425046045225472,0,1.44144400343472,0.425046045225472,0.574953954774528,0.425046045225472,0.425046045225472,"all","linear"
"1472",11,2.4,2.41383225674053,"Exp1","mixed","IP",0,2.21881834569685,0.300767193683591,2.21632595950375,0.396444320861322,0,-0.212187504725476,0.396444320861322,0.603555679138678,0.396444320861322,0.396444320861322,"all","linear"
"1473",11,1.69705627484772,1.94985370359427,"Exp1","mixed","IP",0,1.75813996344086,0.23827034715358,1.75932960812675,0.248979087946711,0,0.0209863830321869,0.248979087946711,0.751020912053289,0.248979087946711,0.248979087946711,"all","linear"
"1474",11,1.2,1.07784284332502,"Exp1","mixed","IP",0,1.30610220976639,0.181205416829239,1.30628901250284,0.143000467377589,0,0.289618936884423,0.143000467377589,0.85699953262241,0.143000467377589,0.143000467377589,"all","linear"
"1475",11,0.475682846001088,0.485909671921036,"Exp1","mixed","IP",0,0.524264465977581,0.0614459626005047,0.52443120234325,0.510558945860225,0,1.37311259080197,0.510558945860225,0.489441054139775,0.510558945860225,0.510558945860225,"all","linear"
"1476",11,0.4,0.517874690161989,"Exp1","mixed","IP",0,0.472615081277506,0.0573408522114697,0.472209529022244,0.425046045225472,0,1.44372309049314,0.425046045225472,0.574953954774528,0.425046045225472,0.425046045225472,"all","linear"
"1477",11,0.672717132202972,0.638017503320043,"Exp1","mixed","IP",0,0.603938196590965,0.068665281601562,0.604101254030343,0.675043287868422,0,1.26273445001372,0.675043287868422,0.324956712131578,0.675043287868422,0.675043287868422,"all","linear"
"1478",11,0.565685424949238,0.509939727373421,"Exp1","mixed","IP",0,0.568750440990126,0.0652702442531669,0.568642767366961,0.595462572098612,0,1.30993319576836,0.595462572098612,0.404537427901388,0.595462572098612,0.595462572098612,"all","linear"
"1479",11,0.8,0.821882602110236,"Exp1","mixed","IP",0,0.629104704682366,0.0715476554298391,0.629024291412305,0.745699551973832,0,1.21977240845264,0.745699551973832,0.254300448026168,0.745699551973832,0.745699551973832,"all","linear"
"1480",11,1.2,1.46189672170385,"Exp1","mixed","IP",0,1.30610220976639,0.181205416829239,1.30715037141514,0.143000467377589,0,0.290401298072936,0.143000467377589,0.85699953262241,0.143000467377589,0.143000467377589,"all","linear"
"1481",11,2.4,2.37382497924045,"Exp1","mixed","IP",0,2.21881834569685,0.300767193683591,2.21599572663378,0.396444320861322,0,-0.210397642413418,0.396444320861322,0.603555679138678,0.396444320861322,0.396444320861322,"all","linear"
"1482",11,0.8,0.925981327303816,"Exp1","mixed","IP",0,0.629104704682366,0.0715476554298391,0.629034356070871,0.745699551973832,0,1.21978990378796,0.745699551973832,0.254300448026168,0.745699551973832,0.745699551973832,"all","linear"
"1483",11,1.2,1.43786293419998,"Exp1","mixed","IP",0,1.30610220976639,0.181205416829239,1.30624980688475,0.143000467377589,0,0.290168196181336,0.143000467377589,0.85699953262241,0.143000467377589,0.143000467377589,"all","linear"
"1484",11,2.4,2.35782567588922,"Exp1","mixed","IP",0,2.21881834569685,0.300767193683591,2.21947731716165,0.396444320861322,0,-0.216670374559476,0.396444320861322,0.603555679138678,0.396444320861322,0.396444320861322,"all","linear"
"1485",11,0.4,0.453978553146044,"Exp1","mixed","IP",0,0.472615081277506,0.0573408522114697,0.472818505457897,0.425046045225472,0,1.44289109772513,0.425046045225472,0.574953954774528,0.425046045225472,0.425046045225472,"all","linear"
"1486",11,0.672717132202972,0.773901486289105,"Exp1","mixed","IP",0,0.603938196590965,0.068665281601562,0.603993913891477,0.675043287868422,0,1.26161280556783,0.675043287868422,0.324956712131578,0.675043287868422,0.675043287868422,"all","linear"
"1487",11,2.01815139660892,2.17385856770034,"Exp1","mixed","IP",0,1.994130003809,0.269336917384996,1.99356004298042,0.318240434504242,0,-0.104356831564365,0.318240434504242,0.681759565495758,0.318240434504242,0.318240434504242,"all","linear"
"1488",11,1.69705627484772,1.70983491893639,"Exp1","mixed","IP",0,1.75813996344086,0.23827034715358,1.75930052997448,0.248979087946711,0,0.0184065549276835,0.248979087946711,0.751020912053289,0.248979087946711,0.248979087946711,"all","linear"
"1489",11,1.42704853800327,1.3898759092981,"Exp1","mixed","IP",0,1.52516077920685,0.20863217006612,1.52603585369762,0.190468028142124,0,0.145042583737431,0.190468028142124,0.809531971857876,0.190468028142124,0.190468028142124,"all","linear"
"1490",11,1.69705627484772,1.68575727983171,"Exp1","mixed","IP",0,1.75813996344086,0.23827034715358,1.75937699956944,0.248979087946711,0,0.0197681602756164,0.248979087946711,0.751020912053289,0.248979087946711,0.248979087946711,"all","linear"
"1491",11,2.01815139660892,2.12578135156218,"Exp1","mixed","IP",0,1.994130003809,0.269336917384996,1.99479045071641,0.318240434504242,0,-0.103664555925869,0.318240434504242,0.681759565495758,0.318240434504242,0.318240434504242,"all","linear"
"1492",11,0.475682846001088,0.413909074793082,"Exp1","mixed","IP",0,0.524264465977581,0.0614459626005047,0.52422521077167,0.510558945860225,0,1.36758872532396,0.510558945860225,0.489441054139775,0.510558945860225,0.510558945860225,"all","linear"
"1493",11,1.42704853800327,1.33385377823561,"Exp1","mixed","IP",0,1.52516077920685,0.20863217006612,1.52600451492563,0.190468028142124,0,0.149528050412811,0.190468028142124,0.809531971857876,0.190468028142124,0.190468028142124,"all","linear"
"1494",11,2.01815139660892,1.94991621545159,"Exp1","mixed","IP",0,1.994130003809,0.269336917384996,1.99345012879213,0.318240434504242,0,-0.10396070015244,0.318240434504242,0.681759565495758,0.318240434504242,0.318240434504242,"all","linear"
"1495",11,0.565685424949238,0.725929700595771,"Exp1","mixed","IP",0,0.568750440990126,0.0652702442531669,0.568445997325334,0.595462572098612,0,1.31028946807571,0.595462572098612,0.404537427901388,0.595462572098612,0.595462572098612,"all","linear"
"1496",11,0.4,0.365934801066032,"Exp1","mixed","IP",0,0.472615081277506,0.0573408522114697,0.472668026606939,0.425046045225472,0,1.44930273504289,0.425046045225472,0.574953954774528,0.425046045225472,0.425046045225472,"all","linear"
"1497",11,0.672717132202972,0.669897928400133,"Exp1","mixed","IP",0,0.603938196590965,0.068665281601562,0.604384856557483,0.675043287868422,0,1.25443170831652,0.675043287868422,0.324956712131578,0.675043287868422,0.675043287868422,"all","linear"
"1498",11,2.01815139660892,2.12587776288456,"Exp1","mixed","IP",0,1.994130003809,0.269336917384996,1.99394369265656,0.318240434504242,0,-0.1067937687958,0.318240434504242,0.681759565495758,0.318240434504242,0.318240434504242,"all","linear"
"1499",11,0.8,0.933915357079968,"Exp1","mixed","IP",0,0.629104704682366,0.0715476554298391,0.629035582659438,0.745699551973832,0,1.21671867062674,0.745699551973832,0.254300448026168,0.745699551973832,0.745699551973832,"all","linear"
"1500",11,0.475682846001088,0.493993605752621,"Exp1","mixed","IP",0,0.524264465977581,0.0614459626005047,0.524631202414146,0.510558945860225,0,1.36941422793564,0.510558945860225,0.489441054139775,0.510558945860225,0.510558945860225,"all","linear"
"1501",11,0.8,0.909974248846993,"Exp1","mixed","IP",0,0.629104704682366,0.0715476554298391,0.629488925875774,0.745699551973832,0,1.22277893257811,0.745699551973832,0.254300448026168,0.745699551973832,0.745699551973832,"all","linear"
"1502",11,0.565685424949238,0.669956397201531,"Exp1","mixed","IP",0,0.568750440990126,0.0652702442531669,0.569187916674616,0.595462572098612,0,1.31015587316054,0.595462572098612,0.404537427901388,0.595462572098612,0.595462572098612,"all","linear"
"1503",11,0.475682846001088,0.485786203229509,"Exp1","mixed","IP",0,0.524264465977581,0.0614459626005047,0.524643191996932,0.510558945860225,0,1.36649792273517,0.510558945860225,0.489441054139775,0.510558945860225,0.510558945860225,"all","linear"
"1504",11,0.565685424949238,0.645918255639117,"Exp1","mixed","IP",0,0.568750440990126,0.0652702442531669,0.568690110441119,0.595462572098612,0,1.31046650793446,0.595462572098612,0.404537427901388,0.595462572098612,0.595462572098612,"all","linear"
"1505",11,0.672717132202972,0.781888697793875,"Exp1","mixed","IP",0,0.603938196590965,0.068665281601562,0.604501214183269,0.675043287868422,0,1.26447272365283,0.675043287868422,0.324956712131578,0.675043287868422,0.675043287868422,"all","linear"
"1506",12,0.4,0.41393551015517,"Exp1","mixed","IP",0,0.424131364383234,0.0660993350768784,0.424785710603992,0.0811641204772122,0,1.30352419212039,0.0811641204772122,0.918835879522788,0.0811641204772122,0.0811641204772122,"all","linear"
"1507",12,2.01815139660892,1.77382000317266,"Exp1","mixed","IP",0,2.07870312993929,0.262601884197682,2.07928105420613,0.258409459612331,0,-0.0795624456352838,0.258409459612331,0.741590540387669,0.258409459612331,0.258409459612331,"all","linear"
"1508",12,0.565685424949238,0.637928556100633,"Exp1","mixed","IP",0,0.585271729372844,0.0848898755568656,0.585258832165222,0.148027159746528,0,1.0461763365908,0.148027159746528,0.851972840253472,0.148027159746528,0.148027159746528,"all","linear"
"1509",12,1.42704853800327,1.6618127505526,"Exp1","mixed","IP",0,1.54996604940116,0.200181963627029,1.55003526947984,0.14908507440193,0,0.187631714310305,0.14908507440193,0.85091492559807,0.14908507440193,0.14908507440193,"all","linear"
"1510",12,0.475682846001088,0.581925707300798,"Exp1","mixed","IP",0,0.500171372645437,0.0748237102379351,0.50053340238033,0.110343625093886,0,1.1800853545519,0.110343625093886,0.889656374906113,0.110343625093886,0.110343625093886,"all","linear"
"1511",12,2.4,2.27778779557048,"Exp1","mixed","IP",0,2.35161896998569,0.296343663919829,2.35054646896671,0.329305314015698,0,-0.20585798771646,0.329305314015698,0.670694685984302,0.329305314015698,0.329305314015698,"all","linear"
"1512",12,1.42704853800327,1.37383617539308,"Exp1","mixed","IP",0,1.54996604940116,0.200181963627029,1.55012134741442,0.14908507440193,0,0.193704273798638,0.14908507440193,0.85091492559807,0.14908507440193,0.14908507440193,"all","linear"
"1513",12,0.475682846001088,0.589849473935828,"Exp1","mixed","IP",0,0.500171372645437,0.0748237102379351,0.499894742757074,0.110343625093886,0,1.17528541871118,0.110343625093886,0.889656374906113,0.110343625093886,0.110343625093886,"all","linear"
"1514",12,0.4,0.533918778126463,"Exp1","mixed","IP",0,0.424131364383234,0.0660993350768784,0.423926793663232,0.0811641204772122,0,1.29765410024596,0.0811641204772122,0.918835879522788,0.0811641204772122,0.0811641204772122,"all","linear"
"1515",12,1.69705627484772,1.96582377254344,"Exp1","mixed","IP",0,1.80702392471117,0.230247262227993,1.80765294640897,0.198175747568371,0,0.0552902995098103,0.198175747568371,0.801824252431629,0.198175747568371,0.198175747568371,"all","linear"
"1516",12,0.4,0.445806605108373,"Exp1","mixed","IP",0,0.424131364383234,0.0660993350768784,0.424051284870217,0.0811641204772122,0,1.29875049591193,0.0811641204772122,0.918835879522788,0.0811641204772122,0.0811641204772122,"all","linear"
"1517",12,1.42704853800327,1.27783351319704,"Exp1","mixed","IP",0,1.54996604940116,0.200181963627029,1.54934257693552,0.14908507440193,0,0.188698563155769,0.14908507440193,0.85091492559807,0.14908507440193,0.14908507440193,"all","linear"
"1518",12,0.8,0.885896920746745,"Exp1","mixed","IP",0,0.774519697937589,0.108660001494488,0.774496529782349,0.252565267936681,0,0.805787813494863,0.252565267936681,0.747434732063319,0.252565267936681,0.252565267936681,"all","linear"
"1519",12,2.4,2.50179794674932,"Exp1","mixed","IP",0,2.35161896998569,0.296343663919829,2.35091268279475,0.329305314015698,0,-0.193310093847753,0.329305314015698,0.670694685984302,0.329305314015698,0.329305314015698,"all","linear"
"1520",12,2.4,2.70977551712167,"Exp1","mixed","IP",0,2.35161896998569,0.296343663919829,2.35150963170702,0.329305314015698,0,-0.199233267122687,0.329305314015698,0.670694685984302,0.329305314015698,0.329305314015698,"all","linear"
"1521",12,0.8,0.701859836597578,"Exp1","mixed","IP",0,0.774519697937589,0.108660001494488,0.775609908438477,0.252565267936681,0,0.800145318261604,0.252565267936681,0.747434732063319,0.252565267936681,0.252565267936681,"all","linear"
"1522",12,2.01815139660892,2.07783693424244,"Exp1","mixed","IP",0,2.07870312993929,0.262601884197682,2.07969915440355,0.258409459612331,0,-0.0794550104227506,0.258409459612331,0.741590540387669,0.258409459612331,0.258409459612331,"all","linear"
"1523",12,2.01815139660892,2.18180317162114,"Exp1","mixed","IP",0,2.07870312993929,0.262601884197682,2.07886926483142,0.258409459612331,0,-0.0796261695457641,0.258409459612331,0.741590540387669,0.258409459612331,0.258409459612331,"all","linear"
"1524",12,0.672717132202972,0.685878571493959,"Exp1","mixed","IP",0,0.677752120324392,0.0962280639792517,0.678053125600101,0.195303371556242,0,0.921216296214456,0.195303371556242,0.804696628443758,0.195303371556242,0.195303371556242,"all","linear"
"1525",12,0.672717132202972,0.813855271057037,"Exp1","mixed","IP",0,0.677752120324392,0.0962280639792517,0.677763604989886,0.195303371556242,0,0.923691869848562,0.195303371556242,0.804696628443758,0.195303371556242,0.195303371556242,"all","linear"
"1526",12,0.565685424949238,0.637882838473161,"Exp1","mixed","IP",0,0.585271729372844,0.0848898755568656,0.585145074226051,0.148027159746528,0,1.0537683178212,0.148027159746528,0.851972840253472,0.148027159746528,0.148027159746528,"all","linear"
"1527",12,1.2,1.44601062390393,"Exp1","mixed","IP",0,1.31607905373346,0.17296715584621,1.31694326155506,0.110426623838509,0,0.338853722139397,0.110426623838509,0.889573376161491,0.110426623838509,0.110426623838509,"all","linear"
"1528",12,2.4,2.38177269320477,"Exp1","mixed","IP",0,2.35161896998569,0.296343663919829,2.35295851448275,0.329305314015698,0,-0.199703927975146,0.329305314015698,0.670694685984302,0.329305314015698,0.329305314015698,"all","linear"
"1529",12,0.565685424949238,0.693929538872908,"Exp1","mixed","IP",0,0.585271729372844,0.0848898755568656,0.585280037655643,0.148027159746528,0,1.05049811954033,0.148027159746528,0.851972840253472,0.148027159746528,0.148027159746528,"all","linear"
"1530",12,2.01815139660892,2.13381023763759,"Exp1","mixed","IP",0,2.07870312993929,0.262601884197682,2.0790838827619,0.258409459612331,0,-0.0817235780733733,0.258409459612331,0.741590540387669,0.258409459612331,0.258409459612331,"all","linear"
"1531",12,0.8,0.877952938833914,"Exp1","mixed","IP",0,0.774519697937589,0.108660001494488,0.774248726392079,0.252565267936681,0,0.805730605873707,0.252565267936681,0.747434732063319,0.252565267936681,0.252565267936681,"all","linear"
"1532",12,0.672717132202972,0.733915668084592,"Exp1","mixed","IP",0,0.677752120324392,0.0962280639792517,0.678189051699485,0.195303371556242,0,0.925259395902593,0.195303371556242,0.804696628443758,0.195303371556242,0.195303371556242,"all","linear"
"1533",12,1.2,1.06986993801547,"Exp1","mixed","IP",0,1.31607905373346,0.17296715584621,1.31629199750655,0.110426623838509,0,0.336917769257244,0.110426623838509,0.889573376161491,0.110426623838509,0.110426623838509,"all","linear"
"1534",12,1.2,1.4458504567101,"Exp1","mixed","IP",0,1.31607905373346,0.17296715584621,1.31740227850351,0.110426623838509,0,0.336684567438457,0.110426623838509,0.889573376161491,0.110426623838509,0.110426623838509,"all","linear"
"1535",12,0.672717132202972,0.789894258550703,"Exp1","mixed","IP",0,0.677752120324392,0.0962280639792517,0.677691033335328,0.195303371556242,0,0.925814480694699,0.195303371556242,0.804696628443758,0.195303371556242,0.195303371556242,"all","linear"
"1536",12,1.69705627484772,1.78180192760374,"Exp1","mixed","IP",0,1.80702392471117,0.230247262227993,1.80614795697959,0.198175747568371,0,0.0513970745849475,0.198175747568371,0.801824252431629,0.198175747568371,0.198175747568371,"all","linear"
"1537",12,1.69705627484772,1.91782524048358,"Exp1","mixed","IP",0,1.80702392471117,0.230247262227993,1.80730047773531,0.198175747568371,0,0.0499977884308793,0.198175747568371,0.801824252431629,0.198175747568371,0.198175747568371,"all","linear"
"1538",12,1.69705627484772,1.89383437156903,"Exp1","mixed","IP",0,1.80702392471117,0.230247262227993,1.80697934548141,0.198175747568371,0,0.0541047235702894,0.198175747568371,0.801824252431629,0.198175747568371,0.198175747568371,"all","linear"
"1539",12,0.565685424949238,0.525863767692499,"Exp1","mixed","IP",0,0.585271729372844,0.0848898755568656,0.585000878814353,0.148027159746528,0,1.05294478156291,0.148027159746528,0.851972840253472,0.148027159746528,0.148027159746528,"all","linear"
"1540",12,1.2,1.19785721172229,"Exp1","mixed","IP",0,1.31607905373346,0.17296715584621,1.31770705763526,0.110426623838509,0,0.333883327344182,0.110426623838509,0.889573376161491,0.110426623838509,0.110426623838509,"all","linear"
"1541",12,1.42704853800327,1.55785615430796,"Exp1","mixed","IP",0,1.54996604940116,0.200181963627029,1.5505628977659,0.14908507440193,0,0.193466453327631,0.14908507440193,0.85091492559807,0.14908507440193,0.14908507440193,"all","linear"
"1542",12,2.01815139660892,2.01382852468851,"Exp1","mixed","IP",0,2.07870312993929,0.262601884197682,2.07922448928863,0.258409459612331,0,-0.0748588672082476,0.258409459612331,0.741590540387669,0.258409459612331,0.258409459612331,"all","linear"
"1543",12,2.4,2.28581885867607,"Exp1","mixed","IP",0,2.35161896998569,0.296343663919829,2.34881425832873,0.329305314015698,0,-0.202994764765447,0.329305314015698,0.670694685984302,0.329305314015698,0.329305314015698,"all","linear"
"1544",12,0.672717132202972,0.741934913026853,"Exp1","mixed","IP",0,0.677752120324392,0.0962280639792517,0.677813079763603,0.195303371556242,0,0.922894027629891,0.195303371556242,0.804696628443758,0.195303371556242,0.195303371556242,"all","linear"
"1545",12,2.4,2.23784085289844,"Exp1","mixed","IP",0,2.35161896998569,0.296343663919829,2.34957350095278,0.329305314015698,0,-0.208374006087436,0.329305314015698,0.670694685984302,0.329305314015698,0.329305314015698,"all","linear"
"1546",12,0.565685424949238,0.709918268079491,"Exp1","mixed","IP",0,0.585271729372844,0.0848898755568656,0.585201780116242,0.148027159746528,0,1.04694583480064,0.148027159746528,0.851972840253472,0.148027159746528,0.148027159746528,"all","linear"
"1547",12,1.42704853800327,1.4938250414416,"Exp1","mixed","IP",0,1.54996604940116,0.200181963627029,1.55070126242389,0.14908507440193,0,0.192346651169429,0.14908507440193,0.85091492559807,0.14908507440193,0.14908507440193,"all","linear"
"1548",12,1.42704853800327,1.44591172454966,"Exp1","mixed","IP",0,1.54996604940116,0.200181963627029,1.55217868556349,0.14908507440193,0,0.194782703046518,0.14908507440193,0.85091492559807,0.14908507440193,0.14908507440193,"all","linear"
"1549",12,1.2,1.35790093892138,"Exp1","mixed","IP",0,1.31607905373346,0.17296715584621,1.31652938189503,0.110426623838509,0,0.336378674232562,0.110426623838509,0.889573376161491,0.110426623838509,0.110426623838509,"all","linear"
"1550",12,1.69705627484772,1.62187016194002,"Exp1","mixed","IP",0,1.80702392471117,0.230247262227993,1.80706777551942,0.198175747568371,0,0.0517986809581922,0.198175747568371,0.801824252431629,0.198175747568371,0.198175747568371,"all","linear"
"1551",12,0.475682846001088,0.621916501573651,"Exp1","mixed","IP",0,0.500171372645437,0.0748237102379351,0.500092210746632,0.110343625093886,0,1.17642813578928,0.110343625093886,0.889656374906113,0.110343625093886,0.110343625093886,"all","linear"
"1552",12,1.69705627484772,1.77382840028622,"Exp1","mixed","IP",0,1.80702392471117,0.230247262227993,1.80854984727986,0.198175747568371,0,0.0459661360033693,0.198175747568371,0.801824252431629,0.198175747568371,0.198175747568371,"all","linear"
"1553",12,0.8,0.693866094004989,"Exp1","mixed","IP",0,0.774519697937589,0.108660001494488,0.774142187727221,0.252565267936681,0,0.800546257796721,0.252565267936681,0.747434732063319,0.252565267936681,0.252565267936681,"all","linear"
"1554",12,0.672717132202972,0.725842308398569,"Exp1","mixed","IP",0,0.677752120324392,0.0962280639792517,0.677891634631922,0.195303371556242,0,0.926391366572922,0.195303371556242,0.804696628443758,0.195303371556242,0.195303371556242,"all","linear"
"1555",12,0.565685424949238,0.653896759025884,"Exp1","mixed","IP",0,0.585271729372844,0.0848898755568656,0.585528393657532,0.148027159746528,0,1.0492746823412,0.148027159746528,0.851972840253472,0.148027159746528,0.148027159746528,"all","linear"
"1556",12,0.672717132202972,0.741902257579568,"Exp1","mixed","IP",0,0.677752120324392,0.0962280639792517,0.678190685367,0.195303371556242,0,0.923540045798148,0.195303371556242,0.804696628443758,0.195303371556242,0.195303371556242,"all","linear"
"1557",12,0.672717132202972,0.709872239449396,"Exp1","mixed","IP",0,0.677752120324392,0.0962280639792517,0.67758863753979,0.195303371556242,0,0.92248528302686,0.195303371556242,0.804696628443758,0.195303371556242,0.195303371556242,"all","linear"
"1558",12,0.565685424949238,0.669910990578501,"Exp1","mixed","IP",0,0.585271729372844,0.0848898755568656,0.58552244714886,0.148027159746528,0,1.05278449594554,0.148027159746528,0.851972840253472,0.148027159746528,0.148027159746528,"all","linear"
"1559",12,0.475682846001088,0.549982770362476,"Exp1","mixed","IP",0,0.500171372645437,0.0748237102379351,0.500036030450641,0.110343625093886,0,1.17688933077601,0.110343625093886,0.889656374906113,0.110343625093886,0.110343625093886,"all","linear"
"1560",12,1.42704853800327,1.54184223375523,"Exp1","mixed","IP",0,1.54996604940116,0.200181963627029,1.55066867285498,0.14908507440193,0,0.193143425338328,0.14908507440193,0.85091492559807,0.14908507440193,0.14908507440193,"all","linear"
"1561",12,0.4,0.405871791601385,"Exp1","mixed","IP",0,0.424131364383234,0.0660993350768784,0.424402778501324,0.0811641204772122,0,1.30181918843797,0.0811641204772122,0.918835879522788,0.0811641204772122,0.0811641204772122,"all","linear"
"1562",12,2.01815139660892,2.05379257259483,"Exp1","mixed","IP",0,2.07870312993929,0.262601884197682,2.07831535123844,0.258409459612331,0,-0.0821595907404667,0.258409459612331,0.741590540387669,0.258409459612331,0.258409459612331,"all","linear"
"1563",12,1.69705627484772,1.80582980602776,"Exp1","mixed","IP",0,1.80702392471117,0.230247262227993,1.80650140036159,0.198175747568371,0,0.0522416515847356,0.198175747568371,0.801824252431629,0.198175747568371,0.198175747568371,"all","linear"
"1564",12,0.8,1.06985065575282,"Exp1","mixed","IP",0,0.774519697937589,0.108660001494488,0.774971413838453,0.252565267936681,0,0.79970802192279,0.252565267936681,0.747434732063319,0.252565267936681,0.252565267936681,"all","linear"
"1565",12,2.01815139660892,2.02185927679056,"Exp1","mixed","IP",0,2.07870312993929,0.262601884197682,2.08007873133165,0.258409459612331,0,-0.0805524589160277,0.258409459612331,0.741590540387669,0.258409459612331,0.258409459612331,"all","linear"
"1566",12,0.4,0.398010847829937,"Exp1","mixed","IP",0,0.424131364383234,0.0660993350768784,0.424244260711848,0.0811641204772122,0,1.29977858115427,0.0811641204772122,0.918835879522788,0.0811641204772122,0.0811641204772122,"all","linear"
"1567",12,1.69705627484772,1.86180093238909,"Exp1","mixed","IP",0,1.80702392471117,0.230247262227993,1.80720987657727,0.198175747568371,0,0.0533994932662663,0.198175747568371,0.801824252431629,0.198175747568371,0.198175747568371,"all","linear"
"1568",12,0.8,0.869863406926015,"Exp1","mixed","IP",0,0.774519697937589,0.108660001494488,0.774893801237437,0.252565267936681,0,0.809041262632998,0.252565267936681,0.747434732063319,0.252565267936681,0.252565267936681,"all","linear"
"1569",12,2.4,2.6697377612054,"Exp1","mixed","IP",0,2.35161896998569,0.296343663919829,2.35422215657738,0.329305314015698,0,-0.203746128419433,0.329305314015698,0.670694685984302,0.329305314015698,0.329305314015698,"all","linear"
"1570",12,0.8,0.869877713124879,"Exp1","mixed","IP",0,0.774519697937589,0.108660001494488,0.774149128344617,0.252565267936681,0,0.804904112325852,0.252565267936681,0.747434732063319,0.252565267936681,0.252565267936681,"all","linear"
"1571",12,0.565685424949238,0.677959158920203,"Exp1","mixed","IP",0,0.585271729372844,0.0848898755568656,0.585056002312078,0.148027159746528,0,1.04616785983862,0.148027159746528,0.851972840253472,0.148027159746528,0.148027159746528,"all","linear"
"1572",12,0.4,0.54189728151141,"Exp1","mixed","IP",0,0.424131364383234,0.0660993350768784,0.424662213951568,0.0811641204772122,0,1.29912652018575,0.0811641204772122,0.918835879522788,0.0811641204772122,0.0811641204772122,"all","linear"
"1573",12,1.2,1.41382510364201,"Exp1","mixed","IP",0,1.31607905373346,0.17296715584621,1.31611921155548,0.110426623838509,0,0.333421411943394,0.110426623838509,0.889573376161491,0.110426623838509,0.110426623838509,"all","linear"
"1574",12,1.2,1.49385272081963,"Exp1","mixed","IP",0,1.31607905373346,0.17296715584621,1.31727229607026,0.110426623838509,0,0.332920587224493,0.110426623838509,0.889573376161491,0.110426623838509,0.110426623838509,"all","linear"
"1575",12,0.475682846001088,0.597903862362728,"Exp1","mixed","IP",0,0.500171372645437,0.0748237102379351,0.500630333090127,0.110343625093886,0,1.17639065217158,0.110343625093886,0.889656374906113,0.110343625093886,0.110343625093886,"all","linear"
"1576",12,1.2,1.38183520506027,"Exp1","mixed","IP",0,1.31607905373346,0.17296715584621,1.31518530202879,0.110426623838509,0,0.333350879638256,0.110426623838509,0.889573376161491,0.110426623838509,0.110426623838509,"all","linear"
"1577",12,0.565685424949238,0.589871866244721,"Exp1","mixed","IP",0,0.585271729372844,0.0848898755568656,0.585454696778946,0.148027159746528,0,1.05561441548862,0.148027159746528,0.851972840253472,0.148027159746528,0.148027159746528,"all","linear"
"1578",12,2.4,2.24579851899762,"Exp1","mixed","IP",0,2.35161896998569,0.296343663919829,2.35187189289922,0.329305314015698,0,-0.194118343155443,0.329305314015698,0.670694685984302,0.329305314015698,0.329305314015698,"all","linear"
"1579",12,0.475682846001088,0.637867288260168,"Exp1","mixed","IP",0,0.500171372645437,0.0748237102379351,0.500353202111849,0.110343625093886,0,1.17679852221791,0.110343625093886,0.889656374906113,0.110343625093886,0.110343625093886,"all","linear"
"1580",12,2.4,2.58981992853114,"Exp1","mixed","IP",0,2.35161896998569,0.296343663919829,2.35218251290769,0.329305314015698,0,-0.197678156647117,0.329305314015698,0.670694685984302,0.329305314015698,0.329305314015698,"all","linear"
"1581",12,0.475682846001088,0.5578300299494,"Exp1","mixed","IP",0,0.500171372645437,0.0748237102379351,0.500214747908922,0.110343625093886,0,1.17388941596907,0.110343625093886,0.889656374906113,0.110343625093886,0.110343625093886,"all","linear"
"1582",12,0.4,0.406038489887578,"Exp1","mixed","IP",0,0.424131364383234,0.0660993350768784,0.424339788836883,0.0811641204772122,0,1.30362003498057,0.0811641204772122,0.918835879522788,0.0811641204772122,0.0811641204772122,"all","linear"
"1583",12,2.01815139660892,1.97378765872782,"Exp1","mixed","IP",0,2.07870312993929,0.262601884197682,2.07998429048482,0.258409459612331,0,-0.0832619080158363,0.258409459612331,0.741590540387669,0.258409459612331,0.258409459612331,"all","linear"
"1584",12,0.475682846001088,0.589832679706888,"Exp1","mixed","IP",0,0.500171372645437,0.0748237102379351,0.500171662759339,0.110343625093886,0,1.17677915334802,0.110343625093886,0.889656374906113,0.110343625093886,0.110343625093886,"all","linear"
"1585",12,0.475682846001088,0.557909336037483,"Exp1","mixed","IP",0,0.500171372645437,0.0748237102379351,0.500156504496701,0.110343625093886,0,1.17692344376388,0.110343625093886,0.889656374906113,0.110343625093886,0.110343625093886,"all","linear"
"1586",12,2.01815139660892,1.96579142809969,"Exp1","mixed","IP",0,2.07870312993929,0.262601884197682,2.07793762959496,0.258409459612331,0,-0.082018251010317,0.258409459612331,0.741590540387669,0.258409459612331,0.258409459612331,"all","linear"
"1587",12,0.4,0.469904459489044,"Exp1","mixed","IP",0,0.424131364383234,0.0660993350768784,0.424256512242721,0.0811641204772122,0,1.30356843268452,0.0811641204772122,0.918835879522788,0.0811641204772122,0.0811641204772122,"all","linear"
"1588",12,1.42704853800327,1.52580747592037,"Exp1","mixed","IP",0,1.54996604940116,0.200181963627029,1.55116634661612,0.14908507440193,0,0.191251055717668,0.14908507440193,0.85091492559807,0.14908507440193,0.14908507440193,"all","linear"
"1589",12,2.01815139660892,1.86193777426706,"Exp1","mixed","IP",0,2.07870312993929,0.262601884197682,2.07988872168542,0.258409459612331,0,-0.0811093922091142,0.258409459612331,0.741590540387669,0.258409459612331,0.258409459612331,"all","linear"
"1590",12,1.69705627484772,1.99780900606129,"Exp1","mixed","IP",0,1.80702392471117,0.230247262227993,1.80879036715587,0.198175747568371,0,0.0520825554235314,0.198175747568371,0.801824252431629,0.198175747568371,0.198175747568371,"all","linear"
"1591",12,0.565685424949238,0.741875511213948,"Exp1","mixed","IP",0,0.585271729372844,0.0848898755568656,0.585182939336464,0.148027159746528,0,1.04433913367611,0.148027159746528,0.851972840253472,0.148027159746528,0.148027159746528,"all","linear"
"1592",12,0.672717132202972,0.717904546570935,"Exp1","mixed","IP",0,0.677752120324392,0.0962280639792517,0.677277495197427,0.195303371556242,0,0.929317855936406,0.195303371556242,0.804696628443758,0.195303371556242,0.195303371556242,"all","linear"
"1593",12,1.42704853800327,1.50187880785779,"Exp1","mixed","IP",0,1.54996604940116,0.200181963627029,1.54965073267069,0.14908507440193,0,0.191518359133197,0.14908507440193,0.85091492559807,0.14908507440193,0.14908507440193,"all","linear"
"1594",12,1.2,1.4459027054254,"Exp1","mixed","IP",0,1.31607905373346,0.17296715584621,1.31780911992492,0.110426623838509,0,0.333520100131629,0.110426623838509,0.889573376161491,0.110426623838509,0.110426623838509,"all","linear"
"1595",12,2.01815139660892,2.03783463281252,"Exp1","mixed","IP",0,2.07870312993929,0.262601884197682,2.08021587998538,0.258409459612331,0,-0.0816972388948427,0.258409459612331,0.741590540387669,0.258409459612331,0.258409459612331,"all","linear"
"1596",12,0.8,0.741919673817392,"Exp1","mixed","IP",0,0.774519697937589,0.108660001494488,0.774264510405791,0.252565267936681,0,0.805856467559372,0.252565267936681,0.747434732063319,0.252565267936681,0.252565267936681,"all","linear"
"1597",12,1.42704853800327,1.5738853140665,"Exp1","mixed","IP",0,1.54996604940116,0.200181963627029,1.54966159657617,0.14908507440193,0,0.192397229480854,0.14908507440193,0.85091492559807,0.14908507440193,0.14908507440193,"all","linear"
"1598",12,0.8,0.917859761957516,"Exp1","mixed","IP",0,0.774519697937589,0.108660001494488,0.774708455996579,0.252565267936681,0,0.802046164854157,0.252565267936681,0.747434732063319,0.252565267936681,0.252565267936681,"all","linear"
"1599",12,1.2,1.07787860881581,"Exp1","mixed","IP",0,1.31607905373346,0.17296715584621,1.31687606089488,0.110426623838509,0,0.340627294866686,0.110426623838509,0.889573376161491,0.110426623838509,0.110426623838509,"all","linear"
"1600",12,0.672717132202972,0.661915070955729,"Exp1","mixed","IP",0,0.677752120324392,0.0962280639792517,0.677872111310233,0.195303371556242,0,0.925993113876843,0.195303371556242,0.804696628443758,0.195303371556242,0.195303371556242,"all","linear"
"1601",12,1.69705627484772,1.80588765281937,"Exp1","mixed","IP",0,1.80702392471117,0.230247262227993,1.80634480283993,0.198175747568371,0,0.0569367439267945,0.198175747568371,0.801824252431629,0.198175747568371,0.198175747568371,"all","linear"
"1602",12,0.565685424949238,0.77388033799798,"Exp1","mixed","IP",0,0.585271729372844,0.0848898755568656,0.585222445039979,0.148027159746528,0,1.05033978954988,0.148027159746528,0.851972840253472,0.148027159746528,0.148027159746528,"all","linear"
"1603",12,2.4,2.68580517448754,"Exp1","mixed","IP",0,2.35161896998569,0.296343663919829,2.35044933981948,0.329305314015698,0,-0.204196002979651,0.329305314015698,0.670694685984302,0.329305314015698,0.329305314015698,"all","linear"
"1604",12,0.672717132202972,0.885871729402425,"Exp1","mixed","IP",0,0.677752120324392,0.0962280639792517,0.677585999722443,0.195303371556242,0,0.927393580041012,0.195303371556242,0.804696628443758,0.195303371556242,0.195303371556242,"all","linear"
"1605",12,0.8,0.733825165843882,"Exp1","mixed","IP",0,0.774519697937589,0.108660001494488,0.774520490799122,0.252565267936681,0,0.807176654863345,0.252565267936681,0.747434732063319,0.252565267936681,0.252565267936681,"all","linear"
"1606",12,1.2,1.22983342611587,"Exp1","mixed","IP",0,1.31607905373346,0.17296715584621,1.31590377820829,0.110426623838509,0,0.32962651286402,0.110426623838509,0.889573376161491,0.110426623838509,0.110426623838509,"all","linear"
"1607",12,0.565685424949238,0.645907681493554,"Exp1","mixed","IP",0,0.585271729372844,0.0848898755568656,0.585540365276277,0.148027159746528,0,1.04630817098697,0.148027159746528,0.851972840253472,0.148027159746528,0.148027159746528,"all","linear"
"1608",12,0.4,0.397920034583876,"Exp1","mixed","IP",0,0.424131364383234,0.0660993350768784,0.423962014294764,0.0811641204772122,0,1.29900107800789,0.0811641204772122,0.918835879522788,0.0811641204772122,0.0811641204772122,"all","linear"
"1609",12,1.42704853800327,1.46984319164949,"Exp1","mixed","IP",0,1.54996604940116,0.200181963627029,1.5492580823893,0.14908507440193,0,0.192799918249194,0.14908507440193,0.85091492559807,0.14908507440193,0.14908507440193,"all","linear"
"1610",12,0.4,0.597879915034355,"Exp1","mixed","IP",0,0.424131364383234,0.0660993350768784,0.4239139596607,0.0811641204772122,0,1.30642727233459,0.0811641204772122,0.918835879522788,0.0811641204772122,0.0811641204772122,"all","linear"
"1611",12,1.42704853800327,1.53383169693188,"Exp1","mixed","IP",0,1.54996604940116,0.200181963627029,1.5502141286714,0.14908507440193,0,0.192447799340759,0.14908507440193,0.85091492559807,0.14908507440193,0.14908507440193,"all","linear"
"1612",12,0.8,0.605901959015682,"Exp1","mixed","IP",0,0.774519697937589,0.108660001494488,0.774964838229434,0.252565267936681,0,0.805201464595581,0.252565267936681,0.747434732063319,0.252565267936681,0.252565267936681,"all","linear"
"1613",12,2.4,1.45382771607729,"Exp1","mixed","IP",0,2.35161896998569,0.296343663919829,2.3539701543191,0.329305314015698,0,-0.208251963898182,0.329305314015698,0.670694685984302,0.329305314015698,0.329305314015698,"all","linear"
"1614",12,0.475682846001088,0.42988007675558,"Exp1","mixed","IP",0,0.500171372645437,0.0748237102379351,0.50032227131735,0.110343625093886,0,1.17817362881081,0.110343625093886,0.889656374906113,0.110343625093886,0.110343625093886,"all","linear"
"1615",12,0.672717132202972,0.805849399293947,"Exp1","mixed","IP",0,0.677752120324392,0.0962280639792517,0.677110195929605,0.195303371556242,0,0.921364244023882,0.195303371556242,0.804696628443758,0.195303371556242,0.195303371556242,"all","linear"
"1616",12,0.8,0.869976923482682,"Exp1","mixed","IP",0,0.774519697937589,0.108660001494488,0.774593066051999,0.252565267936681,0,0.805295093052273,0.252565267936681,0.747434732063319,0.252565267936681,0.252565267936681,"all","linear"
"1617",12,0.4,0.437852671060682,"Exp1","mixed","IP",0,0.424131364383234,0.0660993350768784,0.424181413047745,0.0811641204772122,0,1.29535713495402,0.0811641204772122,0.918835879522788,0.0811641204772122,0.0811641204772122,"all","linear"
"1618",12,1.2,1.06195550150915,"Exp1","mixed","IP",0,1.31607905373346,0.17296715584621,1.31721490464936,0.110426623838509,0,0.335556506438861,0.110426623838509,0.889573376161491,0.110426623838509,0.110426623838509,"all","linear"
"1619",12,1.69705627484772,1.89385458684592,"Exp1","mixed","IP",0,1.80702392471117,0.230247262227993,1.80919797620845,0.198175747568371,0,0.0476670750047106,0.198175747568371,0.801824252431629,0.198175747568371,0.198175747568371,"all","linear"
"1620",12,1.2,1.3818706595448,"Exp1","mixed","IP",0,1.31607905373346,0.17296715584621,1.31569096374545,0.110426623838509,0,0.328091369965014,0.110426623838509,0.889573376161491,0.110426623838509,0.110426623838509,"all","linear"
"1621",12,0.475682846001088,0.589899545622757,"Exp1","mixed","IP",0,0.500171372645437,0.0748237102379351,0.500001430991132,0.110343625093886,0,1.17496040749601,0.110343625093886,0.889656374906113,0.110343625093886,0.110343625093886,"all","linear"
"1622",12,2.4,2.5418114443346,"Exp1","mixed","IP",0,2.35161896998569,0.296343663919829,2.35287022849317,0.329305314015698,0,-0.207037759372281,0.329305314015698,0.670694685984302,0.329305314015698,0.329305314015698,"all","linear"
"1623",12,0.475682846001088,0.573892467165933,"Exp1","mixed","IP",0,0.500171372645437,0.0748237102379351,0.500420952035184,0.110343625093886,0,1.17303859714552,0.110343625093886,0.889656374906113,0.110343625093886,0.110343625093886,"all","linear"
"1624",12,2.01815139660892,2.1577469918102,"Exp1","mixed","IP",0,2.07870312993929,0.262601884197682,2.07854136869392,0.258409459612331,0,-0.0812245664406488,0.258409459612331,0.741590540387669,0.258409459612331,0.258409459612331,"all","linear"
"1625",12,0.4,0.381955252705666,"Exp1","mixed","IP",0,0.424131364383234,0.0660993350768784,0.424285837197391,0.0811641204772122,0,1.30154426582534,0.0811641204772122,0.918835879522788,0.0811641204772122,0.0811641204772122,"all","linear"
"1626",12,1.2,1.30186978873462,"Exp1","mixed","IP",0,1.31607905373346,0.17296715584621,1.31494058757767,0.110426623838509,0,0.338519006422977,0.110426623838509,0.889573376161491,0.110426623838509,0.110426623838509,"all","linear"
"1627",12,0.8,0.86186344424641,"Exp1","mixed","IP",0,0.774519697937589,0.108660001494488,0.773799312731533,0.252565267936681,0,0.801825121586725,0.252565267936681,0.747434732063319,0.252565267936681,0.252565267936681,"all","linear"
"1628",12,0.4,0.493901548490612,"Exp1","mixed","IP",0,0.424131364383234,0.0660993350768784,0.424329509742586,0.0811641204772122,0,1.30174372811165,0.0811641204772122,0.918835879522788,0.0811641204772122,0.0811641204772122,"all","linear"
"1629",12,0.672717132202972,0.84587378202923,"Exp1","mixed","IP",0,0.677752120324392,0.0962280639792517,0.67829970459171,0.195303371556242,0,0.922871452304524,0.195303371556242,0.804696628443758,0.195303371556242,0.195303371556242,"all","linear"
"1630",12,2.01815139660892,1.71790952264018,"Exp1","mixed","IP",0,2.07870312993929,0.262601884197682,2.0767903674252,0.258409459612331,0,-0.0845752902424911,0.258409459612331,0.741590540387669,0.258409459612331,0.258409459612331,"all","linear"
"1631",12,1.69705627484772,1.7657597056641,"Exp1","mixed","IP",0,1.80702392471117,0.230247262227993,1.80746650158248,0.198175747568371,0,0.0535315226918767,0.198175747568371,0.801824252431629,0.198175747568371,0.198175747568371,"all","linear"
"1632",12,1.42704853800327,1.44585387775624,"Exp1","mixed","IP",0,1.54996604940116,0.200181963627029,1.54905977641909,0.14908507440193,0,0.189440464598273,0.14908507440193,0.85091492559807,0.14908507440193,0.14908507440193,"all","linear"
"1633",12,0.8,0.829935435514926,"Exp1","mixed","IP",0,0.774519697937589,0.108660001494488,0.774780923415682,0.252565267936681,0,0.799422538497172,0.252565267936681,0.747434732063319,0.252565267936681,0.252565267936681,"all","linear"
"1634",12,0.565685424949238,0.72588429397365,"Exp1","mixed","IP",0,0.585271729372844,0.0848898755568656,0.585446027788693,0.148027159746528,0,1.05026559457638,0.148027159746528,0.851972840253472,0.148027159746528,0.148027159746528,"all","linear"
"1635",12,1.42704853800327,1.42996715795016,"Exp1","mixed","IP",0,1.54996604940116,0.200181963627029,1.55028695616725,0.14908507440193,0,0.189116606615239,0.14908507440193,0.85091492559807,0.14908507440193,0.14908507440193,"all","linear"
"1636",12,2.4,2.50178737260467,"Exp1","mixed","IP",0,2.35161896998569,0.296343663919829,2.35319090446439,0.329305314015698,0,-0.199033418096016,0.329305314015698,0.670694685984302,0.329305314015698,0.329305314015698,"all","linear"
"1637",12,1.69705627484772,1.85385663947454,"Exp1","mixed","IP",0,1.80702392471117,0.230247262227993,1.80750375757831,0.198175747568371,0,0.0559636719210063,0.198175747568371,0.801824252431629,0.198175747568371,0.198175747568371,"all","linear"
"1638",12,1.69705627484772,1.7579149341127,"Exp1","mixed","IP",0,1.80702392471117,0.230247262227993,1.80723127695308,0.198175747568371,0,0.0536008679250771,0.198175747568371,0.801824252431629,0.198175747568371,0.198175747568371,"all","linear"
"1639",12,0.4,0.437884704499083,"Exp1","mixed","IP",0,0.424131364383234,0.0660993350768784,0.424824242370301,0.0811641204772122,0,1.30143192345848,0.0811641204772122,0.918835879522788,0.0811641204772122,0.0811641204772122,"all","linear"
"1640",12,0.475682846001088,0.533906337956068,"Exp1","mixed","IP",0,0.500171372645437,0.0748237102379351,0.500323997424607,0.110343625093886,0,1.17795181917264,0.110343625093886,0.889656374906113,0.110343625093886,0.110343625093886,"all","linear"
"1641",12,2.4,2.57377957261815,"Exp1","mixed","IP",0,2.35161896998569,0.296343663919829,2.35169674778879,0.329305314015698,0,-0.20514185134038,0.329305314015698,0.670694685984302,0.329305314015698,0.329305314015698,"all","linear"
"1642",12,2.01815139660892,1.90185175048646,"Exp1","mixed","IP",0,2.07870312993929,0.262601884197682,2.07840843168479,0.258409459612331,0,-0.0799914170064378,0.258409459612331,0.741590540387669,0.258409459612331,0.258409459612331,"all","linear"
"1643",12,0.672717132202972,0.79787929302438,"Exp1","mixed","IP",0,0.677752120324392,0.0962280639792517,0.677740358452007,0.195303371556242,0,0.924139298216083,0.195303371556242,0.804696628443758,0.195303371556242,0.195303371556242,"all","linear"
"1644",12,0.565685424949238,0.765888461432041,"Exp1","mixed","IP",0,0.585271729372844,0.0848898755568656,0.585439345651236,0.148027159746528,0,1.04925425124568,0.148027159746528,0.851972840253472,0.148027159746528,0.148027159746528,"all","linear"
"1645",13,0.672717132202972,0.773874562304627,"Exp1","mixed","IP",0,0.69860397608378,0.0973178450191298,0.698679355334321,0.2221745360338,0,0.916101071422509,0.2221745360338,0.7778254639662,0.2221745360338,0.2221745360338,"all","linear"
"1646",13,0.565685424949238,0.629923941720335,"Exp1","mixed","IP",0,0.603349224044704,0.0886695386632049,0.603289736436586,0.169024314603308,0,1.00395504141372,0.169024314603308,0.830975685396692,0.169024314603308,0.169024314603308,"all","linear"
"1647",13,2.01815139660892,2.1178821581816,"Exp1","mixed","IP",0,1.95857950656994,0.261927506245983,1.95792442882266,0.133425171409413,0,-0.0740841651093446,0.133425171409413,0.866574828590587,0.133425171409413,0.133425171409413,"all","linear"
"1648",13,0.4,0.469977943843332,"Exp1","mixed","IP",0,0.436095836183726,0.0747670016427633,0.436559201127178,0.0931496038367971,0,1.1831560373856,0.0931496038367971,0.906850396163203,0.0931496038367971,0.0931496038367971,"all","linear"
"1649",13,0.475682846001088,0.54187908051972,"Exp1","mixed","IP",0,0.515140542360016,0.0811280935568202,0.515011005544976,0.126360594167825,0,1.09235355073925,0.126360594167825,0.873639405832174,0.126360594167825,0.126360594167825,"all","linear"
"1650",13,1.42704853800327,1.59778421790725,"Exp1","mixed","IP",0,1.43774130575093,0.195294949541367,1.43588370546533,0.0723941470577395,0,0.213006690014476,0.0723941470577395,0.927605852942261,0.0723941470577395,0.0723941470577395,"all","linear"
"1651",13,0.672717132202972,0.637909501343529,"Exp1","mixed","IP",0,0.69860397608378,0.0973178450191298,0.698417508483554,0.2221745360338,0,0.909109353459402,0.2221745360338,0.7778254639662,0.2221745360338,0.2221745360338,"all","linear"
"1652",13,0.565685424949238,0.605942382804642,"Exp1","mixed","IP",0,0.603349224044704,0.0886695386632049,0.603385515363312,0.169024314603308,0,1.00317185682407,0.169024314603308,0.830975685396692,0.169024314603308,0.169024314603308,"all","linear"
"1653",13,0.4,0.55794909792894,"Exp1","mixed","IP",0,0.436095836183726,0.0747670016427633,0.435939409296388,0.0931496038367971,0,1.17559496087542,0.0931496038367971,0.906850396163203,0.0931496038367971,0.0931496038367971,"all","linear"
"1654",13,0.565685424949238,0.461880424043557,"Exp1","mixed","IP",0,0.603349224044704,0.0886695386632049,0.603804028864246,0.169024314603308,0,1.00819734180064,0.169024314603308,0.830975685396692,0.169024314603308,0.169024314603308,"all","linear"
"1655",13,1.2,1.20596122943425,"Exp1","mixed","IP",0,1.21973504596554,0.168445019921466,1.21973937712361,0.0525207439719875,0,0.362202404159864,0.0525207439719875,0.947479256028013,0.0525207439719875,0.0525207439719875,"all","linear"
"1656",13,2.4,2.64577688078316,"Exp1","mixed","IP",0,2.25268831822107,0.301628373324777,2.25205464856876,0.177368135215607,0,-0.213666595008781,0.177368135215607,0.822631864784393,0.177368135215607,0.177368135215607,"all","linear"
"1657",13,0.672717132202972,0.661984049405874,"Exp1","mixed","IP",0,0.69860397608378,0.0973178450191298,0.698854202695266,0.2221745360338,0,0.915742549396882,0.2221745360338,0.7778254639662,0.2221745360338,0.2221745360338,"all","linear"
"1658",13,2.4,2.60581425060082,"Exp1","mixed","IP",0,2.25268831822107,0.301628373324777,2.25257143764301,0.177368135215607,0,-0.215971715825041,0.177368135215607,0.822631864784393,0.177368135215607,0.177368135215607,"all","linear"
"1659",13,0.475682846001088,0.613908971399724,"Exp1","mixed","IP",0,0.515140542360016,0.0811280935568202,0.515012310678865,0.126360594167825,0,1.09233076605528,0.126360594167825,0.873639405832174,0.126360594167825,0.126360594167825,"all","linear"
"1660",13,0.8,0.917884272983429,"Exp1","mixed","IP",0,0.797170015595682,0.106878032272992,0.797184976465586,0.285965325750061,0,0.819545487944226,0.285965325750061,0.714034674249939,0.285965325750061,0.285965325750061,"all","linear"
"1661",13,0.8,0.957930251297512,"Exp1","mixed","IP",0,0.797170015595682,0.106878032272992,0.797592963505977,0.285965325750061,0,0.817398895993136,0.285965325750061,0.714034674249939,0.285965325750061,0.285965325750061,"all","linear"
"1662",13,0.4,0.429936941540291,"Exp1","mixed","IP",0,0.436095836183726,0.0747670016427633,0.436420579340068,0.0931496038367971,0,1.17016927771998,0.0931496038367971,0.906850396163203,0.0931496038367971,0.0931496038367971,"all","linear"
"1663",13,1.69705627484772,2.03783249762273,"Exp1","mixed","IP",0,1.68483158595225,0.226426559014323,1.6846923593408,0.0988702014902194,0,0.0620685351318416,0.0988702014902194,0.901129798509781,0.0988702014902194,0.0988702014902194,"all","linear"
"1664",13,0.8,0.805928760983079,"Exp1","mixed","IP",0,0.797170015595682,0.106878032272992,0.79741339831079,0.285965325750061,0,0.816785594693454,0.285965325750061,0.714034674249939,0.285965325750061,0.285965325750061,"all","linear"
"1665",13,2.4,2.50979191579245,"Exp1","mixed","IP",0,2.25268831822107,0.301628373324777,2.25158050864543,0.177368135215607,0,-0.218288529565373,0.177368135215607,0.822631864784393,0.177368135215607,0.177368135215607,"all","linear"
"1666",13,1.69705627484772,1.78182871088211,"Exp1","mixed","IP",0,1.68483158595225,0.226426559014323,1.68384588502338,0.0988702014902194,0,0.0737846094650467,0.0988702014902194,0.901129798509781,0.0988702014902194,0.0988702014902194,"all","linear"
"1667",13,1.2,1.22195100871431,"Exp1","mixed","IP",0,1.21973504596554,0.168445019921466,1.22059273636284,0.0525207439719875,0,0.363948231159376,0.0525207439719875,0.947479256028013,0.0525207439719875,0.0525207439719875,"all","linear"
"1668",13,1.2,1.47786398331118,"Exp1","mixed","IP",0,1.21973504596554,0.168445019921466,1.22094524896739,0.0525207439719875,0,0.36394074183699,0.0525207439719875,0.947479256028013,0.0525207439719875,0.0525207439719875,"all","linear"
"1669",13,0.4,0.54188063552283,"Exp1","mixed","IP",0,0.436095836183726,0.0747670016427633,0.435071400132095,0.0931496038367971,0,1.17608965888805,0.0931496038367971,0.906850396163203,0.0931496038367971,0.0931496038367971,"all","linear"
"1670",13,2.4,2.50176343809835,"Exp1","mixed","IP",0,2.25268831822107,0.301628373324777,2.25425127788157,0.177368135215607,0,-0.220740224009396,0.177368135215607,0.822631864784393,0.177368135215607,0.177368135215607,"all","linear"
"1671",13,1.42704853800327,1.46981093657996,"Exp1","mixed","IP",0,1.43774130575093,0.195294949541367,1.4362044412323,0.0723941470577395,0,0.212177010239273,0.0723941470577395,0.927605852942261,0.0723941470577395,0.0723941470577395,"all","linear"
"1672",13,0.475682846001088,0.557947542925831,"Exp1","mixed","IP",0,0.515140542360016,0.0811280935568202,0.515316092938767,0.126360594167825,0,1.09679207859043,0.126360594167825,0.873639405832174,0.126360594167825,0.126360594167825,"all","linear"
"1673",13,0.672717132202972,0.653940643689566,"Exp1","mixed","IP",0,0.69860397608378,0.0973178450191298,0.699018315702187,0.2221745360338,0,0.911097739373707,0.2221745360338,0.7778254639662,0.2221745360338,0.2221745360338,"all","linear"
"1674",13,1.2,1.2458209184515,"Exp1","mixed","IP",0,1.21973504596554,0.168445019921466,1.21939031748289,0.0525207439719875,0,0.36424648963721,0.0525207439719875,0.947479256028013,0.0525207439719875,0.0525207439719875,"all","linear"
"1675",13,1.42704853800327,1.50189872331066,"Exp1","mixed","IP",0,1.43774130575093,0.195294949541367,1.43760748836084,0.0723941470577395,0,0.21686553389946,0.0723941470577395,0.927605852942261,0.0723941470577395,0.0723941470577395,"all","linear"
"1676",13,2.01815139660892,2.19780648554115,"Exp1","mixed","IP",0,1.95857950656994,0.261927506245983,1.95682015796916,0.133425171409413,0,-0.0747609832683019,0.133425171409413,0.866574828590587,0.133425171409413,0.133425171409413,"all","linear"
"1677",13,2.01815139660892,2.14184443506565,"Exp1","mixed","IP",0,1.95857950656994,0.261927506245983,1.9597941036185,0.133425171409413,0,-0.0772338913226452,0.133425171409413,0.866574828590587,0.133425171409413,0.133425171409413,"all","linear"
"1678",13,0.8,0.917906043019684,"Exp1","mixed","IP",0,0.797170015595682,0.106878032272992,0.796666261378743,0.285965325750061,0,0.82003193628083,0.285965325750061,0.714034674249939,0.285965325750061,0.285965325750061,"all","linear"
"1679",13,1.2,1.46983892662502,"Exp1","mixed","IP",0,1.21973504596554,0.168445019921466,1.21919589968124,0.0525207439719875,0,0.363189487239695,0.0525207439719875,0.947479256028013,0.0525207439719875,0.0525207439719875,"all","linear"
"1680",13,1.42704853800327,1.54982047807607,"Exp1","mixed","IP",0,1.43774130575093,0.195294949541367,1.43701042752777,0.0723941470577395,0,0.22279848464681,0.0723941470577395,0.927605852942261,0.0723941470577395,0.0723941470577395,"all","linear"
"1681",13,2.4,2.40581947540886,"Exp1","mixed","IP",0,2.25268831822107,0.301628373324777,2.25225059431928,0.177368135215607,0,-0.216494140949021,0.177368135215607,0.822631864784393,0.177368135215607,0.177368135215607,"all","linear"
"1682",13,2.01815139660892,2.02184893835329,"Exp1","mixed","IP",0,1.95857950656994,0.261927506245983,1.95938526678652,0.133425171409413,0,-0.0769700495886162,0.133425171409413,0.866574828590587,0.133425171409413,0.133425171409413,"all","linear"
"1683",13,1.69705627484772,1.58993705350076,"Exp1","mixed","IP",0,1.68483158595225,0.226426559014323,1.68632864355503,0.0988702014902194,0,0.0668837752229497,0.0988702014902194,0.901129798509781,0.0988702014902194,0.0988702014902194,"all","linear"
"1684",13,0.565685424949238,0.629975256801117,"Exp1","mixed","IP",0,0.603349224044704,0.0886695386632049,0.603317458828321,0.169024314603308,0,0.999407595559221,0.169024314603308,0.830975685396692,0.169024314603308,0.169024314603308,"all","linear"
"1685",13,0.4,0.469946532795802,"Exp1","mixed","IP",0,0.436095836183726,0.0747670016427633,0.435840682982253,0.0931496038367971,0,1.17822335557166,0.0931496038367971,0.906850396163203,0.0931496038367971,0.0931496038367971,"all","linear"
"1686",13,0.475682846001088,0.501933866367835,"Exp1","mixed","IP",0,0.515140542360016,0.0811280935568202,0.514956137725704,0.126360594167825,0,1.090871806041,0.126360594167825,0.873639405832174,0.126360594167825,0.126360594167825,"all","linear"
"1687",13,0.4,0.421982481962914,"Exp1","mixed","IP",0,0.436095836183726,0.0747670016427633,0.435608186406103,0.0931496038367971,0,1.17885177182909,0.0931496038367971,0.906850396163203,0.0931496038367971,0.0931496038367971,"all","linear"
"1688",13,1.42704853800327,1.4939473737395,"Exp1","mixed","IP",0,1.43774130575093,0.195294949541367,1.43817700888449,0.0723941470577395,0,0.209385967582645,0.0723941470577395,0.927605852942261,0.0723941470577395,0.0723941470577395,"all","linear"
"1689",13,0.565685424949238,0.661907543284542,"Exp1","mixed","IP",0,0.603349224044704,0.0886695386632049,0.603071357929679,0.169024314603308,0,1.00573559281186,0.169024314603308,0.830975685396692,0.169024314603308,0.169024314603308,"all","linear"
"1690",13,2.01815139660892,1.61391674641163,"Exp1","mixed","IP",0,1.95857950656994,0.261927506245983,1.95777250518489,0.133425171409413,0,-0.0792149511839374,0.133425171409413,0.866574828590587,0.133425171409413,0.133425171409413,"all","linear"
"1691",13,0.672717132202972,0.589926168482634,"Exp1","mixed","IP",0,0.69860397608378,0.0973178450191298,0.698669493437997,0.2221745360338,0,0.913937455568113,0.2221745360338,0.7778254639662,0.2221745360338,0.2221745360338,"all","linear"
"1692",13,0.475682846001088,0.501957502405276,"Exp1","mixed","IP",0,0.515140542360016,0.0811280935568202,0.514843562113575,0.126360594167825,0,1.09069597430363,0.126360594167825,0.873639405832174,0.126360594167825,0.126360594167825,"all","linear"
"1693",13,0.4,0.517912449629875,"Exp1","mixed","IP",0,0.436095836183726,0.0747670016427633,0.435570319773905,0.0931496038367971,0,1.17903549219596,0.0931496038367971,0.906850396163203,0.0931496038367971,0.0931496038367971,"all","linear"
"1694",13,1.2,1.19789885268801,"Exp1","mixed","IP",0,1.21973504596554,0.168445019921466,1.21989832419275,0.0525207439719875,0,0.362084665778102,0.0525207439719875,0.947479256028013,0.0525207439719875,0.0525207439719875,"all","linear"
"1695",13,1.2,1.34984685091877,"Exp1","mixed","IP",0,1.21973504596554,0.168445019921466,1.21986579470241,0.0525207439719875,0,0.360003154641365,0.0525207439719875,0.947479256028013,0.0525207439719875,0.0525207439719875,"all","linear"
"1696",13,0.475682846001088,0.509916626988343,"Exp1","mixed","IP",0,0.515140542360016,0.0811280935568202,0.514406473618749,0.126360594167825,0,1.09641367264257,0.126360594167825,0.873639405832174,0.126360594167825,0.126360594167825,"all","linear"
"1697",13,2.01815139660892,1.94992758664557,"Exp1","mixed","IP",0,1.95857950656994,0.261927506245983,1.9584046287221,0.133425171409413,0,-0.0748598206806751,0.133425171409413,0.866574828590587,0.133425171409413,0.133425171409413,"all","linear"
"1698",13,1.42704853800327,1.69382707875047,"Exp1","mixed","IP",0,1.43774130575093,0.195294949541367,1.43821907725239,0.0723941470577395,0,0.216638497420437,0.0723941470577395,0.927605852942261,0.0723941470577395,0.0723941470577395,"all","linear"
"1699",13,2.4,2.30182899700048,"Exp1","mixed","IP",0,2.25268831822107,0.301628373324777,2.25446806911951,0.177368135215607,0,-0.212991362804447,0.177368135215607,0.822631864784393,0.177368135215607,0.177368135215607,"all","linear"
"1700",13,1.42704853800327,1.31788097637946,"Exp1","mixed","IP",0,1.43774130575093,0.195294949541367,1.43764652395713,0.0723941470577395,0,0.219689263015151,0.0723941470577395,0.927605852942261,0.0723941470577395,0.0723941470577395,"all","linear"
"1701",13,1.69705627484772,1.74984604231577,"Exp1","mixed","IP",0,1.68483158595225,0.226426559014323,1.68445833126419,0.0988702014902194,0,0.0655977888794637,0.0988702014902194,0.901129798509781,0.0988702014902194,0.0988702014902194,"all","linear"
"1702",13,0.565685424949238,0.557934480904805,"Exp1","mixed","IP",0,0.603349224044704,0.0886695386632049,0.60290344789252,0.169024314603308,0,1.00223214367385,0.169024314603308,0.830975685396692,0.169024314603308,0.169024314603308,"all","linear"
"1703",13,0.8,0.693913225886718,"Exp1","mixed","IP",0,0.797170015595682,0.106878032272992,0.796817545452717,0.285965325750061,0,0.822345097767814,0.285965325750061,0.714034674249939,0.285965325750061,0.285965325750061,"all","linear"
"1704",13,0.8,0.90188298668545,"Exp1","mixed","IP",0,0.797170015595682,0.106878032272992,0.797204264640164,0.285965325750061,0,0.821752192000499,0.285965325750061,0.714034674249939,0.285965325750061,0.285965325750061,"all","linear"
"1705",13,1.69705627484772,2.01384534069803,"Exp1","mixed","IP",0,1.68483158595225,0.226426559014323,1.68475049066334,0.0988702014902194,0,0.0731437117582888,0.0988702014902194,0.901129798509781,0.0988702014902194,0.0988702014902194,"all","linear"
"1706",13,0.672717132202972,0.597884671065913,"Exp1","mixed","IP",0,0.69860397608378,0.0973178450191298,0.699308860194192,0.2221745360338,0,0.91067417900867,0.2221745360338,0.7778254639662,0.2221745360338,0.2221745360338,"all","linear"
"1707",13,0.475682846001088,0.661947351349227,"Exp1","mixed","IP",0,0.515140542360016,0.0811280935568202,0.514380560521927,0.126360594167825,0,1.09469418635208,0.126360594167825,0.873639405832174,0.126360594167825,0.126360594167825,"all","linear"
"1708",13,0.672717132202972,0.589921192475231,"Exp1","mixed","IP",0,0.69860397608378,0.0973178450191298,0.699083336425251,0.2221745360338,0,0.914226347095179,0.2221745360338,0.7778254639662,0.2221745360338,0.2221745360338,"all","linear"
"1709",13,0.4,0.525960831353586,"Exp1","mixed","IP",0,0.436095836183726,0.0747670016427633,0.435847896909279,0.0931496038367971,0,1.17685620225816,0.0931496038367971,0.906850396163203,0.0931496038367971,0.0931496038367971,"all","linear"
"1710",13,0.672717132202972,0.773922767381009,"Exp1","mixed","IP",0,0.69860397608378,0.0973178450191298,0.699335847724018,0.2221745360338,0,0.907583165929485,0.2221745360338,0.7778254639662,0.2221745360338,0.2221745360338,"all","linear"
"1711",13,2.01815139660892,2.10980049940554,"Exp1","mixed","IP",0,1.95857950656994,0.261927506245983,1.95779899908469,0.133425171409413,0,-0.0743248841680835,0.133425171409413,0.866574828590587,0.133425171409413,0.133425171409413,"all","linear"
"1712",13,0.565685424949238,0.557950652930231,"Exp1","mixed","IP",0,0.603349224044704,0.0886695386632049,0.602938479291779,0.169024314603308,0,1.0121082582613,0.169024314603308,0.830975685396692,0.169024314603308,0.169024314603308,"all","linear"
"1713",13,2.4,2.63781775620009,"Exp1","mixed","IP",0,2.25268831822107,0.301628373324777,2.25088206606027,0.177368135215607,0,-0.217970799300879,0.177368135215607,0.822631864784393,0.177368135215607,0.177368135215607,"all","linear"
"1714",13,0.8,0.925895334650704,"Exp1","mixed","IP",0,0.797170015595682,0.106878032272992,0.79659553079128,0.285965325750061,0,0.813619442141003,0.285965325750061,0.714034674249939,0.285965325750061,0.285965325750061,"all","linear"
"1715",13,0.475682846001088,0.565955494585069,"Exp1","mixed","IP",0,0.515140542360016,0.0811280935568202,0.515017912351404,0.126360594167825,0,1.093090863902,0.126360594167825,0.873639405832174,0.126360594167825,0.126360594167825,"all","linear"
"1716",13,0.565685424949238,0.653992580771956,"Exp1","mixed","IP",0,0.603349224044704,0.0886695386632049,0.604138247392183,0.169024314603308,0,1.00885758990213,0.169024314603308,0.830975685396692,0.169024314603308,0.169024314603308,"all","linear"
"1717",13,2.4,2.58982384932096,"Exp1","mixed","IP",0,2.25268831822107,0.301628373324777,2.25059320726399,0.177368135215607,0,-0.218594969164181,0.177368135215607,0.822631864784393,0.177368135215607,0.177368135215607,"all","linear"
"1718",13,2.01815139660892,2.11781715908,"Exp1","mixed","IP",0,1.95857950656994,0.261927506245983,1.95725519612119,0.133425171409413,0,-0.0800447616061836,0.133425171409413,0.866574828590587,0.133425171409413,0.133425171409413,"all","linear"
"1719",13,0.4,0.469868471671361,"Exp1","mixed","IP",0,0.436095836183726,0.0747670016427633,0.435796904391226,0.0931496038367971,0,1.17041196561899,0.0931496038367971,0.906850396163203,0.0931496038367971,0.0931496038367971,"all","linear"
"1720",13,1.42704853800327,1.68587883918553,"Exp1","mixed","IP",0,1.43774130575093,0.195294949541367,1.43775588251962,0.0723941470577395,0,0.218874354799519,0.0723941470577395,0.927605852942261,0.0723941470577395,0.0723941470577395,"all","linear"
"1721",13,2.4,2.4138087670417,"Exp1","mixed","IP",0,2.25268831822107,0.301628373324777,2.25050466121413,0.177368135215607,0,-0.21736251789263,0.177368135215607,0.822631864784393,0.177368135215607,0.177368135215607,"all","linear"
"1722",13,0.8,0.765948092774124,"Exp1","mixed","IP",0,0.797170015595682,0.106878032272992,0.797264012840029,0.285965325750061,0,0.814848191508113,0.285965325750061,0.714034674249939,0.285965325750061,0.285965325750061,"all","linear"
"1723",13,0.565685424949238,0.645931448027113,"Exp1","mixed","IP",0,0.603349224044704,0.0886695386632049,0.602693071056562,0.169024314603308,0,1.00564065296497,0.169024314603308,0.830975685396692,0.169024314603308,0.169024314603308,"all","linear"
"1724",13,0.565685424949238,0.485956838107086,"Exp1","mixed","IP",0,0.603349224044704,0.0886695386632049,0.603481880174837,0.169024314603308,0,1.0041789896971,0.169024314603308,0.830975685396692,0.169024314603308,0.169024314603308,"all","linear"
"1725",13,1.2,1.31788097637946,"Exp1","mixed","IP",0,1.21973504596554,0.168445019921466,1.21975290754206,0.0525207439719875,0,0.36144582710392,0.0525207439719875,0.947479256028013,0.0525207439719875,0.0525207439719875,"all","linear"
"1726",13,2.01815139660892,2.25383882212918,"Exp1","mixed","IP",0,1.95857950656994,0.261927506245983,1.95817082812109,0.133425171409413,0,-0.0773914121142013,0.133425171409413,0.866574828590587,0.133425171409413,0.133425171409413,"all","linear"
"1727",13,1.69705627484772,1.58983815534339,"Exp1","mixed","IP",0,1.68483158595225,0.226426559014323,1.68477772041068,0.0988702014902194,0,0.0696955456628418,0.0988702014902194,0.901129798509781,0.0988702014902194,0.0988702014902194,"all","linear"
"1728",13,1.2,1.30991936379178,"Exp1","mixed","IP",0,1.21973504596554,0.168445019921466,1.22007685993127,0.0525207439719875,0,0.35620586727342,0.0525207439719875,0.947479256028013,0.0525207439719875,0.0525207439719875,"all","linear"
"1729",13,0.475682846001088,0.62198534316849,"Exp1","mixed","IP",0,0.515140542360016,0.0811280935568202,0.515076606498353,0.126360594167825,0,1.09623853081087,0.126360594167825,0.873639405832174,0.126360594167825,0.126360594167825,"all","linear"
"1730",13,1.42704853800327,1.66987475388305,"Exp1","mixed","IP",0,1.43774130575093,0.195294949541367,1.43822716984169,0.0723941470577395,0,0.210766480613009,0.0723941470577395,0.927605852942261,0.0723941470577395,0.0723941470577395,"all","linear"
"1731",13,1.69705627484772,1.59784206399854,"Exp1","mixed","IP",0,1.68483158595225,0.226426559014323,1.6844197492963,0.0988702014902194,0,0.0646847686851974,0.0988702014902194,0.901129798509781,0.0988702014902194,0.0988702014902194,"all","linear"
"1732",13,2.4,2.54178422537007,"Exp1","mixed","IP",0,2.25268831822107,0.301628373324777,2.25325015671764,0.177368135215607,0,-0.223720101083317,0.177368135215607,0.822631864784393,0.177368135215607,0.177368135215607,"all","linear"
"1733",13,0.475682846001088,0.637959883424628,"Exp1","mixed","IP",0,0.515140542360016,0.0811280935568202,0.515646921972303,0.126360594167825,0,1.09045469204128,0.126360594167825,0.873639405832174,0.126360594167825,0.126360594167825,"all","linear"
"1734",13,2.4,2.46174140682342,"Exp1","mixed","IP",0,2.25268831822107,0.301628373324777,2.25112938808318,0.177368135215607,0,-0.220249325690759,0.177368135215607,0.822631864784393,0.177368135215607,0.177368135215607,"all","linear"
"1735",13,0.672717132202972,0.805976655057748,"Exp1","mixed","IP",0,0.69860397608378,0.0973178450191298,0.698480864208311,0.2221745360338,0,0.908970308619689,0.2221745360338,0.7778254639662,0.2221745360338,0.2221745360338,"all","linear"
"1736",13,2.01815139660892,2.29390221646827,"Exp1","mixed","IP",0,1.95857950656994,0.261927506245983,1.9584222323758,0.133425171409413,0,-0.0789922176486243,0.133425171409413,0.866574828590587,0.133425171409413,0.133425171409413,"all","linear"
"1737",13,0.4,0.533942036972803,"Exp1","mixed","IP",0,0.436095836183726,0.0747670016427633,0.436177315829652,0.0931496038367971,0,1.178967517857,0.0931496038367971,0.906850396163203,0.0931496038367971,0.0931496038367971,"all","linear"
"1738",13,0.8,0.677893279558702,"Exp1","mixed","IP",0,0.797170015595682,0.106878032272992,0.796768389950412,0.285965325750061,0,0.822496364730592,0.285965325750061,0.714034674249939,0.285965325750061,0.285965325750061,"all","linear"
"1739",13,1.42704853800327,1.47785496429788,"Exp1","mixed","IP",0,1.43774130575093,0.195294949541367,1.43758050161109,0.0723941470577395,0,0.2141139424068,0.0723941470577395,0.927605852942261,0.0723941470577395,0.0723941470577395,"all","linear"
"1740",13,0.8,0.861915380497521,"Exp1","mixed","IP",0,0.797170015595682,0.106878032272992,0.797536063044657,0.285965325750061,0,0.813848257923071,0.285965325750061,0.714034674249939,0.285965325750061,0.285965325750061,"all","linear"
"1741",13,0.672717132202972,0.805923162974068,"Exp1","mixed","IP",0,0.69860397608378,0.0973178450191298,0.698963052578712,0.2221745360338,0,0.911887375182493,0.2221745360338,0.7778254639662,0.2221745360338,0.2221745360338,"all","linear"
"1742",13,1.69705627484772,2.10178912673837,"Exp1","mixed","IP",0,1.68483158595225,0.226426559014323,1.68494170061263,0.0988702014902194,0,0.07274527893984,0.0988702014902194,0.901129798509781,0.0988702014902194,0.0988702014902194,"all","linear"
"1743",13,0.4,0.549916888228836,"Exp1","mixed","IP",0,0.436095836183726,0.0747670016427633,0.435787904439566,0.0931496038367971,0,1.17912340740773,0.0931496038367971,0.906850396163203,0.0931496038367971,0.0931496038367971,"all","linear"
"1744",13,1.2,1.28591790084647,"Exp1","mixed","IP",0,1.21973504596554,0.168445019921466,1.21951739127756,0.0525207439719875,0,0.362892017069019,0.0525207439719875,0.947479256028013,0.0525207439719875,0.0525207439719875,"all","linear"
"1745",13,2.4,2.52546478557088,"Exp1","mixed","IP",0,2.25268831822107,0.301628373324777,2.2521080072917,0.177368135215607,0,-0.216319067544523,0.177368135215607,0.822631864784393,0.177368135215607,0.177368135215607,"all","linear"
"1746",13,0.8,0.821920095264431,"Exp1","mixed","IP",0,0.797170015595682,0.106878032272992,0.796955798975944,0.285965325750061,0,0.813266916505443,0.285965325750061,0.714034674249939,0.285965325750061,0.285965325750061,"all","linear"
"1747",13,1.69705627484772,1.97390541355526,"Exp1","mixed","IP",0,1.68483158595225,0.226426559014323,1.68433662193771,0.0988702014902194,0,0.073361299838421,0.0988702014902194,0.901129798509781,0.0988702014902194,0.0988702014902194,"all","linear"
"1748",13,1.2,1.21387245994265,"Exp1","mixed","IP",0,1.21973504596554,0.168445019921466,1.21812422184049,0.0525207439719875,0,0.362410289044839,0.0525207439719875,0.947479256028013,0.0525207439719875,0.0525207439719875,"all","linear"
"1749",13,2.01815139660892,2.01381517365189,"Exp1","mixed","IP",0,1.95857950656994,0.261927506245983,1.95811219777299,0.133425171409413,0,-0.0803588918998534,0.133425171409413,0.866574828590587,0.133425171409413,0.133425171409413,"all","linear"
"1750",13,1.42704853800327,1.18189103537952,"Exp1","mixed","IP",0,1.43774130575093,0.195294949541367,1.43684383209964,0.0723941470577395,0,0.219925466905124,0.0723941470577395,0.927605852942261,0.0723941470577395,0.0723941470577395,"all","linear"
"1751",13,0.475682846001088,0.541949677632147,"Exp1","mixed","IP",0,0.515140542360016,0.0811280935568202,0.515189708120038,0.126360594167825,0,1.09086550399454,0.126360594167825,0.873639405832174,0.126360594167825,0.126360594167825,"all","linear"
"1752",13,1.2,1.38986857119198,"Exp1","mixed","IP",0,1.21973504596554,0.168445019921466,1.22050334883175,0.0525207439719875,0,0.36431204655584,0.0525207439719875,0.947479256028013,0.0525207439719875,0.0525207439719875,"all","linear"
"1753",13,0.565685424949238,0.685934819273825,"Exp1","mixed","IP",0,0.603349224044704,0.0886695386632049,0.603191134335813,0.169024314603308,0,1.0109128046057,0.169024314603308,0.830975685396692,0.169024314603308,0.169024314603308,"all","linear"
"1754",13,1.42704853800327,1.2379037789342,"Exp1","mixed","IP",0,1.43774130575093,0.195294949541367,1.43876169618364,0.0723941470577395,0,0.213350190173453,0.0723941470577395,0.927605852942261,0.0723941470577395,0.0723941470577395,"all","linear"
"1755",13,2.01815139660892,2.26983855342405,"Exp1","mixed","IP",0,1.95857950656994,0.261927506245983,1.95909160414977,0.133425171409413,0,-0.0735889660341554,0.133425171409413,0.866574828590587,0.133425171409413,0.133425171409413,"all","linear"
"1756",13,0.672717132202972,0.805892062924613,"Exp1","mixed","IP",0,0.69860397608378,0.0973178450191298,0.697902303670374,0.2221745360338,0,0.908878042547962,0.2221745360338,0.7778254639662,0.2221745360338,0.2221745360338,"all","linear"
"1757",13,0.4,0.405982750668045,"Exp1","mixed","IP",0,0.436095836183726,0.0747670016427633,0.435744206598803,0.0931496038367971,0,1.17806334226078,0.0931496038367971,0.906850396163203,0.0931496038367971,0.0931496038367971,"all","linear"
"1758",13,0.672717132202972,0.701916201540371,"Exp1","mixed","IP",0,0.69860397608378,0.0973178450191298,0.698663154912984,0.2221745360338,0,0.919878350362736,0.2221745360338,0.7778254639662,0.2221745360338,0.2221745360338,"all","linear"
"1759",13,0.8,0.733928726151134,"Exp1","mixed","IP",0,0.797170015595682,0.106878032272992,0.796963771061503,0.285965325750061,0,0.819964344944162,0.285965325750061,0.714034674249939,0.285965325750061,0.285965325750061,"all","linear"
"1760",13,2.4,2.51781603947711,"Exp1","mixed","IP",0,2.25268831822107,0.301628373324777,2.25293096190125,0.177368135215607,0,-0.21900161043546,0.177368135215607,0.822631864784393,0.177368135215607,0.177368135215607,"all","linear"
"1761",13,0.672717132202972,0.645931448027113,"Exp1","mixed","IP",0,0.69860397608378,0.0973178450191298,0.698801509928014,0.2221745360338,0,0.909420226573252,0.2221745360338,0.7778254639662,0.2221745360338,0.2221745360338,"all","linear"
"1762",13,0.475682846001088,0.685931398267712,"Exp1","mixed","IP",0,0.515140542360016,0.0811280935568202,0.514897330642718,0.126360594167825,0,1.09590887528674,0.126360594167825,0.873639405832174,0.126360594167825,0.126360594167825,"all","linear"
"1763",13,2.01815139660892,2.35787284060825,"Exp1","mixed","IP",0,1.95857950656994,0.261927506245983,1.95923772105155,0.133425171409413,0,-0.0829574491936423,0.133425171409413,0.866574828590587,0.133425171409413,0.133425171409413,"all","linear"
"1764",13,0.475682846001088,0.549935237257159,"Exp1","mixed","IP",0,0.515140542360016,0.0811280935568202,0.514790620792968,0.126360594167825,0,1.08762463933254,0.126360594167825,0.873639405832174,0.126360594167825,0.126360594167825,"all","linear"
"1765",13,1.2,1.47783630426784,"Exp1","mixed","IP",0,1.21973504596554,0.168445019921466,1.21986103032204,0.0525207439719875,0,0.363120744928688,0.0525207439719875,0.947479256028013,0.0525207439719875,0.0525207439719875,"all","linear"
"1766",13,1.69705627484772,1.741824095634,"Exp1","mixed","IP",0,1.68483158595225,0.226426559014323,1.68386560940113,0.0988702014902194,0,0.0688203318401392,0.0988702014902194,0.901129798509781,0.0988702014902194,0.0988702014902194,"all","linear"
"1767",13,0.475682846001088,0.605921856771602,"Exp1","mixed","IP",0,0.515140542360016,0.0811280935568202,0.514956138794971,0.126360594167825,0,1.09847807930271,0.126360594167825,0.873639405832174,0.126360594167825,0.126360594167825,"all","linear"
"1768",13,1.69705627484772,2.02190802844598,"Exp1","mixed","IP",0,1.68483158595225,0.226426559014323,1.68561100309222,0.0988702014902194,0,0.0683498346317835,0.0988702014902194,0.901129798509781,0.0988702014902194,0.0988702014902194,"all","linear"
"1769",13,0.4,0.525949635335564,"Exp1","mixed","IP",0,0.436095836183726,0.0747670016427633,0.436305897350949,0.0931496038367971,0,1.17658732314075,0.0931496038367971,0.906850396163203,0.0931496038367971,0.0931496038367971,"all","linear"
"1770",13,0.8,0.669802912769228,"Exp1","mixed","IP",0,0.797170015595682,0.106878032272992,0.796700448157087,0.285965325750061,0,0.824334848909385,0.285965325750061,0.714034674249939,0.285965325750061,0.285965325750061,"all","linear"
"1771",13,0.672717132202972,0.909904933370854,"Exp1","mixed","IP",0,0.69860397608378,0.0973178450191298,0.698432891893657,0.2221745360338,0,0.908658451764822,0.2221745360338,0.7778254639662,0.2221745360338,0.2221745360338,"all","linear"
"1772",13,0.565685424949238,0.685923001256015,"Exp1","mixed","IP",0,0.603349224044704,0.0886695386632049,0.603747828616228,0.169024314603308,0,1.00977982694717,0.169024314603308,0.830975685396692,0.169024314603308,0.169024314603308,"all","linear"
"1773",13,0.4,0.34995507909116,"Exp1","mixed","IP",0,0.436095836183726,0.0747670016427633,0.43612131063096,0.0931496038367971,0,1.18100273928388,0.0931496038367971,0.906850396163203,0.0931496038367971,0.0931496038367971,"all","linear"
"1774",13,1.69705627484772,1.80585598686957,"Exp1","mixed","IP",0,1.68483158595225,0.226426559014323,1.68569249741886,0.0988702014902194,0,0.0639493424306392,0.0988702014902194,0.901129798509781,0.0988702014902194,0.0988702014902194,"all","linear"
"1775",13,1.2,1.21387277094618,"Exp1","mixed","IP",0,1.21973504596554,0.168445019921466,1.22027707266173,0.0525207439719875,0,0.360428225505019,0.0525207439719875,0.947479256028013,0.0525207439719875,0.0525207439719875,"all","linear"
"1776",13,0.8,0.693902962870197,"Exp1","mixed","IP",0,0.797170015595682,0.106878032272992,0.797023981702639,0.285965325750061,0,0.817031248088494,0.285965325750061,0.714034674249939,0.285965325750061,0.285965325750061,"all","linear"
"1777",13,1.42704853800327,1.46989055271115,"Exp1","mixed","IP",0,1.43774130575093,0.195294949541367,1.43745557874342,0.0723941470577395,0,0.216693835613307,0.0723941470577395,0.927605852942261,0.0723941470577395,0.0723941470577395,"all","linear"
"1778",13,1.42704853800327,1.59777364389083,"Exp1","mixed","IP",0,1.43774130575093,0.195294949541367,1.43645274638489,0.0723941470577395,0,0.217916400159976,0.0723941470577395,0.927605852942261,0.0723941470577395,0.0723941470577395,"all","linear"
"1779",13,0.565685424949238,0.661983738405979,"Exp1","mixed","IP",0,0.603349224044704,0.0886695386632049,0.602709079495871,0.169024314603308,0,1.00931836496409,0.169024314603308,0.830975685396692,0.169024314603308,0.169024314603308,"all","linear"
"1780",13,0.565685424949238,0.693827078754111,"Exp1","mixed","IP",0,0.603349224044704,0.0886695386632049,0.602815905343984,0.169024314603308,0,1.00099058680342,0.169024314603308,0.830975685396692,0.169024314603308,0.169024314603308,"all","linear"
"1781",13,2.01815139660892,2.32570948075954,"Exp1","mixed","IP",0,1.95857950656994,0.261927506245983,1.95966906615191,0.133425171409413,0,-0.0762307991889363,0.133425171409413,0.866574828590587,0.133425171409413,0.133425171409413,"all","linear"
"1782",14,0.475682846001088,0.563446666862546,"Exp1","mixed","IP",0,0.584095185245702,0.0970083671067175,0.58388159417488,0.355624413982181,0,0.917737690396321,0.355624413982181,0.644375586017819,0.355624413982181,0.355624413982181,"all","linear"
"1783",14,2.01815139660892,1.34428734973335,"Exp1","mixed","IP",0,1.95618222781072,0.272716358666723,1.9583196763753,0.451290709807522,0,-0.119670288643571,0.451290709807522,0.548709290192478,0.451290709807522,0.451290709807522,"all","linear"
"1784",14,1.2,1.62700421300451,"Exp1","mixed","IP",0,1.35449605028615,0.199081941263963,1.35642240964686,0.227067459037865,0,0.200065661203062,0.227067459037865,0.772932540962135,0.227067459037865,0.227067459037865,"all","linear"
"1785",14,2.01815139660892,1.57493784704002,"Exp1","mixed","IP",0,1.95618222781072,0.272716358666723,1.95586958590744,0.451290709807522,0,-0.117419398801073,0.451290709807522,0.548709290192478,0.451290709807522,0.451290709807522,"all","linear"
"1786",14,1.42704853800327,1.63746687327648,"Exp1","mixed","IP",0,1.55987016609311,0.223139151538043,1.5596348548642,0.292895564230553,0,0.0850181114531548,0.292895564230553,0.707104435769447,0.292895564230553,0.292895564230553,"all","linear"
"1787",14,0.672717132202972,0.657244359565084,"Exp1","mixed","IP",0,0.729423230425465,0.10778000770777,0.728474551022287,0.522865518165482,0,0.808458749070084,0.522865518165482,0.477134481834518,0.522865518165482,0.522865518165482,"all","linear"
"1788",14,1.69705627484772,1.76263706613554,"Exp1","mixed","IP",0,1.76473739151968,0.24802394346349,1.7638492651546,0.368597096128232,0,-0.022830154988645,0.368597096128232,0.631402903871767,0.368597096128232,0.368597096128232,"all","linear"
"1789",14,1.69705627484772,1.76254720279576,"Exp1","mixed","IP",0,1.76473739151968,0.24802394346349,1.76615547529413,0.368597096128232,0,-0.0238898904409756,0.368597096128232,0.631402903871767,0.368597096128232,0.368597096128232,"all","linear"
"1790",14,0.565685424949238,0.563464790561738,"Exp1","mixed","IP",0,0.65981503144068,0.102413629786999,0.660332262118404,0.437489555434045,0,0.860494662900861,0.437489555434045,0.562510444565955,0.437489555434045,0.437489555434045,"all","linear"
"1791",14,0.672717132202972,0.729980426404836,"Exp1","mixed","IP",0,0.729423230425465,0.10778000770777,0.729475269246305,0.522865518165482,0,0.809841639604729,0.522865518165482,0.477134481834518,0.522865518165482,0.522865518165482,"all","linear"
"1792",14,0.4,0.532079830361909,"Exp1","mixed","IP",0,0.506982998738355,0.0918442352147191,0.506911267170261,0.281346916922016,0,0.972234131319233,0.281346916922016,0.718653083077984,0.281346916922016,0.281346916922016,"all","linear"
"1793",14,2.4,1.97110868706613,"Exp1","mixed","IP",0,2.12144074357386,0.296158771979588,2.12281684913693,0.536726134136647,0,-0.200839161368345,0.536726134136647,0.463273865863353,0.536726134136647,0.536726134136647,"all","linear"
"1794",14,0.8,0.803247366588494,"Exp1","mixed","IP",0,0.788767514643567,0.112832591829985,0.789576745093756,0.606933883571887,0,0.773485074380121,0.606933883571887,0.393066116428113,0.606933883571887,0.606933883571887,"all","linear"
"1795",14,0.672717132202972,0.78243909493267,"Exp1","mixed","IP",0,0.729423230425465,0.10778000770777,0.729639338543362,0.522865518165482,0,0.809789412862596,0.522865518165482,0.477134481834518,0.522865518165482,0.522865518165482,"all","linear"
"1796",14,2.4,2.38806703200999,"Exp1","mixed","IP",0,2.12144074357386,0.296158771979588,2.12210172263594,0.536726134136647,0,-0.207680101273387,0.536726134136647,0.463273865863353,0.536726134136647,0.536726134136647,"all","linear"
"1797",14,2.4,2.46096394667711,"Exp1","mixed","IP",0,2.12144074357386,0.296158771979588,2.12083589143335,0.536726134136647,0,-0.199007132680766,0.536726134136647,0.463273865863353,0.536726134136647,0.536726134136647,"all","linear"
"1798",14,0.672717132202972,0.719726188669028,"Exp1","mixed","IP",0,0.729423230425465,0.10778000770777,0.729466241167341,0.522865518165482,0,0.811566745943778,0.522865518165482,0.477134481834518,0.522865518165482,0.522865518165482,"all","linear"
"1799",14,0.8,0.740688889341527,"Exp1","mixed","IP",0,0.788767514643567,0.112832591829985,0.788500980423869,0.606933883571887,0,0.765794228992929,0.606933883571887,0.393066116428113,0.606933883571887,0.606933883571887,"all","linear"
"1800",14,1.2,1.16800643844408,"Exp1","mixed","IP",0,1.35449605028615,0.199081941263963,1.35410108735738,0.227067459037865,0,0.199772534196608,0.227067459037865,0.772932540962135,0.227067459037865,0.227067459037865,"all","linear"
"1801",14,2.4,2.23898412892549,"Exp1","mixed","IP",0,2.12144074357386,0.296158771979588,2.12272967097319,0.536726134136647,0,-0.198993865914359,0.536726134136647,0.463273865863353,0.536726134136647,0.536726134136647,"all","linear"
"1802",14,1.69705627484772,1.86693177862207,"Exp1","mixed","IP",0,1.76473739151968,0.24802394346349,1.76445838958116,0.368597096128232,0,-0.0244093888242979,0.368597096128232,0.631402903871767,0.368597096128232,0.368597096128232,"all","linear"
"1803",14,0.8,0.740621680625281,"Exp1","mixed","IP",0,0.788767514643567,0.112832591829985,0.789813052749007,0.606933883571887,0,0.765054302724209,0.606933883571887,0.393066116428113,0.606933883571887,0.606933883571887,"all","linear"
"1804",14,2.01815139660892,1.96063960798392,"Exp1","mixed","IP",0,1.95618222781072,0.272716358666723,1.95560668772939,0.451290709807522,0,-0.12261745302568,0.451290709807522,0.548709290192478,0.451290709807522,0.451290709807522,"all","linear"
"1805",14,0.565685424949238,0.657208867321515,"Exp1","mixed","IP",0,0.65981503144068,0.102413629786999,0.659599363156773,0.437489555434045,0,0.860491754656475,0.437489555434045,0.562510444565955,0.437489555434045,0.437489555434045,"all","linear"
"1806",14,0.8,0.844902800337877,"Exp1","mixed","IP",0,0.788767514643567,0.112832591829985,0.789050723963985,0.606933883571887,0,0.767657634613191,0.606933883571887,0.393066116428113,0.606933883571887,0.606933883571887,"all","linear"
"1807",14,0.565685424949238,0.782214059006037,"Exp1","mixed","IP",0,0.65981503144068,0.102413629786999,0.660878888806778,0.437489555434045,0,0.860236237482173,0.437489555434045,0.562510444565955,0.437489555434045,0.437489555434045,"all","linear"
"1808",14,0.475682846001088,0.626033084811752,"Exp1","mixed","IP",0,0.584095185245702,0.0970083671067175,0.584112597245894,0.355624413982181,0,0.919809671800222,0.355624413982181,0.644375586017819,0.355624413982181,0.355624413982181,"all","linear"
"1809",14,0.475682846001088,0.540695761244478,"Exp1","mixed","IP",0,0.584095185245702,0.0970083671067175,0.58416459748945,0.355624413982181,0,0.917037979641819,0.355624413982181,0.644375586017819,0.355624413982181,0.355624413982181,"all","linear"
"1810",14,1.42704853800327,1.553133149529,"Exp1","mixed","IP",0,1.55987016609311,0.223139151538043,1.56117017147625,0.292895564230553,0,0.0822518525885144,0.292895564230553,0.707104435769447,0.292895564230553,0.292895564230553,"all","linear"
"1811",14,1.42704853800327,1.67895126461872,"Exp1","mixed","IP",0,1.55987016609311,0.223139151538043,1.55913063522209,0.292895564230553,0,0.0815760801931171,0.292895564230553,0.707104435769447,0.292895564230553,0.292895564230553,"all","linear"
"1812",14,2.01815139660892,1.72073092121991,"Exp1","mixed","IP",0,1.95618222781072,0.272716358666723,1.95667333635927,0.451290709807522,0,-0.120330581204658,0.451290709807522,0.548709290192478,0.451290709807522,0.451290709807522,"all","linear"
"1813",14,0.4,0.386233140240165,"Exp1","mixed","IP",0,0.506982998738355,0.0918442352147191,0.506623290367997,0.281346916922016,0,0.974375863481007,0.281346916922016,0.718653083077984,0.281346916922016,0.281346916922016,"all","linear"
"1814",14,0.4,0.500859116182255,"Exp1","mixed","IP",0,0.506982998738355,0.0918442352147191,0.506341078549298,0.281346916922016,0,0.972331865805978,0.281346916922016,0.718653083077984,0.281346916922016,0.281346916922016,"all","linear"
"1815",14,0.4,0.507915653815871,"Exp1","mixed","IP",0,0.506982998738355,0.0918442352147191,0.507257085703581,0.281346916922016,0,0.968332915667037,0.281346916922016,0.718653083077984,0.281346916922016,0.281346916922016,"all","linear"
"1816",14,1.2,1.23073897871427,"Exp1","mixed","IP",0,1.35449605028615,0.199081941263963,1.35420958355691,0.227067459037865,0,0.197931985720172,0.227067459037865,0.772932540962135,0.227067459037865,0.227067459037865,"all","linear"
"1817",14,0.565685424949238,0.626034595120018,"Exp1","mixed","IP",0,0.65981503144068,0.102413629786999,0.660266929879209,0.437489555434045,0,0.862452733151608,0.437489555434045,0.562510444565955,0.437489555434045,0.437489555434045,"all","linear"
"1818",14,1.42704853800327,1.63734793650337,"Exp1","mixed","IP",0,1.55987016609311,0.223139151538043,1.55952534025145,0.292895564230553,0,0.0873885994650485,0.292895564230553,0.707104435769447,0.292895564230553,0.292895564230553,"all","linear"
"1819",14,2.4,1.96074797260007,"Exp1","mixed","IP",0,2.12144074357386,0.296158771979588,2.12088648234964,0.536726134136647,0,-0.203495906706398,0.536726134136647,0.463273865863353,0.536726134136647,0.536726134136647,"all","linear"
"1820",14,2.4,2.23971398537833,"Exp1","mixed","IP",0,2.12144074357386,0.296158771979588,2.12122812380305,0.536726134136647,0,-0.197713671181699,0.536726134136647,0.463273865863353,0.536726134136647,0.536726134136647,"all","linear"
"1821",14,0.565685424949238,0.813710782014823,"Exp1","mixed","IP",0,0.65981503144068,0.102413629786999,0.659553618310913,0.437489555434045,0,0.865169795542709,0.437489555434045,0.562510444565955,0.437489555434045,0.437489555434045,"all","linear"
"1822",14,1.42704853800327,1.55405632543489,"Exp1","mixed","IP",0,1.55987016609311,0.223139151538043,1.5598746075652,0.292895564230553,0,0.0819037602168618,0.292895564230553,0.707104435769447,0.292895564230553,0.292895564230553,"all","linear"
"1823",14,0.565685424949238,0.771816341988142,"Exp1","mixed","IP",0,0.65981503144068,0.102413629786999,0.659442857317906,0.437489555434045,0,0.862299347302547,0.437489555434045,0.562510444565955,0.437489555434045,0.437489555434045,"all","linear"
"1824",14,0.8,0.897037130172521,"Exp1","mixed","IP",0,0.788767514643567,0.112832591829985,0.789399082520179,0.606933883571887,0,0.76877304943666,0.606933883571887,0.393066116428113,0.606933883571887,0.606933883571887,"all","linear"
"1825",14,2.01815139660892,2.05440747209877,"Exp1","mixed","IP",0,1.95618222781072,0.272716358666723,1.95602890954109,0.451290709807522,0,-0.118869889571808,0.451290709807522,0.548709290192478,0.451290709807522,0.451290709807522,"all","linear"
"1826",14,1.2,1.34554807952964,"Exp1","mixed","IP",0,1.35449605028615,0.199081941263963,1.35260285745767,0.227067459037865,0,0.197522351699043,0.227067459037865,0.772932540962135,0.227067459037865,0.227067459037865,"all","linear"
"1827",14,0.4,0.563371529028245,"Exp1","mixed","IP",0,0.506982998738355,0.0918442352147191,0.50720985703268,0.281346916922016,0,0.9677428076062,0.281346916922016,0.718653083077984,0.281346916922016,0.281346916922016,"all","linear"
"1828",14,0.475682846001088,0.574042234259196,"Exp1","mixed","IP",0,0.584095185245702,0.0970083671067175,0.584073908850298,0.355624413982181,0,0.915933753660916,0.355624413982181,0.644375586017819,0.355624413982181,0.355624413982181,"all","linear"
"1829",14,0.672717132202972,0.75115041688241,"Exp1","mixed","IP",0,0.729423230425465,0.10778000770777,0.729629387298271,0.522865518165482,0,0.812444206801416,0.522865518165482,0.477134481834518,0.522865518165482,0.522865518165482,"all","linear"
"1830",14,0.8,0.69908065272466,"Exp1","mixed","IP",0,0.788767514643567,0.112832591829985,0.787438591425855,0.606933883571887,0,0.767020831147369,0.606933883571887,0.393066116428113,0.606933883571887,0.606933883571887,"all","linear"
"1831",14,0.8,0.730411241827824,"Exp1","mixed","IP",0,0.788767514643567,0.112832591829985,0.788509468225072,0.606933883571887,0,0.762961739609431,0.606933883571887,0.393066116428113,0.606933883571887,0.606933883571887,"all","linear"
"1832",14,1.2,1.40509235912396,"Exp1","mixed","IP",0,1.35449605028615,0.199081941263963,1.35471473881832,0.227067459037865,0,0.191113724442081,0.227067459037865,0.772932540962135,0.227067459037865,0.227067459037865,"all","linear"
"1833",14,1.69705627484772,1.64807301283054,"Exp1","mixed","IP",0,1.76473739151968,0.24802394346349,1.76748057618924,0.368597096128232,0,-0.0208881177593462,0.368597096128232,0.631402903871767,0.368597096128232,0.368597096128232,"all","linear"
"1834",14,0.4,0.344513140814342,"Exp1","mixed","IP",0,0.506982998738355,0.0918442352147191,0.507024301737687,0.281346916922016,0,0.978113870050577,0.281346916922016,0.718653083077984,0.281346916922016,0.281346916922016,"all","linear"
"1835",14,1.42704853800327,1.65827363462449,"Exp1","mixed","IP",0,1.55987016609311,0.223139151538043,1.55785716992189,0.292895564230553,0,0.087317552884814,0.292895564230553,0.707104435769447,0.292895564230553,0.292895564230553,"all","linear"
"1836",14,0.565685424949238,0.615461304770179,"Exp1","mixed","IP",0,0.65981503144068,0.102413629786999,0.660154209030481,0.437489555434045,0,0.865867314318148,0.437489555434045,0.562510444565955,0.437489555434045,0.437489555434045,"all","linear"
"1837",14,1.2,1.10571830637036,"Exp1","mixed","IP",0,1.35449605028615,0.199081941263963,1.35476585196634,0.227067459037865,0,0.194893884407851,0.227067459037865,0.772932540962135,0.227067459037865,0.227067459037865,"all","linear"
"1838",14,0.672717132202972,0.584408612381139,"Exp1","mixed","IP",0,0.729423230425465,0.10778000770777,0.729338361794617,0.522865518165482,0,0.808171074664167,0.522865518165482,0.477134481834518,0.522865518165482,0.522865518165482,"all","linear"
"1839",14,1.69705627484772,1.533016221465,"Exp1","mixed","IP",0,1.76473739151968,0.24802394346349,1.76396073223438,0.368597096128232,0,-0.0237096775853648,0.368597096128232,0.631402903871767,0.368597096128232,0.368597096128232,"all","linear"
"1840",14,2.4,2.02319544219154,"Exp1","mixed","IP",0,2.12144074357386,0.296158771979588,2.11999231602684,0.536726134136647,0,-0.199456176344741,0.536726134136647,0.463273865863353,0.536726134136647,0.536726134136647,"all","linear"
"1841",14,1.42704853800327,1.77296040047349,"Exp1","mixed","IP",0,1.55987016609311,0.223139151538043,1.55970471003017,0.292895564230553,0,0.0829926650860025,0.292895564230553,0.707104435769447,0.292895564230553,0.292895564230553,"all","linear"
"1842",14,2.01815139660892,2.02298815238692,"Exp1","mixed","IP",0,1.95618222781072,0.272716358666723,1.95530426964518,0.451290709807522,0,-0.12634623749964,0.451290709807522,0.548709290192478,0.451290709807522,0.451290709807522,"all","linear"
"1843",14,0.475682846001088,0.521646243523719,"Exp1","mixed","IP",0,0.584095185245702,0.0970083671067175,0.584285719156354,0.355624413982181,0,0.911823566930617,0.355624413982181,0.644375586017819,0.355624413982181,0.355624413982181,"all","linear"
"1844",14,0.672717132202972,0.707313720470211,"Exp1","mixed","IP",0,0.729423230425465,0.10778000770777,0.728870379116723,0.522865518165482,0,0.817465101100824,0.522865518165482,0.477134481834518,0.522865518165482,0.522865518165482,"all","linear"
"1845",14,0.4,0.416115721326605,"Exp1","mixed","IP",0,0.506982998738355,0.0918442352147191,0.507242808341162,0.281346916922016,0,0.9664628308364,0.281346916922016,0.718653083077984,0.281346916922016,0.281346916922016,"all","linear"
"1846",14,0.475682846001088,0.50747841958264,"Exp1","mixed","IP",0,0.584095185245702,0.0970083671067175,0.583894777748671,0.355624413982181,0,0.90908664505889,0.355624413982181,0.644375586017819,0.355624413982181,0.355624413982181,"all","linear"
"1847",14,2.4,2.627973830889,"Exp1","mixed","IP",0,2.12144074357386,0.296158771979588,2.12350715190842,0.536726134136647,0,-0.200652673303649,0.536726134136647,0.463273865863353,0.536726134136647,0.536726134136647,"all","linear"
"1848",14,1.42704853800327,1.7103056410765,"Exp1","mixed","IP",0,1.55987016609311,0.223139151538043,1.55931633460362,0.292895564230553,0,0.0858965442813946,0.292895564230553,0.707104435769447,0.292895564230553,0.292895564230553,"all","linear"
"1849",14,0.8,0.772089707777468,"Exp1","mixed","IP",0,0.788767514643567,0.112832591829985,0.789361555337292,0.606933883571887,0,0.767260410982385,0.606933883571887,0.393066116428113,0.606933883571887,0.606933883571887,"all","linear"
"1850",14,1.69705627484772,1.35501469152268,"Exp1","mixed","IP",0,1.76473739151968,0.24802394346349,1.76474848594154,0.368597096128232,0,-0.0296321083039468,0.368597096128232,0.631402903871767,0.368597096128232,0.368597096128232,"all","linear"
"1851",14,1.2,1.62719035849432,"Exp1","mixed","IP",0,1.35449605028615,0.199081941263963,1.35471634775621,0.227067459037865,0,0.195515771094621,0.227067459037865,0.772932540962135,0.227067459037865,0.227067459037865,"all","linear"
"1852",14,2.01815139660892,2.19004976465567,"Exp1","mixed","IP",0,1.95618222781072,0.272716358666723,1.95666139431356,0.451290709807522,0,-0.115889031190257,0.451290709807522,0.548709290192478,0.451290709807522,0.451290709807522,"all","linear"
"1853",14,1.2,1.47855337391502,"Exp1","mixed","IP",0,1.35449605028615,0.199081941263963,1.3544287031124,0.227067459037865,0,0.197477904590153,0.227067459037865,0.772932540962135,0.227067459037865,0.227067459037865,"all","linear"
"1854",14,1.2,1.17877493613241,"Exp1","mixed","IP",0,1.35449605028615,0.199081941263963,1.35614882970951,0.227067459037865,0,0.193636740470338,0.227067459037865,0.772932540962135,0.227067459037865,0.227067459037865,"all","linear"
"1855",14,0.8,0.800911297331822,"Exp1","mixed","IP",0,0.788767514643567,0.112832591829985,0.788838686859438,0.606933883571887,0,0.762005073198657,0.606933883571887,0.393066116428113,0.606933883571887,0.606933883571887,"all","linear"
"1856",14,0.565685424949238,0.667523894963779,"Exp1","mixed","IP",0,0.65981503144068,0.102413629786999,0.661005730917528,0.437489555434045,0,0.862926098132216,0.437489555434045,0.562510444565955,0.437489555434045,0.437489555434045,"all","linear"
"1857",14,0.475682846001088,0.603300302891967,"Exp1","mixed","IP",0,0.584095185245702,0.0970083671067175,0.584085923120757,0.355624413982181,0,0.920353085455647,0.355624413982181,0.644375586017819,0.355624413982181,0.355624413982181,"all","linear"
"1858",14,0.8,0.735512685456342,"Exp1","mixed","IP",0,0.788767514643567,0.112832591829985,0.788371612749016,0.606933883571887,0,0.767193983661407,0.606933883571887,0.393066116428113,0.606933883571887,0.606933883571887,"all","linear"
"1859",14,1.42704853800327,1.29341412727217,"Exp1","mixed","IP",0,1.55987016609311,0.223139151538043,1.55909006026358,0.292895564230553,0,0.0809643861236283,0.292895564230553,0.707104435769447,0.292895564230553,0.292895564230553,"all","linear"
"1860",14,0.4,0.407039146433817,"Exp1","mixed","IP",0,0.506982998738355,0.0918442352147191,0.50784436669154,0.281346916922016,0,0.972453545569077,0.281346916922016,0.718653083077984,0.281346916922016,0.281346916922016,"all","linear"
"1861",14,1.69705627484772,1.52282654940609,"Exp1","mixed","IP",0,1.76473739151968,0.24802394346349,1.76317996040109,0.368597096128232,0,-0.0217507717304249,0.368597096128232,0.631402903871767,0.368597096128232,0.368597096128232,"all","linear"
"1862",14,0.475682846001088,0.626019114460632,"Exp1","mixed","IP",0,0.584095185245702,0.0970083671067175,0.58484027291408,0.355624413982181,0,0.918843990731702,0.355624413982181,0.644375586017819,0.355624413982181,0.355624413982181,"all","linear"
"1863",14,2.01815139660892,2.37794721170667,"Exp1","mixed","IP",0,1.95618222781072,0.272716358666723,1.95349721666187,0.451290709807522,0,-0.116773491687453,0.451290709807522,0.548709290192478,0.451290709807522,0.451290709807522,"all","linear"
"1864",14,2.4,2.44026932571524,"Exp1","mixed","IP",0,2.12144074357386,0.296158771979588,2.11888498474914,0.536726134136647,0,-0.202824209740265,0.536726134136647,0.463273865863353,0.536726134136647,0.536726134136647,"all","linear"
"1865",14,0.475682846001088,0.553030448568734,"Exp1","mixed","IP",0,0.584095185245702,0.0970083671067175,0.58385060164265,0.355624413982181,0,0.918511666957293,0.355624413982181,0.644375586017819,0.355624413982181,0.355624413982181,"all","linear"
"1866",14,2.01815139660892,1.783629217819,"Exp1","mixed","IP",0,1.95618222781072,0.272716358666723,1.95701840009245,0.451290709807522,0,-0.119704475084272,0.451290709807522,0.548709290192478,0.451290709807522,0.451290709807522,"all","linear"
"1867",14,1.69705627484772,1.61660045475355,"Exp1","mixed","IP",0,1.76473739151968,0.24802394346349,1.7657253631438,0.368597096128232,0,-0.0248610849861255,0.368597096128232,0.631402903871767,0.368597096128232,0.368597096128232,"all","linear"
"1868",14,2.4,2.29125023315373,"Exp1","mixed","IP",0,2.12144074357386,0.296158771979588,2.12488320398114,0.536726134136647,0,-0.201114258693703,0.536726134136647,0.463273865863353,0.536726134136647,0.536726134136647,"all","linear"
"1869",14,0.4,0.792917235864024,"Exp1","mixed","IP",0,0.506982998738355,0.0918442352147191,0.507236507085041,0.281346916922016,0,0.965424641102387,0.281346916922016,0.718653083077984,0.281346916922016,0.281346916922016,"all","linear"
"1870",14,0.672717132202972,0.730263986775753,"Exp1","mixed","IP",0,0.729423230425465,0.10778000770777,0.729058507551692,0.522865518165482,0,0.810129659524888,0.522865518165482,0.477134481834518,0.522865518165482,0.522865518165482,"all","linear"
"1871",14,2.4,2.40415710075195,"Exp1","mixed","IP",0,2.12144074357386,0.296158771979588,2.1219930645578,0.536726134136647,0,-0.200413420900107,0.536726134136647,0.463273865863353,0.536726134136647,0.536726134136647,"all","linear"
"1872",14,0.8,0.915803087522818,"Exp1","mixed","IP",0,0.788767514643567,0.112832591829985,0.788974033858512,0.606933883571887,0,0.76919927905249,0.606933883571887,0.393066116428113,0.606933883571887,0.606933883571887,"all","linear"
"1873",14,0.565685424949238,0.78236546740618,"Exp1","mixed","IP",0,0.65981503144068,0.102413629786999,0.660239871064276,0.437489555434045,0,0.862974033473408,0.437489555434045,0.562510444565955,0.437489555434045,0.437489555434045,"all","linear"
"1874",14,0.672717132202972,0.563474985141966,"Exp1","mixed","IP",0,0.729423230425465,0.10778000770777,0.728819843585246,0.522865518165482,0,0.808263548386712,0.522865518165482,0.477134481834518,0.522865518165482,0.522865518165482,"all","linear"
"1875",14,1.42704853800327,1.76265632256536,"Exp1","mixed","IP",0,1.55987016609311,0.223139151538043,1.56102452053475,0.292895564230553,0,0.0778341050595399,0.292895564230553,0.707104435769447,0.292895564230553,0.292895564230553,"all","linear"
"1876",14,1.69705627484772,1.6996134139531,"Exp1","mixed","IP",0,1.76473739151968,0.24802394346349,1.76365759789817,0.368597096128232,0,-0.0216902657963353,0.368597096128232,0.631402903871767,0.368597096128232,0.368597096128232,"all","linear"
"1877",14,1.2,1.32473452179465,"Exp1","mixed","IP",0,1.35449605028615,0.199081941263963,1.35431933190086,0.227067459037865,0,0.197700541143103,0.227067459037865,0.772932540962135,0.227067459037865,0.227067459037865,"all","linear"
"1878",14,0.672717132202972,0.65735574479686,"Exp1","mixed","IP",0,0.729423230425465,0.10778000770777,0.729877068872163,0.522865518165482,0,0.8113986345029,0.522865518165482,0.477134481834518,0.522865518165482,0.522865518165482,"all","linear"
"1879",14,0.4,0.67814513760004,"Exp1","mixed","IP",0,0.506982998738355,0.0918442352147191,0.507389980145276,0.281346916922016,0,0.968037253230028,0.281346916922016,0.718653083077984,0.281346916922016,0.281346916922016,"all","linear"
"1880",14,0.565685424949238,0.625944731780692,"Exp1","mixed","IP",0,0.65981503144068,0.102413629786999,0.658986476914456,0.437489555434045,0,0.861795396490357,0.437489555434045,0.562510444565955,0.437489555434045,0.437489555434045,"all","linear"
"1881",14,0.565685424949238,0.86581264022243,"Exp1","mixed","IP",0,0.65981503144068,0.102413629786999,0.659358391751097,0.437489555434045,0,0.870027020482437,0.437489555434045,0.562510444565955,0.437489555434045,0.437489555434045,"all","linear"
"1882",14,0.475682846001088,0.469638402003056,"Exp1","mixed","IP",0,0.584095185245702,0.0970083671067175,0.584237432222908,0.355624413982181,0,0.918558190030965,0.355624413982181,0.644375586017819,0.355624413982181,0.355624413982181,"all","linear"
"1883",14,2.01815139660892,1.85658578966058,"Exp1","mixed","IP",0,1.95618222781072,0.272716358666723,1.95733798656878,0.451290709807522,0,-0.119436876938064,0.451290709807522,0.548709290192478,0.451290709807522,0.451290709807522,"all","linear"
"1884",14,0.672717132202972,0.646609901731608,"Exp1","mixed","IP",0,0.729423230425465,0.10778000770777,0.729662457072983,0.522865518165482,0,0.811735988392621,0.522865518165482,0.477134481834518,0.522865518165482,0.522865518165482,"all","linear"
"1885",14,1.69705627484772,1.77313710653607,"Exp1","mixed","IP",0,1.76473739151968,0.24802394346349,1.76517470770285,0.368597096128232,0,-0.0243373188058726,0.368597096128232,0.631402903871767,0.368597096128232,0.368597096128232,"all","linear"
"1886",14,1.42704853800327,1.30059488775714,"Exp1","mixed","IP",0,1.55987016609311,0.223139151538043,1.56076496888874,0.292895564230553,0,0.0800146647598385,0.292895564230553,0.707104435769447,0.292895564230553,0.292895564230553,"all","linear"
"1887",14,0.565685424949238,0.803353465741566,"Exp1","mixed","IP",0,0.65981503144068,0.102413629786999,0.660082142970974,0.437489555434045,0,0.857968519549725,0.437489555434045,0.562510444565955,0.437489555434045,0.437489555434045,"all","linear"
"1888",14,0.565685424949238,0.730203196869297,"Exp1","mixed","IP",0,0.65981503144068,0.102413629786999,0.659384488310385,0.437489555434045,0,0.858444154791599,0.437489555434045,0.562510444565955,0.437489555434045,0.437489555434045,"all","linear"
"1889",14,0.4,0.41744177195369,"Exp1","mixed","IP",0,0.506982998738355,0.0918442352147191,0.506995649867986,0.281346916922016,0,0.971033763986428,0.281346916922016,0.718653083077984,0.281346916922016,0.281346916922016,"all","linear"
"1890",14,1.69705627484772,1.74176536153345,"Exp1","mixed","IP",0,1.76473739151968,0.24802394346349,1.76240659617889,0.368597096128232,0,-0.0163806556489142,0.368597096128232,0.631402903871767,0.368597096128232,0.368597096128232,"all","linear"
"1891",14,1.42704853800327,1.57487214863249,"Exp1","mixed","IP",0,1.55987016609311,0.223139151538043,1.56069349143007,0.292895564230553,0,0.0809503880297811,0.292895564230553,0.707104435769447,0.292895564230553,0.292895564230553,"all","linear"
"1892",14,2.4,2.48116658473236,"Exp1","mixed","IP",0,2.12144074357386,0.296158771979588,2.12287173081271,0.536726134136647,0,-0.199928056968782,0.536726134136647,0.463273865863353,0.536726134136647,0.536726134136647,"all","linear"
"1893",14,0.672717132202972,0.500996554231733,"Exp1","mixed","IP",0,0.729423230425465,0.10778000770777,0.729604018275421,0.522865518165482,0,0.817217168370257,0.522865518165482,0.477134481834518,0.522865518165482,0.522865518165482,"all","linear"
"1894",14,2.01815139660892,2.02358019321355,"Exp1","mixed","IP",0,1.95618222781072,0.272716358666723,1.95636658767044,0.451290709807522,0,-0.118779973422419,0.451290709807522,0.548709290192478,0.451290709807522,0.451290709807522,"all","linear"
"1895",14,0.8,0.792927430444252,"Exp1","mixed","IP",0,0.788767514643567,0.112832591829985,0.788903060129717,0.606933883571887,0,0.764148463343039,0.606933883571887,0.393066116428113,0.606933883571887,0.606933883571887,"all","linear"
"1896",14,2.01815139660892,2.08598235355839,"Exp1","mixed","IP",0,1.95618222781072,0.272716358666723,1.95462315555118,0.451290709807522,0,-0.119537540891993,0.451290709807522,0.548709290192478,0.451290709807522,0.451290709807522,"all","linear"
"1897",14,1.69705627484772,1.81159068683519,"Exp1","mixed","IP",0,1.76473739151968,0.24802394346349,1.76768684648674,0.368597096128232,0,-0.0245969543864769,0.368597096128232,0.631402903871767,0.368597096128232,0.368597096128232,"all","linear"
"1898",14,0.475682846001088,0.500856473142903,"Exp1","mixed","IP",0,0.584095185245702,0.0970083671067175,0.584703825291648,0.355624413982181,0,0.912484287771623,0.355624413982181,0.644375586017819,0.355624413982181,0.355624413982181,"all","linear"
"1899",14,2.01815139660892,1.95034987800454,"Exp1","mixed","IP",0,1.95618222781072,0.272716358666723,1.95523181866791,0.451290709807522,0,-0.112321261235668,0.451290709807522,0.548709290192478,0.451290709807522,0.451290709807522,"all","linear"
"1900",14,0.672717132202972,0.490472726476128,"Exp1","mixed","IP",0,0.729423230425465,0.10778000770777,0.729460722444773,0.522865518165482,0,0.807557794988569,0.522865518165482,0.477134481834518,0.522865518165482,0.522865518165482,"all","linear"
"1901",14,0.565685424949238,0.678118329628887,"Exp1","mixed","IP",0,0.65981503144068,0.102413629786999,0.659285462934424,0.437489555434045,0,0.863769420540691,0.437489555434045,0.562510444565955,0.437489555434045,0.437489555434045,"all","linear"
"1902",14,1.2,1.21001490674234,"Exp1","mixed","IP",0,1.35449605028615,0.199081941263963,1.35611235850487,0.227067459037865,0,0.195747353447601,0.227067459037865,0.772932540962135,0.227067459037865,0.227067459037865,"all","linear"
"1903",14,0.4,0.438370490691341,"Exp1","mixed","IP",0,0.506982998738355,0.0918442352147191,0.507087423377636,0.281346916922016,0,0.973298922526953,0.281346916922016,0.718653083077984,0.281346916922016,0.281346916922016,"all","linear"
"1904",14,1.42704853800327,1.68950190034548,"Exp1","mixed","IP",0,1.55987016609311,0.223139151538043,1.55890208198523,0.292895564230553,0,0.0812360378067301,0.292895564230553,0.707104435769447,0.292895564230553,0.292895564230553,"all","linear"
"1905",14,0.8,1.01175938826464,"Exp1","mixed","IP",0,0.788767514643567,0.112832591829985,0.78866531310593,0.606933883571887,0,0.763115620316991,0.606933883571887,0.393066116428113,0.606933883571887,0.606933883571887,"all","linear"
"1906",14,1.42704853800327,1.61440975266441,"Exp1","mixed","IP",0,1.55987016609311,0.223139151538043,1.55988662627884,0.292895564230553,0,0.0911634413751161,0.292895564230553,0.707104435769447,0.292895564230553,0.292895564230553,"all","linear"
"1907",14,0.672717132202972,0.822460752752704,"Exp1","mixed","IP",0,0.729423230425465,0.10778000770777,0.729446243460347,0.522865518165482,0,0.810220572249394,0.522865518165482,0.477134481834518,0.522865518165482,0.522865518165482,"all","linear"
"1908",14,1.2,1.34217858186548,"Exp1","mixed","IP",0,1.35449605028615,0.199081941263963,1.35425793795635,0.227067459037865,0,0.196327198949431,0.227067459037865,0.772932540962135,0.227067459037865,0.227067459037865,"all","linear"
"1909",14,2.4,2.39505673850408,"Exp1","mixed","IP",0,2.12144074357386,0.296158771979588,2.12101763928739,0.536726134136647,0,-0.20105902054214,0.536726134136647,0.463273865863353,0.536726134136647,0.536726134136647,"all","linear"
"1910",14,1.69705627484772,1.8741778599383,"Exp1","mixed","IP",0,1.76473739151968,0.24802394346349,1.76208851167481,0.368597096128232,0,-0.0227516938224944,0.368597096128232,0.631402903871767,0.368597096128232,0.368597096128232,"all","linear"
"1911",14,0.475682846001088,0.488905404109119,"Exp1","mixed","IP",0,0.584095185245702,0.0970083671067175,0.584225591065188,0.355624413982181,0,0.910998058294473,0.355624413982181,0.644375586017819,0.355624413982181,0.355624413982181,"all","linear"
"1912",14,0.4,0.809358073692238,"Exp1","mixed","IP",0,0.506982998738355,0.0918442352147191,0.507274759574792,0.281346916922016,0,0.972463923039064,0.281346916922016,0.718653083077984,0.281346916922016,0.281346916922016,"all","linear"
"1913",14,2.01815139660892,1.54338826324374,"Exp1","mixed","IP",0,1.95618222781072,0.272716358666723,1.95568881987132,0.451290709807522,0,-0.116352510959477,0.451290709807522,0.548709290192478,0.451290709807522,0.451290709807522,"all","linear"
"1914",14,0.475682846001088,0.583110124880022,"Exp1","mixed","IP",0,0.584095185245702,0.0970083671067175,0.583148859933111,0.355624413982181,0,0.920395608747107,0.355624413982181,0.644375586017819,0.355624413982181,0.355624413982181,"all","linear"
"1915",14,1.2,1.09515747606338,"Exp1","mixed","IP",0,1.35449605028615,0.199081941263963,1.35356871785846,0.227067459037865,0,0.19118682139265,0.227067459037865,0.772932540962135,0.227067459037865,0.227067459037865,"all","linear"
"1916",14,1.2,1.33234081162436,"Exp1","mixed","IP",0,1.35449605028615,0.199081941263963,1.35348920035511,0.227067459037865,0,0.201475336438811,0.227067459037865,0.772932540962135,0.227067459037865,0.227067459037865,"all","linear"
"1917",14,0.475682846001088,0.469549671394816,"Exp1","mixed","IP",0,0.584095185245702,0.0970083671067175,0.58398370884231,0.355624413982181,0,0.917432105989122,0.355624413982181,0.644375586017819,0.355624413982181,0.355624413982181,"all","linear"
"1918",14,0.4,0.480174689801061,"Exp1","mixed","IP",0,0.506982998738355,0.0918442352147191,0.506567236147048,0.281346916922016,0,0.971017567743608,0.281346916922016,0.718653083077984,0.281346916922016,0.281346916922016,"all","linear"
"1919",14,1.69705627484772,1.56431924744356,"Exp1","mixed","IP",0,1.76473739151968,0.24802394346349,1.76524169111403,0.368597096128232,0,-0.0228929505616462,0.368597096128232,0.631402903871767,0.368597096128232,0.368597096128232,"all","linear"
"1920",15,0.672717132202972,0.59296091568649,"Exp1","mixed","IP",0,0.685709077402017,0.0966538249224564,0.685661800298619,0.680665745607781,0,0.921173020292888,0.680665745607781,0.319334254392219,0.680665745607781,0.680665745607781,"all","linear"
"1921",15,2.4,1.45792397975401,"Exp1","mixed","IP",0,2.14126742495827,0.362026857385615,2.14329844837777,0.411334148343141,0,-0.400362549857969,0.411334148343141,0.588665851656859,0.411334148343141,0.411334148343141,"all","linear"
"1922",15,0.4,0.479965471085961,"Exp1","mixed","IP",0,0.525947592846494,0.0853435967918477,0.525497510523356,0.432235225860968,0,1.03959348526728,0.432235225860968,0.567764774139032,0.432235225860968,0.432235225860968,"all","linear"
"1923",15,2.01815139660892,1.95056227947498,"Exp1","mixed","IP",0,1.93610812467345,0.325765982453215,1.93522509190257,0.333014127417175,0,-0.297061113933024,0.333014127417175,0.666985872582825,0.333014127417175,0.333014127417175,"all","linear"
"1924",15,1.2,1.22824195159137,"Exp1","mixed","IP",0,1.28775846587063,0.223782690720234,1.28499024160404,0.153026739843635,0,0.0797360899505881,0.153026739843635,0.846973260156365,0.153026739843635,0.153026739843635,"all","linear"
"1925",15,0.475682846001088,0.521163429934859,"Exp1","mixed","IP",0,0.587400826052409,0.0893810990527869,0.586954799033314,0.517578605354392,0,0.994733102015932,0.517578605354392,0.482421394645608,0.517578605354392,0.517578605354392,"all","linear"
"1926",15,0.4,0.459282104432532,"Exp1","mixed","IP",0,0.525947592846494,0.0853435967918477,0.525424557362038,0.432235225860968,0,1.04113466964713,0.432235225860968,0.567764774139032,0.432235225860968,0.432235225860968,"all","linear"
"1927",15,1.42704853800327,1.5749326318055,"Exp1","mixed","IP",0,1.49710747158885,0.255538528566409,1.49631795586277,0.202491632184304,0,-0.0545224561517052,0.202491632184304,0.797508367815696,0.202491632184304,0.202491632184304,"all","linear"
"1928",15,2.01815139660892,1.85648694263273,"Exp1","mixed","IP",0,1.93610812467345,0.325765982453215,1.93583930937996,0.333014127417175,0,-0.295250600817337,0.333014127417175,0.666985872582825,0.333014127417175,0.333014127417175,"all","linear"
"1929",15,0.4,0.593315832893495,"Exp1","mixed","IP",0,0.525947592846494,0.0853435967918477,0.526364824063265,0.432235225860968,0,1.0456677295934,0.432235225860968,0.567764774139032,0.432235225860968,0.432235225860968,"all","linear"
"1930",15,0.565685424949238,0.521769809760372,"Exp1","mixed","IP",0,0.64151924379103,0.0932086585304429,0.642318706627527,0.601920375389691,0,0.951285535227126,0.601920375389691,0.398079624610309,0.601920375389691,0.601920375389691,"all","linear"
"1931",15,1.69705627484772,1.46030041476206,"Exp1","mixed","IP",0,1.71686712122725,0.289852863439879,1.71957699107315,0.262701667136572,0,-0.179668223024698,0.262701667136572,0.737298332863428,0.262701667136572,0.262701667136572,"all","linear"
"1932",15,0.8,0.853778999850874,"Exp1","mixed","IP",0,0.718901802163419,0.0996103153751029,0.718592644423913,0.750364861665431,0,0.887460900729554,0.750364861665431,0.249635138334569,0.750364861665431,0.750364861665431,"all","linear"
"1933",15,2.01815139660892,1.54395062497497,"Exp1","mixed","IP",0,1.93610812467345,0.325765982453215,1.93583457609556,0.333014127417175,0,-0.288046607920341,0.333014127417175,0.666985872582825,0.333014127417175,0.333014127417175,"all","linear"
"1934",15,0.672717132202972,0.782555800347836,"Exp1","mixed","IP",0,0.685709077402017,0.0966538249224564,0.686650809682651,0.680665745607781,0,0.921550066463288,0.680665745607781,0.319334254392219,0.680665745607781,0.680665745607781,"all","linear"
"1935",15,0.8,0.750893032106433,"Exp1","mixed","IP",0,0.718901802163419,0.0996103153751029,0.718297087681243,0.750364861665431,0,0.888643526668292,0.750364861665431,0.249635138334569,0.750364861665431,0.750364861665431,"all","linear"
"1936",15,1.69705627484772,1.90834185700987,"Exp1","mixed","IP",0,1.71686712122725,0.289852863439879,1.71640922691523,0.262701667136572,0,-0.184392399176186,0.262701667136572,0.737298332863428,0.262701667136572,0.262701667136572,"all","linear"
"1937",15,2.4,1.29365734631392,"Exp1","mixed","IP",0,2.14126742495827,0.362026857385615,2.13974385123388,0.411334148343141,0,-0.401336396589668,0.411334148343141,0.588665851656859,0.411334148343141,0.411334148343141,"all","linear"
"1938",15,0.672717132202972,0.74084170126207,"Exp1","mixed","IP",0,0.685709077402017,0.0966538249224564,0.686232116174792,0.680665745607781,0,0.920876611595479,0.680665745607781,0.319334254392219,0.680665745607781,0.680665745607781,"all","linear"
"1939",15,0.565685424949238,0.928532115287453,"Exp1","mixed","IP",0,0.64151924379103,0.0932086585304429,0.640854361182857,0.601920375389691,0,0.961757382728576,0.601920375389691,0.398079624610309,0.601920375389691,0.601920375389691,"all","linear"
"1940",15,1.2,1.5508556525283,"Exp1","mixed","IP",0,1.28775846587063,0.223782690720234,1.28766897789326,0.153026739843635,0,0.0839433992491491,0.153026739843635,0.846973260156365,0.153026739843635,0.153026739843635,"all","linear"
"1941",15,1.69705627484772,1.73161725199679,"Exp1","mixed","IP",0,1.71686712122725,0.289852863439879,1.71784735913145,0.262701667136572,0,-0.178422021398358,0.262701667136572,0.737298332863428,0.262701667136572,0.262701667136572,"all","linear"
"1942",15,1.42704853800327,1.63771559804445,"Exp1","mixed","IP",0,1.49710747158885,0.255538528566409,1.49546465303786,0.202491632184304,0,-0.0510760546784494,0.202491632184304,0.797508367815696,0.202491632184304,0.202491632184304,"all","linear"
"1943",15,0.475682846001088,0.55316676766688,"Exp1","mixed","IP",0,0.587400826052409,0.0893810990527869,0.587272821933817,0.517578605354392,0,0.993404304689417,0.517578605354392,0.482421394645608,0.517578605354392,0.517578605354392,"all","linear"
"1944",15,0.565685424949238,0.60515081149515,"Exp1","mixed","IP",0,0.64151924379103,0.0932086585304429,0.641021519855055,0.601920375389691,0,0.961409859368769,0.601920375389691,0.398079624610309,0.601920375389691,0.601920375389691,"all","linear"
"1945",15,1.2,1.24145582130313,"Exp1","mixed","IP",0,1.28775846587063,0.223782690720234,1.28906133270767,0.153026739843635,0,0.087184698836646,0.153026739843635,0.846973260156365,0.153026739843635,0.153026739843635,"all","linear"
"1946",15,2.01815139660892,1.75243352381767,"Exp1","mixed","IP",0,1.93610812467345,0.325765982453215,1.9351404534638,0.333014127417175,0,-0.291817724208451,0.333014127417175,0.666985872582825,0.333014127417175,0.333014127417175,"all","linear"
"1947",15,1.42704853800327,1.12668465794832,"Exp1","mixed","IP",0,1.49710747158885,0.255538528566409,1.49797497259898,0.202491632184304,0,-0.0532540937038953,0.202491632184304,0.797508367815696,0.202491632184304,0.202491632184304,"all","linear"
"1948",15,0.565685424949238,0.511291067979073,"Exp1","mixed","IP",0,0.64151924379103,0.0932086585304429,0.642582469149474,0.601920375389691,0,0.955759304556768,0.601920375389691,0.398079624610309,0.601920375389691,0.601920375389691,"all","linear"
"1949",15,1.42704853800327,1.28304079093596,"Exp1","mixed","IP",0,1.49710747158885,0.255538528566409,1.49504932341608,0.202491632184304,0,-0.0573857304452383,0.202491632184304,0.797508367815696,0.202491632184304,0.202491632184304,"all","linear"
"1950",15,0.4,0.617024302388927,"Exp1","mixed","IP",0,0.525947592846494,0.0853435967918477,0.525862308225609,0.432235225860968,0,1.05140763831002,0.432235225860968,0.567764774139032,0.432235225860968,0.432235225860968,"all","linear"
"1951",15,0.475682846001088,0.716339954049545,"Exp1","mixed","IP",0,0.587400826052409,0.0893810990527869,0.588133692504357,0.517578605354392,0,0.996961571492981,0.517578605354392,0.482421394645608,0.517578605354392,0.517578605354392,"all","linear"
"1952",15,0.8,1.08500265243947,"Exp1","mixed","IP",0,0.718901802163419,0.0996103153751029,0.719335883086279,0.750364861665431,0,0.89234858301443,0.750364861665431,0.249635138334569,0.750364861665431,0.750364861665431,"all","linear"
"1953",15,2.4,2.19032131334461,"Exp1","mixed","IP",0,2.14126742495827,0.362026857385615,2.14213495482162,0.411334148343141,0,-0.405210133887948,0.411334148343141,0.588665851656859,0.411334148343141,0.411334148343141,"all","linear"
"1954",15,0.565685424949238,0.677286978880147,"Exp1","mixed","IP",0,0.64151924379103,0.0932086585304429,0.641180301964429,0.601920375389691,0,0.957877823865232,0.601920375389691,0.398079624610309,0.601920375389691,0.601920375389691,"all","linear"
"1955",15,1.42704853800327,1.26161058785965,"Exp1","mixed","IP",0,1.49710747158885,0.255538528566409,1.49585873568267,0.202491632184304,0,-0.0546148111682649,0.202491632184304,0.797508367815696,0.202491632184304,0.202491632184304,"all","linear"
"1956",15,0.8,0.772067619279369,"Exp1","mixed","IP",0,0.718901802163419,0.0996103153751029,0.719113548070985,0.750364861665431,0,0.890735996692161,0.750364861665431,0.249635138334569,0.750364861665431,0.750364861665431,"all","linear"
"1957",15,2.01815139660892,2.0208264473722,"Exp1","mixed","IP",0,1.93610812467345,0.325765982453215,1.93530630750237,0.333014127417175,0,-0.296877885622044,0.333014127417175,0.666985872582825,0.333014127417175,0.333014127417175,"all","linear"
"1958",15,0.475682846001088,0.532188895244872,"Exp1","mixed","IP",0,0.587400826052409,0.0893810990527869,0.587171144651771,0.517578605354392,0,0.995642676603684,0.517578605354392,0.482421394645608,0.517578605354392,0.517578605354392,"all","linear"
"1959",15,0.475682846001088,0.396563325347415,"Exp1","mixed","IP",0,0.587400826052409,0.0893810990527869,0.587639956861827,0.517578605354392,0,0.993060313351451,0.517578605354392,0.482421394645608,0.517578605354392,0.517578605354392,"all","linear"
"1960",15,0.8,0.720030715440771,"Exp1","mixed","IP",0,0.718901802163419,0.0996103153751029,0.719425071617852,0.750364861665431,0,0.884949320779629,0.750364861665431,0.249635138334569,0.750364861665431,0.750364861665431,"all","linear"
"1961",15,1.2,1.05353810923498,"Exp1","mixed","IP",0,1.28775846587063,0.223782690720234,1.28701758582972,0.153026739843635,0,0.0775460429597811,0.153026739843635,0.846973260156365,0.153026739843635,0.153026739843635,"all","linear"
"1962",15,2.4,2.71903203882903,"Exp1","mixed","IP",0,2.14126742495827,0.362026857385615,2.13886847198985,0.411334148343141,0,-0.395998481661322,0.411334148343141,0.588665851656859,0.411334148343141,0.411334148343141,"all","linear"
"1963",15,1.69705627484772,1.56458415219186,"Exp1","mixed","IP",0,1.71686712122725,0.289852863439879,1.7153097722499,0.262701667136572,0,-0.180538199232322,0.262701667136572,0.737298332863428,0.262701667136572,0.262701667136572,"all","linear"
"1964",15,0.565685424949238,0.688606194815293,"Exp1","mixed","IP",0,0.64151924379103,0.0932086585304429,0.641503238427635,0.601920375389691,0,0.955075815371047,0.601920375389691,0.398079624610309,0.601920375389691,0.601920375389691,"all","linear"
"1965",15,1.2,1.67469985897696,"Exp1","mixed","IP",0,1.28775846587063,0.223782690720234,1.28730933010684,0.153026739843635,0,0.0786420744659547,0.153026739843635,0.846973260156365,0.153026739843635,0.153026739843635,"all","linear"
"1966",15,1.2,1.0844177941899,"Exp1","mixed","IP",0,1.28775846587063,0.223782690720234,1.28803893841433,0.153026739843635,0,0.0801286082536164,0.153026739843635,0.846973260156365,0.153026739843635,0.153026739843635,"all","linear"
"1967",15,0.8,0.928491337564992,"Exp1","mixed","IP",0,0.718901802163419,0.0996103153751029,0.718654485706653,0.750364861665431,0,0.89276770177304,0.750364861665431,0.249635138334569,0.750364861665431,0.750364861665431,"all","linear"
"1968",15,0.672717132202972,0.748999888616709,"Exp1","mixed","IP",0,0.685709077402017,0.0966538249224564,0.685325720683585,0.680665745607781,0,0.913080589483169,0.680665745607781,0.319334254392219,0.680665745607781,0.680665745607781,"all","linear"
"1969",15,0.4,0.374654361610737,"Exp1","mixed","IP",0,0.525947592846494,0.0853435967918477,0.525600746601142,0.432235225860968,0,1.04308494029527,0.432235225860968,0.567764774139032,0.432235225860968,0.432235225860968,"all","linear"
"1970",15,1.69705627484772,1.08162300996264,"Exp1","mixed","IP",0,1.71686712122725,0.289852863439879,1.71810986583781,0.262701667136572,0,-0.178007696916706,0.262701667136572,0.737298332863428,0.262701667136572,0.262701667136572,"all","linear"
"1971",15,0.672717132202972,0.58435341824952,"Exp1","mixed","IP",0,0.685709077402017,0.0966538249224564,0.686697842116128,0.680665745607781,0,0.921891205565972,0.680665745607781,0.319334254392219,0.680665745607781,0.680665745607781,"all","linear"
"1972",15,2.01815139660892,1.22717682239545,"Exp1","mixed","IP",0,1.93610812467345,0.325765982453215,1.93529335621055,0.333014127417175,0,-0.299712699277139,0.333014127417175,0.666985872582825,0.333014127417175,0.333014127417175,"all","linear"
"1973",15,0.475682846001088,0.686548807723739,"Exp1","mixed","IP",0,0.587400826052409,0.0893810990527869,0.587337893546588,0.517578605354392,0,0.99163568586519,0.517578605354392,0.482421394645608,0.517578605354392,0.517578605354392,"all","linear"
"1974",15,1.42704853800327,1.12362406338616,"Exp1","mixed","IP",0,1.49710747158885,0.255538528566409,1.49840601833748,0.202491632184304,0,-0.0546029706714725,0.202491632184304,0.797508367815696,0.202491632184304,0.202491632184304,"all","linear"
"1975",15,1.42704853800327,0.843927026756319,"Exp1","mixed","IP",0,1.49710747158885,0.255538528566409,1.4971311520593,0.202491632184304,0,-0.0536525453520001,0.202491632184304,0.797508367815696,0.202491632184304,0.202491632184304,"all","linear"
"1976",15,0.4,0.520124353172832,"Exp1","mixed","IP",0,0.525947592846494,0.0853435967918477,0.525440484531816,0.432235225860968,0,1.04429297125771,0.432235225860968,0.567764774139032,0.432235225860968,0.432235225860968,"all","linear"
"1977",15,0.8,0.646859247009161,"Exp1","mixed","IP",0,0.718901802163419,0.0996103153751029,0.718968044820839,0.750364861665431,0,0.891096935301721,0.750364861665431,0.249635138334569,0.750364861665431,0.750364861665431,"all","linear"
"1978",15,1.42704853800327,0.970395355115215,"Exp1","mixed","IP",0,1.49710747158885,0.255538528566409,1.49779634511763,0.202491632184304,0,-0.0599813978480103,0.202491632184304,0.797508367815696,0.202491632184304,0.202491632184304,"all","linear"
"1979",15,1.69705627484772,1.47094302257301,"Exp1","mixed","IP",0,1.71686712122725,0.289852863439879,1.71838299116667,0.262701667136572,0,-0.184296851479777,0.262701667136572,0.737298332863428,0.262701667136572,0.262701667136572,"all","linear"
"1980",15,0.672717132202972,0.593994328875851,"Exp1","mixed","IP",0,0.685709077402017,0.0966538249224564,0.685143101597349,0.680665745607781,0,0.922355863824049,0.680665745607781,0.319334254392219,0.680665745607781,0.680665745607781,"all","linear"
"1981",15,0.565685424949238,0.624411866317132,"Exp1","mixed","IP",0,0.64151924379103,0.0932086585304429,0.64089602915516,0.601920375389691,0,0.95792214168747,0.601920375389691,0.398079624610309,0.601920375389691,0.601920375389691,"all","linear"
"1982",15,1.2,1.56137819260221,"Exp1","mixed","IP",0,1.28775846587063,0.223782690720234,1.28770604898268,0.153026739843635,0,0.0820647050316005,0.153026739843635,0.846973260156365,0.153026739843635,0.153026739843635,"all","linear"
"1983",15,0.4,0.510069246612147,"Exp1","mixed","IP",0,0.525947592846494,0.0853435967918477,0.525745570983806,0.432235225860968,0,1.04242479352606,0.432235225860968,0.567764774139032,0.432235225860968,0.432235225860968,"all","linear"
"1984",15,0.565685424949238,0.686666987601711,"Exp1","mixed","IP",0,0.64151924379103,0.0932086585304429,0.640731345482068,0.601920375389691,0,0.955687444184681,0.601920375389691,0.398079624610309,0.601920375389691,0.601920375389691,"all","linear"
"1985",15,0.475682846001088,0.645035954245031,"Exp1","mixed","IP",0,0.587400826052409,0.0893810990527869,0.5876998164231,0.517578605354392,0,0.997580583980691,0.517578605354392,0.482421394645608,0.517578605354392,0.517578605354392,"all","linear"
"1986",15,2.4,2.25949052389933,"Exp1","mixed","IP",0,2.14126742495827,0.362026857385615,2.14100630225055,0.411334148343141,0,-0.399913887039178,0.411334148343141,0.588665851656859,0.411334148343141,0.411334148343141,"all","linear"
"1987",15,0.672717132202972,0.603525366196664,"Exp1","mixed","IP",0,0.685709077402017,0.0966538249224564,0.685495048211021,0.680665745607781,0,0.914125262278817,0.680665745607781,0.319334254392219,0.680665745607781,0.680665745607781,"all","linear"
"1988",15,2.4,2.23206486300751,"Exp1","mixed","IP",0,2.14126742495827,0.362026857385615,2.13965549350387,0.411334148343141,0,-0.396775312670138,0.411334148343141,0.588665851656859,0.411334148343141,0.411334148343141,"all","linear"
"1989",15,0.4,0.968526753772494,"Exp1","mixed","IP",0,0.525947592846494,0.0853435967918477,0.525960418936165,0.432235225860968,0,1.0440146456171,0.432235225860968,0.567764774139032,0.432235225860968,0.432235225860968,"all","linear"
"1990",15,0.8,0.667814465141419,"Exp1","mixed","IP",0,0.718901802163419,0.0996103153751029,0.718985700809777,0.750364861665431,0,0.885230408884883,0.750364861665431,0.249635138334569,0.750364861665431,0.750364861665431,"all","linear"
"1991",15,0.4,0.480229015991426,"Exp1","mixed","IP",0,0.525947592846494,0.0853435967918477,0.525887821870135,0.432235225860968,0,1.05054210735026,0.432235225860968,0.567764774139032,0.432235225860968,0.432235225860968,"all","linear"
"1992",15,0.475682846001088,0.605450980835485,"Exp1","mixed","IP",0,0.587400826052409,0.0893810990527869,0.587698811654666,0.517578605354392,0,0.998694740162355,0.517578605354392,0.482421394645608,0.517578605354392,0.517578605354392,"all","linear"
"1993",15,1.69705627484772,1.57515049055928,"Exp1","mixed","IP",0,1.71686712122725,0.289852863439879,1.71871202761427,0.262701667136572,0,-0.176510179873286,0.262701667136572,0.737298332863428,0.262701667136572,0.262701667136572,"all","linear"
"1994",15,0.672717132202972,0.947049731829793,"Exp1","mixed","IP",0,0.685709077402017,0.0966538249224564,0.684988389347841,0.680665745607781,0,0.91868891287481,0.680665745607781,0.319334254392219,0.680665745607781,0.680665745607781,"all","linear"
"1995",15,0.672717132202972,1.03281018914458,"Exp1","mixed","IP",0,0.685709077402017,0.0966538249224564,0.685587822855473,0.680665745607781,0,0.922109650074827,0.680665745607781,0.319334254392219,0.680665745607781,0.680665745607781,"all","linear"
"1996",15,0.565685424949238,0.803246718431183,"Exp1","mixed","IP",0,0.64151924379103,0.0932086585304429,0.641980026993815,0.601920375389691,0,0.955993619784391,0.601920375389691,0.398079624610309,0.601920375389691,0.601920375389691,"all","linear"
"1997",15,0.8,0.646933251023256,"Exp1","mixed","IP",0,0.718901802163419,0.0996103153751029,0.719183461060193,0.750364861665431,0,0.896007348027421,0.750364861665431,0.249635138334569,0.750364861665431,0.750364861665431,"all","linear"
"1998",15,1.42704853800327,0.99104323004849,"Exp1","mixed","IP",0,1.49710747158885,0.255538528566409,1.49769713935559,0.202491632184304,0,-0.0537860282789575,0.202491632184304,0.797508367815696,0.202491632184304,0.202491632184304,"all","linear"
"1999",15,0.8,0.728905911069887,"Exp1","mixed","IP",0,0.718901802163419,0.0996103153751029,0.718641421385143,0.750364861665431,0,0.889425604227976,0.750364861665431,0.249635138334569,0.750364861665431,0.750364861665431,"all","linear"
"2000",15,0.475682846001088,0.64498611480758,"Exp1","mixed","IP",0,0.587400826052409,0.0893810990527869,0.587043092731938,0.517578605354392,0,1.00567089037751,0.517578605354392,0.482421394645608,0.517578605354392,0.517578605354392,"all","linear"
"2001",15,0.475682846001088,0.593497822356767,"Exp1","mixed","IP",0,0.587400826052409,0.0893810990527869,0.586936625527418,0.517578605354392,0,0.998004243148401,0.517578605354392,0.482421394645608,0.517578605354392,0.517578605354392,"all","linear"
"2002",15,0.8,0.626032780756759,"Exp1","mixed","IP",0,0.718901802163419,0.0996103153751029,0.718300887569489,0.750364861665431,0,0.886853477892652,0.750364861665431,0.249635138334569,0.750364861665431,0.750364861665431,"all","linear"
"2003",15,0.565685424949238,0.594888418182563,"Exp1","mixed","IP",0,0.64151924379103,0.0932086585304429,0.642051430659679,0.601920375389691,0,0.952854418845379,0.601920375389691,0.398079624610309,0.601920375389691,0.601920375389691,"all","linear"
"2004",15,0.4,0.605288247520548,"Exp1","mixed","IP",0,0.525947592846494,0.0853435967918477,0.526041174646593,0.432235225860968,0,1.04571357707588,0.432235225860968,0.567764774139032,0.432235225860968,0.432235225860968,"all","linear"
"2005",15,2.01815139660892,2.00248402400575,"Exp1","mixed","IP",0,1.93610812467345,0.325765982453215,1.93418530335345,0.333014127417175,0,-0.294687492239168,0.333014127417175,0.666985872582825,0.333014127417175,0.333014127417175,"all","linear"
"2006",15,1.42704853800327,1.36649353125631,"Exp1","mixed","IP",0,1.49710747158885,0.255538528566409,1.49428149012711,0.202491632184304,0,-0.0502964777502085,0.202491632184304,0.797508367815696,0.202491632184304,0.202491632184304,"all","linear"
"2007",15,2.01815139660892,1.57485447450563,"Exp1","mixed","IP",0,1.93610812467345,0.325765982453215,1.93522162329351,0.333014127417175,0,-0.299204665687355,0.333014127417175,0.666985872582825,0.333014127417175,0.333014127417175,"all","linear"
"2008",15,1.69705627484772,1.46022187989001,"Exp1","mixed","IP",0,1.71686712122725,0.289852863439879,1.71555396625631,0.262701667136572,0,-0.182822791897076,0.262701667136572,0.737298332863428,0.262701667136572,0.262701667136572,"all","linear"
"2009",15,2.4,1.91901240511106,"Exp1","mixed","IP",0,2.14126742495827,0.362026857385615,2.1405306708769,0.411334148343141,0,-0.39744844766089,0.411334148343141,0.588665851656859,0.411334148343141,0.411334148343141,"all","linear"
"2010",15,1.2,1.40817591433643,"Exp1","mixed","IP",0,1.28775846587063,0.223782690720234,1.28861962156351,0.153026739843635,0,0.0832227092905868,0.153026739843635,0.846973260156365,0.153026739843635,0.153026739843635,"all","linear"
"2011",15,1.2,1.58535209486126,"Exp1","mixed","IP",0,1.28775846587063,0.223782690720234,1.28819036889367,0.153026739843635,0,0.0810516929054206,0.153026739843635,0.846973260156365,0.153026739843635,0.153026739843635,"all","linear"
"2012",15,1.69705627484772,1.38731244607698,"Exp1","mixed","IP",0,1.71686712122725,0.289852863439879,1.71873628126351,0.262701667136572,0,-0.178020577321815,0.262701667136572,0.737298332863428,0.262701667136572,0.262701667136572,"all","linear"
"2013",15,2.01815139660892,1.17599096471349,"Exp1","mixed","IP",0,1.93610812467345,0.325765982453215,1.93684275097368,0.333014127417175,0,-0.292295279239881,0.333014127417175,0.666985872582825,0.333014127417175,0.333014127417175,"all","linear"
"2014",15,0.475682846001088,0.709327318619216,"Exp1","mixed","IP",0,0.587400826052409,0.0893810990527869,0.587944254525339,0.517578605354392,0,1.00029954032681,0.517578605354392,0.482421394645608,0.517578605354392,0.517578605354392,"all","linear"
"2015",15,2.4,1.35273482587309,"Exp1","mixed","IP",0,2.14126742495827,0.362026857385615,2.13909816967356,0.411334148343141,0,-0.399692883199915,0.411334148343141,0.588665851656859,0.411334148343141,0.411334148343141,"all","linear"
"2016",15,1.69705627484772,1.5392079493904,"Exp1","mixed","IP",0,1.71686712122725,0.289852863439879,1.71820455719464,0.262701667136572,0,-0.177644701784129,0.262701667136572,0.737298332863428,0.262701667136572,0.262701667136572,"all","linear"
"2017",15,2.01815139660892,1.78892014551548,"Exp1","mixed","IP",0,1.93610812467345,0.325765982453215,1.93195701390224,0.333014127417175,0,-0.297757103978195,0.333014127417175,0.666985872582825,0.333014127417175,0.333014127417175,"all","linear"
"2018",15,2.4,2.42377414805742,"Exp1","mixed","IP",0,2.14126742495827,0.362026857385615,2.13963224043334,0.411334148343141,0,-0.396170870939418,0.411334148343141,0.588665851656859,0.411334148343141,0.411334148343141,"all","linear"
"2019",15,0.4,0.468508063982881,"Exp1","mixed","IP",0,0.525947592846494,0.0853435967918477,0.526361929354691,0.432235225860968,0,1.04527890029137,0.432235225860968,0.567764774139032,0.432235225860968,0.432235225860968,"all","linear"
"2020",15,0.672717132202972,0.636550034831089,"Exp1","mixed","IP",0,0.685709077402017,0.0966538249224564,0.686005204824876,0.680665745607781,0,0.917192103874488,0.680665745607781,0.319334254392219,0.680665745607781,0.680665745607781,"all","linear"
"2021",15,1.2,1.02016796268072,"Exp1","mixed","IP",0,1.28775846587063,0.223782690720234,1.28761266534182,0.153026739843635,0,0.0799956470379228,0.153026739843635,0.846973260156365,0.153026739843635,0.153026739843635,"all","linear"
"2022",15,2.4,1.93716755301557,"Exp1","mixed","IP",0,2.14126742495827,0.362026857385615,2.13970884232326,0.411334148343141,0,-0.401886318762083,0.411334148343141,0.588665851656859,0.411334148343141,0.411334148343141,"all","linear"
"2023",15,1.42704853800327,1.59266074634525,"Exp1","mixed","IP",0,1.49710747158885,0.255538528566409,1.49600469324366,0.202491632184304,0,-0.0463359221657278,0.202491632184304,0.797508367815696,0.202491632184304,0.202491632184304,"all","linear"
"2024",15,0.4,0.511409247857955,"Exp1","mixed","IP",0,0.525947592846494,0.0853435967918477,0.526250773815426,0.432235225860968,0,1.04819148393129,0.432235225860968,0.567764774139032,0.432235225860968,0.432235225860968,"all","linear"
"2025",15,0.565685424949238,0.728484918849972,"Exp1","mixed","IP",0,0.64151924379103,0.0932086585304429,0.642474618883821,0.601920375389691,0,0.95328750508178,0.601920375389691,0.398079624610309,0.601920375389691,0.601920375389691,"all","linear"
"2026",15,0.8,0.824522494765915,"Exp1","mixed","IP",0,0.718901802163419,0.0996103153751029,0.718147220982825,0.750364861665431,0,0.889245342445963,0.750364861665431,0.249635138334569,0.750364861665431,0.750364861665431,"all","linear"
"2027",15,1.69705627484772,1.87542592896716,"Exp1","mixed","IP",0,1.71686712122725,0.289852863439879,1.71660330524134,0.262701667136572,0,-0.173298277869106,0.262701667136572,0.737298332863428,0.262701667136572,0.262701667136572,"all","linear"
"2028",15,1.42704853800327,1.08477157868219,"Exp1","mixed","IP",0,1.49710747158885,0.255538528566409,1.49735411242117,0.202491632184304,0,-0.054391274200967,0.202491632184304,0.797508367815696,0.202491632184304,0.202491632184304,"all","linear"
"2029",15,1.69705627484772,0.959533000692318,"Exp1","mixed","IP",0,1.71686712122725,0.289852863439879,1.71843152252386,0.262701667136572,0,-0.186838263343315,0.262701667136572,0.737298332863428,0.262701667136572,0.262701667136572,"all","linear"
"2030",15,0.4,0.845832630106088,"Exp1","mixed","IP",0,0.525947592846494,0.0853435967918477,0.526242518375519,0.432235225860968,0,1.04682976850497,0.432235225860968,0.567764774139032,0.432235225860968,0.432235225860968,"all","linear"
"2031",15,2.4,1.83210790615885,"Exp1","mixed","IP",0,2.14126742495827,0.362026857385615,2.13944411344133,0.411334148343141,0,-0.402258847015076,0.411334148343141,0.588665851656859,0.411334148343141,0.411334148343141,"all","linear"
"2032",15,0.565685424949238,0.582581475208826,"Exp1","mixed","IP",0,0.64151924379103,0.0932086585304429,0.641424234064652,0.601920375389691,0,0.958404802521785,0.601920375389691,0.398079624610309,0.601920375389691,0.601920375389691,"all","linear"
"2033",15,0.672717132202972,0.646971385744109,"Exp1","mixed","IP",0,0.685709077402017,0.0966538249224564,0.685382301054321,0.680665745607781,0,0.921069868326159,0.680665745607781,0.319334254392219,0.680665745607781,0.680665745607781,"all","linear"
"2034",15,1.42704853800327,1.56453884361144,"Exp1","mixed","IP",0,1.49710747158885,0.255538528566409,1.49678673855206,0.202491632184304,0,-0.0564112602861139,0.202491632184304,0.797508367815696,0.202491632184304,0.202491632184304,"all","linear"
"2035",15,1.2,1.25850204171729,"Exp1","mixed","IP",0,1.28775846587063,0.223782690720234,1.28877065525596,0.153026739843635,0,0.0780376512215931,0.153026739843635,0.846973260156365,0.153026739843635,0.153026739843635,"all","linear"
"2036",15,0.4,0.448693111774446,"Exp1","mixed","IP",0,0.525947592846494,0.0853435967918477,0.526342592839424,0.432235225860968,0,1.0484269632924,0.432235225860968,0.567764774139032,0.432235225860968,0.432235225860968,"all","linear"
"2037",15,2.4,2.13484964159034,"Exp1","mixed","IP",0,2.14126742495827,0.362026857385615,2.14369280136337,0.411334148343141,0,-0.399648786182046,0.411334148343141,0.588665851656859,0.411334148343141,0.411334148343141,"all","linear"
"2038",15,0.475682846001088,0.530671057823383,"Exp1","mixed","IP",0,0.587400826052409,0.0893810990527869,0.587757521731665,0.517578605354392,0,1.00124618209223,0.517578605354392,0.482421394645608,0.517578605354392,0.517578605354392,"all","linear"
"2039",15,2.01815139660892,2.12754250039143,"Exp1","mixed","IP",0,1.93610812467345,0.325765982453215,1.93613004929107,0.333014127417175,0,-0.286487589845911,0.333014127417175,0.666985872582825,0.333014127417175,0.333014127417175,"all","linear"
"2040",15,0.565685424949238,0.603283720438412,"Exp1","mixed","IP",0,0.64151924379103,0.0932086585304429,0.641563829968883,0.601920375389691,0,0.952431364667757,0.601920375389691,0.398079624610309,0.601920375389691,0.601920375389691,"all","linear"
"2041",15,1.2,1.12309055486003,"Exp1","mixed","IP",0,1.28775846587063,0.223782690720234,1.28669685612362,0.153026739843635,0,0.0810806060330329,0.153026739843635,0.846973260156365,0.153026739843635,0.153026739843635,"all","linear"
"2042",15,0.475682846001088,0.66687619996901,"Exp1","mixed","IP",0,0.587400826052409,0.0893810990527869,0.586783222303464,0.517578605354392,0,0.995135064410919,0.517578605354392,0.482421394645608,0.517578605354392,0.517578605354392,"all","linear"
"2043",15,0.565685424949238,0.676856169800885,"Exp1","mixed","IP",0,0.64151924379103,0.0932086585304429,0.641625345399242,0.601920375389691,0,0.954942171057828,0.601920375389691,0.398079624610309,0.601920375389691,0.601920375389691,"all","linear"
"2044",15,0.672717132202972,0.645673294933658,"Exp1","mixed","IP",0,0.685709077402017,0.0966538249224564,0.686148668784647,0.680665745607781,0,0.919830072797841,0.680665745607781,0.319334254392219,0.680665745607781,0.680665745607781,"all","linear"
"2045",15,0.8,0.728472836562105,"Exp1","mixed","IP",0,0.718901802163419,0.0996103153751029,0.718728185674707,0.750364861665431,0,0.886518042213242,0.750364861665431,0.249635138334569,0.750364861665431,0.750364861665431,"all","linear"
"2046",15,2.01815139660892,1.06461228126773,"Exp1","mixed","IP",0,1.93610812467345,0.325765982453215,1.93351311340701,0.333014127417175,0,-0.293036176031234,0.333014127417175,0.666985872582825,0.333014127417175,0.333014127417175,"all","linear"
"2047",15,0.8,0.941604773259314,"Exp1","mixed","IP",0,0.718901802163419,0.0996103153751029,0.719085475090716,0.750364861665431,0,0.88422538556048,0.750364861665431,0.249635138334569,0.750364861665431,0.750364861665431,"all","linear"
"2048",15,1.2,1.33153645169659,"Exp1","mixed","IP",0,1.28775846587063,0.223782690720234,1.28763961033669,0.153026739843635,0,0.0747376572978126,0.153026739843635,0.846973260156365,0.153026739843635,0.153026739843635,"all","linear"
"2049",15,1.69705627484772,1.11614286172698,"Exp1","mixed","IP",0,1.71686712122725,0.289852863439879,1.71776617142,0.262701667136572,0,-0.177708742367093,0.262701667136572,0.737298332863428,0.262701667136572,0.262701667136572,"all","linear"
"2050",15,2.01815139660892,1.82521194032051,"Exp1","mixed","IP",0,1.93610812467345,0.325765982453215,1.93568900520653,0.333014127417175,0,-0.293266289279067,0.333014127417175,0.666985872582825,0.333014127417175,0.333014127417175,"all","linear"
"2051",15,1.69705627484772,1.34544580810689,"Exp1","mixed","IP",0,1.71686712122725,0.289852863439879,1.71766961846063,0.262701667136572,0,-0.183743797783182,0.262701667136572,0.737298332863428,0.262701667136572,0.262701667136572,"all","linear"
"2052",15,1.2,1.61658669702319,"Exp1","mixed","IP",0,1.28775846587063,0.223782690720234,1.28713181481068,0.153026739843635,0,0.0805569567840019,0.153026739843635,0.846973260156365,0.153026739843635,0.153026739843635,"all","linear"
"2053",15,2.01815139660892,1.94702934296856,"Exp1","mixed","IP",0,1.93610812467345,0.325765982453215,1.93552322431976,0.333014127417175,0,-0.295037230584051,0.333014127417175,0.666985872582825,0.333014127417175,0.333014127417175,"all","linear"
"2054",15,2.4,2.44415281451165,"Exp1","mixed","IP",0,2.14126742495827,0.362026857385615,2.14152526514308,0.411334148343141,0,-0.399434309265833,0.411334148343141,0.588665851656859,0.411334148343141,0.411334148343141,"all","linear"
"2055",15,0.475682846001088,0.437325944258191,"Exp1","mixed","IP",0,0.587400826052409,0.0893810990527869,0.587840554396986,0.517578605354392,0,0.991491139323466,0.517578605354392,0.482421394645608,0.517578605354392,0.517578605354392,"all","linear"
"2056",15,1.42704853800327,1.47052807149703,"Exp1","mixed","IP",0,1.49710747158885,0.255538528566409,1.49618457638076,0.202491632184304,0,-0.0490393631240411,0.202491632184304,0.797508367815696,0.202491632184304,0.202491632184304,"all","linear"
"2057",15,0.672717132202972,0.761421990896451,"Exp1","mixed","IP",0,0.685709077402017,0.0966538249224564,0.685462640903158,0.680665745607781,0,0.912063530781426,0.680665745607781,0.319334254392219,0.680665745607781,0.680665745607781,"all","linear"
"2058",16,0.8,0.574175896537781,"Exp1","mixed","IP",0,0.70227671545189,0.0781817210851205,0.701925027432399,0.806113141129126,0,1.12906890154503,0.806113141129126,0.193886858870874,0.806113141129126,0.806113141129126,"all","linear"
"2059",16,0.4,0.417572791193379,"Exp1","mixed","IP",0,0.54257219495324,0.0738049077462792,0.54253038651571,0.511945760198574,0,1.18959258591537,0.511945760198574,0.488054239801426,0.511945760198574,0.511945760198574,"all","linear"
"2060",16,1.2,1.01218567276192,"Exp1","mixed","IP",0,1.22260644959405,0.15425174140894,1.22235678787271,0.0577805987291147,0,0.443396656628474,0.0577805987291147,0.942219401270885,0.0577805987291147,0.0577805987291147,"all","linear"
"2061",16,0.565685424949238,0.699177690028591,"Exp1","mixed","IP",0,0.642057672078443,0.0762715246190345,0.64208643251917,0.676084685964326,0,1.15969163828204,0.676084685964326,0.323915314035674,0.676084685964326,0.676084685964326,"all","linear"
"2062",16,0.4,0.532347532496715,"Exp1","mixed","IP",0,0.54257219495324,0.0738049077462792,0.542985731589853,0.511945760198574,0,1.18882108390698,0.511945760198574,0.488054239801426,0.511945760198574,0.511945760198574,"all","linear"
"2063",16,0.4,0.448821068497637,"Exp1","mixed","IP",0,0.54257219495324,0.0738049077462792,0.542553272727595,0.511945760198574,0,1.18498644372003,0.511945760198574,0.488054239801426,0.511945760198574,0.511945760198574,"all","linear"
"2064",16,0.475682846001088,0.532285987435898,"Exp1","mixed","IP",0,0.596746540967958,0.075086487283624,0.596615101435627,0.596698561171596,0,1.17913965380795,0.596698561171596,0.403301438828404,0.596698561171596,0.596698561171596,"all","linear"
"2065",16,0.8,0.866081097510687,"Exp1","mixed","IP",0,0.70227671545189,0.0781817210851205,0.702840662665236,0.806113141129126,0,1.12539421981459,0.806113141129126,0.193886858870874,0.806113141129126,0.806113141129126,"all","linear"
"2066",16,2.4,2.23241504327416,"Exp1","mixed","IP",0,2.24278183951059,0.26591707144378,2.24159204308157,0.192909972660767,0,-0.0935052493311081,0.192909972660767,0.807090027339233,0.192909972660767,0.192909972660767,"all","linear"
"2067",16,0.475682846001088,0.396852494990526,"Exp1","mixed","IP",0,0.596746540967958,0.075086487283624,0.597105979535356,0.596698561171596,0,1.17210252221256,0.596698561171596,0.403301438828404,0.596698561171596,0.596698561171596,"all","linear"
"2068",16,1.69705627484772,1.10603924686984,"Exp1","mixed","IP",0,1.68534451959341,0.202728714022725,1.68455452230091,0.108313400273553,0,0.181161506728941,0.108313400273553,0.891686599726447,0.108313400273553,0.108313400273553,"all","linear"
"2069",16,2.01815139660892,1.80463911562219,"Exp1","mixed","IP",0,1.95535976301521,0.23257164948389,1.95531713145794,0.14570629102113,0,0.0436599036263116,0.14570629102113,0.85429370897887,0.14570629102113,0.14570629102113,"all","linear"
"2070",16,0.8,0.730485624508219,"Exp1","mixed","IP",0,0.70227671545189,0.0781817210851205,0.702176716179074,0.806113141129126,0,1.12784217927794,0.806113141129126,0.193886858870874,0.806113141129126,0.806113141129126,"all","linear"
"2071",16,0.672717132202972,0.991221084204881,"Exp1","mixed","IP",0,0.677194981015086,0.0773111526207455,0.676913377027937,0.746536405326011,0,1.14316388358386,0.746536405326011,0.253463594673989,0.746536405326011,0.746536405326011,"all","linear"
"2072",16,1.2,0.918301514915584,"Exp1","mixed","IP",0,1.22260644959405,0.15425174140894,1.22166694664698,0.0577805987291147,0,0.448168311515858,0.0577805987291147,0.942219401270885,0.0577805987291147,0.0577805987291147,"all","linear"
"2073",16,1.42704853800327,1.00179928305624,"Exp1","mixed","IP",0,1.44002321365678,0.176625400413164,1.43980622892482,0.0795004626697087,0,0.314831050003679,0.0795004626697087,0.920499537330291,0.0795004626697087,0.0795004626697087,"all","linear"
"2074",16,2.01815139660892,1.95120320215392,"Exp1","mixed","IP",0,1.95535976301521,0.23257164948389,1.95326729873845,0.14570629102113,0,0.0460721068744689,0.14570629102113,0.85429370897887,0.14570629102113,0.14570629102113,"all","linear"
"2075",16,0.8,0.845411019057792,"Exp1","mixed","IP",0,0.70227671545189,0.0781817210851205,0.702193225504187,0.806113141129126,0,1.13578455768228,0.806113141129126,0.193886858870874,0.806113141129126,0.806113141129126,"all","linear"
"2076",16,2.4,2.2225825591122,"Exp1","mixed","IP",0,2.24278183951059,0.26591707144378,2.24329445663792,0.192909972660767,0,-0.0921389435980589,0.192909972660767,0.807090027339233,0.192909972660767,0.192909972660767,"all","linear"
"2077",16,0.672717132202972,0.991543912588895,"Exp1","mixed","IP",0,0.677194981015086,0.0773111526207455,0.677034712433769,0.746536405326011,0,1.14079403246677,0.746536405326011,0.253463594673989,0.746536405326011,0.746536405326011,"all","linear"
"2078",16,1.42704853800327,1.33585831949495,"Exp1","mixed","IP",0,1.44002321365678,0.176625400413164,1.43990054925237,0.0795004626697087,0,0.313970917747928,0.0795004626697087,0.920499537330291,0.0795004626697087,0.0795004626697087,"all","linear"
"2079",16,1.42704853800327,1.02256715396834,"Exp1","mixed","IP",0,1.44002321365678,0.176625400413164,1.44173840927011,0.0795004626697087,0,0.321658516689122,0.0795004626697087,0.920499537330291,0.0795004626697087,0.0795004626697087,"all","linear"
"2080",16,0.565685424949238,0.782636190157064,"Exp1","mixed","IP",0,0.642057672078443,0.0762715246190345,0.642007597108951,0.676084685964326,0,1.15501783930287,0.676084685964326,0.323915314035674,0.676084685964326,0.676084685964326,"all","linear"
"2081",16,1.2,1.06447934011521,"Exp1","mixed","IP",0,1.22260644959405,0.15425174140894,1.22424632215627,0.0577805987291147,0,0.451389082901462,0.0577805987291147,0.942219401270885,0.0577805987291147,0.0577805987291147,"all","linear"
"2082",16,1.69705627484772,1.43984002059915,"Exp1","mixed","IP",0,1.68534451959341,0.202728714022725,1.68361447744792,0.108313400273553,0,0.183290636086774,0.108313400273553,0.891686599726447,0.108313400273553,0.108313400273553,"all","linear"
"2083",16,0.4,0.33426532188787,"Exp1","mixed","IP",0,0.54257219495324,0.0738049077462792,0.542534903477842,0.511945760198574,0,1.18666969505559,0.511945760198574,0.488054239801426,0.511945760198574,0.511945760198574,"all","linear"
"2084",16,0.565685424949238,0.678214611778458,"Exp1","mixed","IP",0,0.642057672078443,0.0762715246190345,0.642378778871958,0.676084685964326,0,1.15961894099657,0.676084685964326,0.323915314035674,0.676084685964326,0.676084685964326,"all","linear"
"2085",16,0.565685424949238,0.594898080624262,"Exp1","mixed","IP",0,0.642057672078443,0.0762715246190345,0.642240561357856,0.676084685964326,0,1.16009170991488,0.676084685964326,0.323915314035674,0.676084685964326,0.676084685964326,"all","linear"
"2086",16,2.4,2.11771090888033,"Exp1","mixed","IP",0,2.24278183951059,0.26591707144378,2.24328726192417,0.192909972660767,0,-0.0916780079795889,0.192909972660767,0.807090027339233,0.192909972660767,0.192909972660767,"all","linear"
"2087",16,2.01815139660892,1.95087961861645,"Exp1","mixed","IP",0,1.95535976301521,0.23257164948389,1.95590213179406,0.14570629102113,0,0.0379096195069839,0.14570629102113,0.85429370897887,0.14570629102113,0.14570629102113,"all","linear"
"2088",16,1.2,1.27312275860822,"Exp1","mixed","IP",0,1.22260644959405,0.15425174140894,1.22232340965965,0.0577805987291147,0,0.451569213542124,0.0577805987291147,0.942219401270885,0.0577805987291147,0.0577805987291147,"all","linear"
"2089",16,0.475682846001088,0.480248694904731,"Exp1","mixed","IP",0,0.596746540967958,0.075086487283624,0.597123925241813,0.596698561171596,0,1.1678729068602,0.596698561171596,0.403301438828404,0.596698561171596,0.596698561171596,"all","linear"
"2090",16,0.672717132202972,0.813978106572904,"Exp1","mixed","IP",0,0.677194981015086,0.0773111526207455,0.677573758772048,0.746536405326011,0,1.14056921588278,0.746536405326011,0.253463594673989,0.746536405326011,0.746536405326011,"all","linear"
"2091",16,2.01815139660892,1.80473048927161,"Exp1","mixed","IP",0,1.95535976301521,0.23257164948389,1.95819091942842,0.14570629102113,0,0.0407355547519901,0.14570629102113,0.85429370897887,0.14570629102113,0.14570629102113,"all","linear"
"2092",16,0.672717132202972,0.563595432224247,"Exp1","mixed","IP",0,0.677194981015086,0.0773111526207455,0.677334065118252,0.746536405326011,0,1.14303442312883,0.746536405326011,0.253463594673989,0.746536405326011,0.746536405326011,"all","linear"
"2093",16,0.565685424949238,0.46993064664639,"Exp1","mixed","IP",0,0.642057672078443,0.0762715246190345,0.642453347776015,0.676084685964326,0,1.15040452317665,0.676084685964326,0.323915314035674,0.676084685964326,0.676084685964326,"all","linear"
"2094",16,0.475682846001088,0.480317036352062,"Exp1","mixed","IP",0,0.596746540967958,0.075086487283624,0.597298746387032,0.596698561171596,0,1.16755129057424,0.596698561171596,0.403301438828404,0.596698561171596,0.596698561171596,"all","linear"
"2095",16,0.475682846001088,0.553278894272808,"Exp1","mixed","IP",0,0.596746540967958,0.075086487283624,0.596676771436751,0.596698561171596,0,1.17662842673404,0.596698561171596,0.403301438828404,0.596698561171596,0.596698561171596,"all","linear"
"2096",16,1.42704853800327,1.70061474830982,"Exp1","mixed","IP",0,1.44002321365678,0.176625400413164,1.43954891666345,0.0795004626697087,0,0.321967768189386,0.0795004626697087,0.920499537330291,0.0795004626697087,0.0795004626697087,"all","linear"
"2097",16,1.2,1.2518644151005,"Exp1","mixed","IP",0,1.22260644959405,0.15425174140894,1.22296413403474,0.0577805987291147,0,0.452704663912885,0.0577805987291147,0.942219401270885,0.0577805987291147,0.0577805987291147,"all","linear"
"2098",16,0.672717132202972,0.584452411319944,"Exp1","mixed","IP",0,0.677194981015086,0.0773111526207455,0.67741268144528,0.746536405326011,0,1.14337831747676,0.746536405326011,0.253463594673989,0.746536405326011,0.746536405326011,"all","linear"
"2099",16,0.672717132202972,0.907856600762898,"Exp1","mixed","IP",0,0.677194981015086,0.0773111526207455,0.67690223232087,0.746536405326011,0,1.1465977541189,0.746536405326011,0.253463594673989,0.746536405326011,0.746536405326011,"all","linear"
"2100",16,2.01815139660892,2.06553617830104,"Exp1","mixed","IP",0,1.95535976301521,0.23257164948389,1.95519395881596,0.14570629102113,0,0.0393097056029875,0.14570629102113,0.85429370897887,0.14570629102113,0.14570629102113,"all","linear"
"2101",16,0.4,0.438489427464447,"Exp1","mixed","IP",0,0.54257219495324,0.0738049077462792,0.542409151786747,0.511945760198574,0,1.19008685374085,0.511945760198574,0.488054239801426,0.511945760198574,0.511945760198574,"all","linear"
"2102",16,0.475682846001088,0.428021858690045,"Exp1","mixed","IP",0,0.596746540967958,0.075086487283624,0.597013993810646,0.596698561171596,0,1.17132975558801,0.596698561171596,0.403301438828404,0.596698561171596,0.596698561171596,"all","linear"
"2103",16,1.69705627484772,1.51269691209927,"Exp1","mixed","IP",0,1.68534451959341,0.202728714022725,1.68543757260399,0.108313400273553,0,0.187822592450482,0.108313400273553,0.891686599726447,0.108313400273553,0.108313400273553,"all","linear"
"2104",16,2.4,2.27406254790549,"Exp1","mixed","IP",0,2.24278183951059,0.26591707144378,2.24241932670992,0.192909972660767,0,-0.0935183598929084,0.192909972660767,0.807090027339233,0.192909972660767,0.192909972660767,"all","linear"
"2105",16,0.565685424949238,0.553179591506705,"Exp1","mixed","IP",0,0.642057672078443,0.0762715246190345,0.642309294624703,0.676084685964326,0,1.15367884214354,0.676084685964326,0.323915314035674,0.676084685964326,0.676084685964326,"all","linear"
"2106",16,1.69705627484772,1.63788296319399,"Exp1","mixed","IP",0,1.68534451959341,0.202728714022725,1.68530069885275,0.108313400273553,0,0.179235753074912,0.108313400273553,0.891686599726447,0.108313400273553,0.108313400273553,"all","linear"
"2107",16,2.4,2.31604156519279,"Exp1","mixed","IP",0,2.24278183951059,0.26591707144378,2.24405318574324,0.192909972660767,0,-0.0924590386588276,0.192909972660767,0.807090027339233,0.192909972660767,0.192909972660767,"all","linear"
"2108",16,0.475682846001088,0.636598446044445,"Exp1","mixed","IP",0,0.596746540967958,0.075086487283624,0.596864462423813,0.596698561171596,0,1.17210080682774,0.596698561171596,0.403301438828404,0.596698561171596,0.596698561171596,"all","linear"
"2109",16,1.2,1.13729696359951,"Exp1","mixed","IP",0,1.22260644959405,0.15425174140894,1.22300149857991,0.0577805987291147,0,0.453730595051807,0.0577805987291147,0.942219401270885,0.0577805987291147,0.0577805987291147,"all","linear"
"2110",16,2.4,2.20112221187628,"Exp1","mixed","IP",0,2.24278183951059,0.26591707144378,2.24288427059804,0.192909972660767,0,-0.0929694762334094,0.192909972660767,0.807090027339233,0.192909972660767,0.192909972660767,"all","linear"
"2111",16,1.2,0.949589060233848,"Exp1","mixed","IP",0,1.22260644959405,0.15425174140894,1.22146987999793,0.0577805987291147,0,0.448581248231042,0.0577805987291147,0.942219401270885,0.0577805987291147,0.0577805987291147,"all","linear"
"2112",16,0.672717132202972,0.740845961398009,"Exp1","mixed","IP",0,0.677194981015086,0.0773111526207455,0.67723092924067,0.746536405326011,0,1.13930506220046,0.746536405326011,0.253463594673989,0.746536405326011,0.746536405326011,"all","linear"
"2113",16,2.4,2.42024716949345,"Exp1","mixed","IP",0,2.24278183951059,0.26591707144378,2.24171552410092,0.192909972660767,0,-0.0898223566214233,0.192909972660767,0.807090027339233,0.192909972660767,0.192909972660767,"all","linear"
"2114",16,1.69705627484772,1.5647757381048,"Exp1","mixed","IP",0,1.68534451959341,0.202728714022725,1.6852421902966,0.108313400273553,0,0.181260911364228,0.108313400273553,0.891686599726447,0.108313400273553,0.108313400273553,"all","linear"
"2115",16,2.01815139660892,2.02393322776334,"Exp1","mixed","IP",0,1.95535976301521,0.23257164948389,1.95400603865835,0.14570629102113,0,0.0364939458410414,0.14570629102113,0.85429370897887,0.14570629102113,0.14570629102113,"all","linear"
"2116",16,1.2,1.21021615531208,"Exp1","mixed","IP",0,1.22260644959405,0.15425174140894,1.22356477922611,0.0577805987291147,0,0.445481303065734,0.0577805987291147,0.942219401270885,0.0577805987291147,0.0577805987291147,"all","linear"
"2117",16,1.42704853800327,1.39796899034991,"Exp1","mixed","IP",0,1.44002321365678,0.176625400413164,1.43917373430618,0.0795004626697087,0,0.317112546102215,0.0795004626697087,0.920499537330291,0.0795004626697087,0.0795004626697087,"all","linear"
"2118",16,1.42704853800327,1.41882672460088,"Exp1","mixed","IP",0,1.44002321365678,0.176625400413164,1.44164101793687,0.0795004626697087,0,0.30881979228905,0.0795004626697087,0.920499537330291,0.0795004626697087,0.0795004626697087,"all","linear"
"2119",16,0.4,0.542712777887573,"Exp1","mixed","IP",0,0.54257219495324,0.0738049077462792,0.542213995796992,0.511945760198574,0,1.19023546292502,0.511945760198574,0.488054239801426,0.511945760198574,0.511945760198574,"all","linear"
"2120",16,0.8,0.688759206272152,"Exp1","mixed","IP",0,0.70227671545189,0.0781817210851205,0.702736142058443,0.806113141129126,0,1.1292110561906,0.806113141129126,0.193886858870874,0.806113141129126,0.806113141129126,"all","linear"
"2121",16,1.69705627484772,1.8254606024766,"Exp1","mixed","IP",0,1.68534451959341,0.202728714022725,1.68631436343916,0.108313400273553,0,0.174999736657973,0.108313400273553,0.891686599726447,0.108313400273553,0.108313400273553,"all","linear"
"2122",16,1.42704853800327,1.6795655824917,"Exp1","mixed","IP",0,1.44002321365678,0.176625400413164,1.43954905762255,0.0795004626697087,0,0.319248860791319,0.0795004626697087,0.920499537330291,0.0795004626697087,0.0795004626697087,"all","linear"
"2123",16,0.4,0.323742249285715,"Exp1","mixed","IP",0,0.54257219495324,0.0738049077462792,0.542076428589422,0.511945760198574,0,1.19071209158187,0.511945760198574,0.488054239801426,0.511945760198574,0.511945760198574,"all","linear"
"2124",16,0.565685424949238,0.44898795755762,"Exp1","mixed","IP",0,0.642057672078443,0.0762715246190345,0.64213429365582,0.676084685964326,0,1.15483709530156,0.676084685964326,0.323915314035674,0.676084685964326,0.676084685964326,"all","linear"
"2125",16,2.01815139660892,1.60657276325219,"Exp1","mixed","IP",0,1.95535976301521,0.23257164948389,1.95547498019549,0.14570629102113,0,0.0465087186535298,0.14570629102113,0.85429370897887,0.14570629102113,0.14570629102113,"all","linear"
"2126",16,0.8,0.876638152047235,"Exp1","mixed","IP",0,0.70227671545189,0.0781817210851205,0.702056892675796,0.806113141129126,0,1.1308932855038,0.806113141129126,0.193886858870874,0.806113141129126,0.806113141129126,"all","linear"
"2127",16,0.8,0.741098560449245,"Exp1","mixed","IP",0,0.70227671545189,0.0781817210851205,0.702002442642263,0.806113141129126,0,1.13298275237555,0.806113141129126,0.193886858870874,0.806113141129126,0.806113141129126,"all","linear"
"2128",16,0.4,0.459354713257198,"Exp1","mixed","IP",0,0.54257219495324,0.0738049077462792,0.542908034523568,0.511945760198574,0,1.19181759677924,0.511945760198574,0.488054239801426,0.511945760198574,0.511945760198574,"all","linear"
"2129",16,1.69705627484772,1.21024183055306,"Exp1","mixed","IP",0,1.68534451959341,0.202728714022725,1.68325092574884,0.108313400273553,0,0.180667412503582,0.108313400273553,0.891686599726447,0.108313400273553,0.108313400273553,"all","linear"
"2130",16,0.672717132202972,0.865986703245653,"Exp1","mixed","IP",0,0.677194981015086,0.0773111526207455,0.677108755457459,0.746536405326011,0,1.14778987226567,0.746536405326011,0.253463594673989,0.746536405326011,0.746536405326011,"all","linear"
"2131",16,1.69705627484772,1.6588143249719,"Exp1","mixed","IP",0,1.68534451959341,0.202728714022725,1.68532828039934,0.108313400273553,0,0.175634799453589,0.108313400273553,0.891686599726447,0.108313400273553,0.108313400273553,"all","linear"
"2132",16,0.672717132202972,0.886959598499743,"Exp1","mixed","IP",0,0.677194981015086,0.0773111526207455,0.676630375271447,0.746536405326011,0,1.14029153727861,0.746536405326011,0.253463594673989,0.746536405326011,0.746536405326011,"all","linear"
"2133",16,2.4,2.43089333221542,"Exp1","mixed","IP",0,2.24278183951059,0.26591707144378,2.24321861821573,0.192909972660767,0,-0.0948754795731719,0.192909972660767,0.807090027339233,0.192909972660767,0.192909972660767,"all","linear"
"2134",16,1.2,1.12694493340678,"Exp1","mixed","IP",0,1.22260644959405,0.15425174140894,1.22285279627671,0.0577805987291147,0,0.456336754778987,0.0577805987291147,0.942219401270885,0.0577805987291147,0.0577805987291147,"all","linear"
"2135",16,0.565685424949238,0.542744494359795,"Exp1","mixed","IP",0,0.642057672078443,0.0762715246190345,0.64248475403319,0.676084685964326,0,1.159008077172,0.676084685964326,0.323915314035674,0.676084685964326,0.676084685964326,"all","linear"
"2136",16,1.42704853800327,1.54402561331699,"Exp1","mixed","IP",0,1.44002321365678,0.176625400413164,1.4407631856755,0.0795004626697087,0,0.321551609313386,0.0795004626697087,0.920499537330291,0.0795004626697087,0.0795004626697087,"all","linear"
"2137",16,0.565685424949238,0.521902995922574,"Exp1","mixed","IP",0,0.642057672078443,0.0762715246190345,0.641703666028217,0.676084685964326,0,1.15114291630849,0.676084685964326,0.323915314035674,0.676084685964326,0.676084685964326,"all","linear"
"2138",16,0.4,0.594911295820566,"Exp1","mixed","IP",0,0.54257219495324,0.0738049077462792,0.542754798987309,0.511945760198574,0,1.18803653351773,0.511945760198574,0.488054239801426,0.511945760198574,0.511945760198574,"all","linear"
"2139",16,0.8,0.688744858343853,"Exp1","mixed","IP",0,0.70227671545189,0.0781817210851205,0.702245882861459,0.806113141129126,0,1.12849814329127,0.806113141129126,0.193886858870874,0.806113141129126,0.806113141129126,"all","linear"
"2140",16,0.475682846001088,0.605265969054017,"Exp1","mixed","IP",0,0.596746540967958,0.075086487283624,0.596691165897751,0.596698561171596,0,1.17228290005527,0.596698561171596,0.403301438828404,0.596698561171596,0.596698561171596,"all","linear"
"2141",16,1.2,0.960081549093957,"Exp1","mixed","IP",0,1.22260644959405,0.15425174140894,1.22157276101927,0.0577805987291147,0,0.447577469403899,0.0577805987291147,0.942219401270885,0.0577805987291147,0.0577805987291147,"all","linear"
"2142",16,1.42704853800327,1.30401309286208,"Exp1","mixed","IP",0,1.44002321365678,0.176625400413164,1.4405346437533,0.0795004626697087,0,0.318428553214371,0.0795004626697087,0.920499537330291,0.0795004626697087,0.0795004626697087,"all","linear"
"2143",16,0.8,0.897372796176569,"Exp1","mixed","IP",0,0.70227671545189,0.0781817210851205,0.702054932967153,0.806113141129126,0,1.137879617206,0.806113141129126,0.193886858870874,0.806113141129126,0.806113141129126,"all","linear"
"2144",16,0.672717132202972,0.949569426225935,"Exp1","mixed","IP",0,0.677194981015086,0.0773111526207455,0.6762473946111,0.746536405326011,0,1.14402129012876,0.746536405326011,0.253463594673989,0.746536405326011,0.746536405326011,"all","linear"
"2145",16,1.42704853800327,1.26231499290589,"Exp1","mixed","IP",0,1.44002321365678,0.176625400413164,1.43994706817032,0.0795004626697087,0,0.316257503168162,0.0795004626697087,0.920499537330291,0.0795004626697087,0.0795004626697087,"all","linear"
"2146",16,0.475682846001088,0.386293174993625,"Exp1","mixed","IP",0,0.596746540967958,0.075086487283624,0.596304886913925,0.596698561171596,0,1.17050944334435,0.596698561171596,0.403301438828404,0.596698561171596,0.596698561171596,"all","linear"
"2147",16,2.4,1.91960566607122,"Exp1","mixed","IP",0,2.24278183951059,0.26591707144378,2.24206341938141,0.192909972660767,0,-0.0934054454551208,0.192909972660767,0.807090027339233,0.192909972660767,0.192909972660767,"all","linear"
"2148",16,0.672717132202972,0.532429844293802,"Exp1","mixed","IP",0,0.677194981015086,0.0773111526207455,0.677864534582183,0.746536405326011,0,1.14306823038539,0.746536405326011,0.253463594673989,0.746536405326011,0.746536405326011,"all","linear"
"2149",16,1.69705627484772,1.4813818036564,"Exp1","mixed","IP",0,1.68534451959341,0.202728714022725,1.6846602945301,0.108313400273553,0,0.179090379516473,0.108313400273553,0.891686599726447,0.108313400273553,0.108313400273553,"all","linear"
"2150",16,0.4,0.584509803033143,"Exp1","mixed","IP",0,0.54257219495324,0.0738049077462792,0.542858590987432,0.511945760198574,0,1.19727099399821,0.511945760198574,0.488054239801426,0.511945760198574,0.511945760198574,"all","linear"
"2151",16,0.475682846001088,0.48020338565766,"Exp1","mixed","IP",0,0.596746540967958,0.075086487283624,0.596092240534514,0.596698561171596,0,1.1697640556042,0.596698561171596,0.403301438828404,0.596698561171596,0.596698561171596,"all","linear"
"2152",16,0.565685424949238,0.563502925844659,"Exp1","mixed","IP",0,0.642057672078443,0.0762715246190345,0.641937202610971,0.676084685964326,0,1.15791764967917,0.676084685964326,0.323915314035674,0.676084685964326,0.676084685964326,"all","linear"
"2153",16,2.01815139660892,1.57543285056272,"Exp1","mixed","IP",0,1.95535976301521,0.23257164948389,1.95571918142376,0.14570629102113,0,0.0440306941146192,0.14570629102113,0.85429370897887,0.14570629102113,0.14570629102113,"all","linear"
"2154",16,2.01815139660892,1.88820673552254,"Exp1","mixed","IP",0,1.95535976301521,0.23257164948389,1.9555780951035,0.14570629102113,0,0.0435096362585382,0.14570629102113,0.85429370897887,0.14570629102113,0.14570629102113,"all","linear"
"2155",16,1.69705627484772,1.62733157231378,"Exp1","mixed","IP",0,1.68534451959341,0.202728714022725,1.68482033070311,0.108313400273553,0,0.18400291039656,0.108313400273553,0.891686599726447,0.108313400273553,0.108313400273553,"all","linear"
"2156",16,2.4,2.39917912482088,"Exp1","mixed","IP",0,2.24278183951059,0.26591707144378,2.24057319498267,0.192909972660767,0,-0.0845288299583657,0.192909972660767,0.807090027339233,0.192909972660767,0.192909972660767,"all","linear"
"2157",16,0.8,0.886833865339213,"Exp1","mixed","IP",0,0.70227671545189,0.0781817210851205,0.702847199649113,0.806113141129126,0,1.13474082521849,0.806113141129126,0.193886858870874,0.806113141129126,0.806113141129126,"all","linear"
"2158",16,0.8,0.709527454760973,"Exp1","mixed","IP",0,0.70227671545189,0.0781817210851205,0.70189302116423,0.806113141129126,0,1.13202177570083,0.806113141129126,0.193886858870874,0.806113141129126,0.806113141129126,"all","linear"
"2159",16,1.42704853800327,1.638001899968,"Exp1","mixed","IP",0,1.44002321365678,0.176625400413164,1.4395999400669,0.0795004626697087,0,0.321453836118635,0.0795004626697087,0.920499537330291,0.0795004626697087,0.0795004626697087,"all","linear"
"2160",16,0.4,0.396652001574694,"Exp1","mixed","IP",0,0.54257219495324,0.0738049077462792,0.54244043618715,0.511945760198574,0,1.19263326262762,0.511945760198574,0.488054239801426,0.511945760198574,0.511945760198574,"all","linear"
"2161",16,1.2,1.14760217423827,"Exp1","mixed","IP",0,1.22260644959405,0.15425174140894,1.22177535175485,0.0577805987291147,0,0.45141400107081,0.0577805987291147,0.942219401270885,0.0577805987291147,0.0577805987291147,"all","linear"
"2162",16,1.2,1.02255318361495,"Exp1","mixed","IP",0,1.22260644959405,0.15425174140894,1.22276421462449,0.0577805987291147,0,0.452449747562727,0.0577805987291147,0.942219401270885,0.0577805987291147,0.0577805987291147,"all","linear"
"2163",16,2.01815139660892,1.89854857113642,"Exp1","mixed","IP",0,1.95535976301521,0.23257164948389,1.95383390037401,0.14570629102113,0,0.046705111229926,0.14570629102113,0.85429370897887,0.14570629102113,0.14570629102113,"all","linear"
"2164",16,0.475682846001088,0.605344882660575,"Exp1","mixed","IP",0,0.596746540967958,0.075086487283624,0.597337427030142,0.596698561171596,0,1.16913470943996,0.596698561171596,0.403301438828404,0.596698561171596,0.596698561171596,"all","linear"
"2165",16,0.475682846001088,0.573902908325181,"Exp1","mixed","IP",0,0.596746540967958,0.075086487283624,0.596772316397684,0.596698561171596,0,1.17041427241115,0.596698561171596,0.403301438828404,0.596698561171596,0.596698561171596,"all","linear"
"2166",16,1.69705627484772,1.53361279321689,"Exp1","mixed","IP",0,1.68534451959341,0.202728714022725,1.68584679745194,0.108313400273553,0,0.182391756299968,0.108313400273553,0.891686599726447,0.108313400273553,0.108313400273553,"all","linear"
"2167",16,0.8,0.657463731835378,"Exp1","mixed","IP",0,0.70227671545189,0.0781817210851205,0.70171649863446,0.806113141129126,0,1.1257646790492,0.806113141129126,0.193886858870874,0.806113141129126,0.806113141129126,"all","linear"
"2168",16,0.475682846001088,0.532333939721866,"Exp1","mixed","IP",0,0.596746540967958,0.075086487283624,0.597205219015215,0.596698561171596,0,1.17225228765779,0.596698561171596,0.403301438828404,0.596698561171596,0.596698561171596,"all","linear"
"2169",16,0.4,0.396642939724188,"Exp1","mixed","IP",0,0.54257219495324,0.0738049077462792,0.542690087299626,0.511945760198574,0,1.18857270449137,0.511945760198574,0.488054239801426,0.511945760198574,0.511945760198574,"all","linear"
"2170",16,1.69705627484772,1.72127387702858,"Exp1","mixed","IP",0,1.68534451959341,0.202728714022725,1.6857038262897,0.108313400273553,0,0.178465542590992,0.108313400273553,0.891686599726447,0.108313400273553,0.108313400273553,"all","linear"
"2171",16,1.42704853800327,1.05381316581042,"Exp1","mixed","IP",0,1.44002321365678,0.176625400413164,1.43903629222536,0.0795004626697087,0,0.315152175648705,0.0795004626697087,0.920499537330291,0.0795004626697087,0.0795004626697087,"all","linear"
"2172",16,0.565685424949238,0.542747892553962,"Exp1","mixed","IP",0,0.642057672078443,0.0762715246190345,0.642439968318168,0.676084685964326,0,1.15722673269573,0.676084685964326,0.323915314035674,0.676084685964326,0.676084685964326,"all","linear"
"2173",16,1.2,1.10593956652701,"Exp1","mixed","IP",0,1.22260644959405,0.15425174140894,1.2243250907745,0.0577805987291147,0,0.447051188928506,0.0577805987291147,0.942219401270885,0.0577805987291147,0.0577805987291147,"all","linear"
"2174",16,2.01815139660892,2.03425505179257,"Exp1","mixed","IP",0,1.95535976301521,0.23257164948389,1.95513888431645,0.14570629102113,0,0.0416447555107446,0.14570629102113,0.85429370897887,0.14570629102113,0.14570629102113,"all","linear"
"2175",16,2.4,2.22187384697281,"Exp1","mixed","IP",0,2.24278183951059,0.26591707144378,2.24307795962895,0.192909972660767,0,-0.0894864247835162,0.192909972660767,0.807090027339233,0.192909972660767,0.192909972660767,"all","linear"
"2176",16,1.42704853800327,1.54500769124388,"Exp1","mixed","IP",0,1.44002321365678,0.176625400413164,1.4399572434048,0.0795004626697087,0,0.31514286283398,0.0795004626697087,0.920499537330291,0.0795004626697087,0.0795004626697087,"all","linear"
"2177",16,0.4,0.469703722832492,"Exp1","mixed","IP",0,0.54257219495324,0.0738049077462792,0.542294805534742,0.511945760198574,0,1.19086502335546,0.511945760198574,0.488054239801426,0.511945760198574,0.511945760198574,"all","linear"
"2178",16,0.565685424949238,0.803371589439848,"Exp1","mixed","IP",0,0.642057672078443,0.0762715246190345,0.642207399787455,0.676084685964326,0,1.15409692259109,0.676084685964326,0.323915314035674,0.676084685964326,0.676084685964326,"all","linear"
"2179",16,1.2,1.1892927226545,"Exp1","mixed","IP",0,1.22260644959405,0.15425174140894,1.22357007789671,0.0577805987291147,0,0.454931996159393,0.0577805987291147,0.942219401270885,0.0577805987291147,0.0577805987291147,"all","linear"
"2180",16,2.01815139660892,2.1594792381693,"Exp1","mixed","IP",0,1.95535976301521,0.23257164948389,1.95776985795059,0.14570629102113,0,0.0425979132166749,0.14570629102113,0.85429370897887,0.14570629102113,0.14570629102113,"all","linear"
"2181",16,2.4,1.70050562854158,"Exp1","mixed","IP",0,2.24278183951059,0.26591707144378,2.24464295471736,0.192909972660767,0,-0.0929964386034764,0.192909972660767,0.807090027339233,0.192909972660767,0.192909972660767,"all","linear"
"2182",16,0.672717132202972,0.8205762656562,"Exp1","mixed","IP",0,0.677194981015086,0.0773111526207455,0.676974250779926,0.746536405326011,0,1.13924261141673,0.746536405326011,0.253463594673989,0.746536405326011,0.746536405326011,"all","linear"
"2183",16,1.69705627484772,1.5857108756536,"Exp1","mixed","IP",0,1.68534451959341,0.202728714022725,1.68522409313568,0.108313400273553,0,0.185431210455262,0.108313400273553,0.891686599726447,0.108313400273553,0.108313400273553,"all","linear"
"2184",16,0.565685424949238,0.7514218947872,"Exp1","mixed","IP",0,0.642057672078443,0.0762715246190345,0.641869709527542,0.676084685964326,0,1.16093621316209,0.676084685964326,0.323915314035674,0.676084685964326,0.676084685964326,"all","linear"
"2185",16,1.69705627484772,1.32503507313413,"Exp1","mixed","IP",0,1.68534451959341,0.202728714022725,1.68665554460563,0.108313400273553,0,0.175313883583627,0.108313400273553,0.891686599726447,0.108313400273553,0.108313400273553,"all","linear"
"2186",16,0.4,0.334283823163787,"Exp1","mixed","IP",0,0.54257219495324,0.0738049077462792,0.542698598459833,0.511945760198574,0,1.18660115978208,0.511945760198574,0.488054239801426,0.511945760198574,0.511945760198574,"all","linear"
"2187",16,2.01815139660892,2.01309299043351,"Exp1","mixed","IP",0,1.95535976301521,0.23257164948389,1.95437158192369,0.14570629102113,0,0.0401368833047479,0.14570629102113,0.85429370897887,0.14570629102113,0.14570629102113,"all","linear"
"2188",16,0.8,0.87642368827801,"Exp1","mixed","IP",0,0.70227671545189,0.0781817210851205,0.702747970989547,0.806113141129126,0,1.13078968232594,0.806113141129126,0.193886858870874,0.806113141129126,0.806113141129126,"all","linear"
"2189",16,0.8,0.865941771575308,"Exp1","mixed","IP",0,0.70227671545189,0.0781817210851205,0.702387829129247,0.806113141129126,0,1.13039757203892,0.806113141129126,0.193886858870874,0.806113141129126,0.806113141129126,"all","linear"
"2190",16,0.672717132202972,0.573921409601098,"Exp1","mixed","IP",0,0.677194981015086,0.0773111526207455,0.677187850368652,0.746536405326011,0,1.14404347453663,0.746536405326011,0.253463594673989,0.746536405326011,0.746536405326011,"all","linear"
"2191",16,2.01815139660892,1.80454434378225,"Exp1","mixed","IP",0,1.95535976301521,0.23257164948389,1.95529443141741,0.14570629102113,0,0.0391432772370486,0.14570629102113,0.85429370897887,0.14570629102113,0.14570629102113,"all","linear"
"2192",16,2.4,2.1173499452143,"Exp1","mixed","IP",0,2.24278183951059,0.26591707144378,2.2415290817678,0.192909972660767,0,-0.0904949616926333,0.192909972660767,0.807090027339233,0.192909972660767,0.192909972660767,"all","linear"
"2193",16,2.4,1.75241832064421,"Exp1","mixed","IP",0,2.24278183951059,0.26591707144378,2.24189771196631,0.192909972660767,0,-0.0930050919190022,0.192909972660767,0.807090027339233,0.192909972660767,0.192909972660767,"all","linear"
"2194",16,1.42704853800327,1.18939013753698,"Exp1","mixed","IP",0,1.44002321365678,0.176625400413164,1.4400982654185,0.0795004626697087,0,0.314857116330425,0.0795004626697087,0.920499537330291,0.0795004626697087,0.0795004626697087,"all","linear"
"2195",1,1.954332247557,1.90993556031754,"Exp2","mixed","IP",0,1.83685668638471,0.233068125940635,1.8373833115619,0.154162499685761,0,0.040909125738734,0.154162499685761,0.845837500314239,0.154162499685761,0.154162499685761,"all","linear"
"2196",1,0.7328,0.789940287551872,"Exp2","mixed","IP",0,0.689772322455993,0.0907327666564675,0.690040058771333,0.532900886759665,0,0.984855611323504,0.532900886759665,0.467099113240335,0.532900886759665,0.532900886759665,"all","linear"
"2197",1,1.954332247557,1.71789535393691,"Exp2","mixed","IP",0,1.83685668638471,0.233068125940635,1.83607789395865,0.154162499685761,0,0.0404516393057598,0.154162499685761,0.845837500314239,0.154162499685761,0.154162499685761,"all","linear"
"2198",1,1.44778166151097,1.29389281615659,"Exp2","mixed","IP",0,1.42451206719256,0.183989148169954,1.42356991959626,0.091801124688316,0,0.27573204784386,0.091801124688316,0.908198875311684,0.091801124688316,0.091801124688316,"all","linear"
"2199",1,1.31,1.35796644906804,"Exp2","mixed","IP",0,1.30117452356428,0.170058492528277,1.30181634222003,0.0766142798595575,0,0.355291658662023,0.0766142798595575,0.923385720140443,0.0766142798595575,0.0766142798595575,"all","linear"
"2200",1,0.542862864224572,0.558000348322821,"Exp2","mixed","IP",0,0.585250744150979,0.0843751163403737,0.585560204437444,0.389382579742707,0,1.05274115238764,0.389382579742707,0.610617420257293,0.389382579742707,0.389382579742707,"all","linear"
"2201",1,1.60005476290647,1.42986645559904,"Exp2","mixed","IP",0,1.55552121237594,0.199144005747913,1.55666406672644,0.109598898302686,0,0.197477195992477,0.109598898302686,0.890401101697314,0.109598898302686,0.109598898302686,"all","linear"
"2202",1,1.31,1.26191555664627,"Exp2","mixed","IP",0,1.30117452356428,0.170058492528277,1.30161420361833,0.0766142798595575,0,0.358174731204924,0.0766142798595575,0.923385720140443,0.0766142798595575,0.0766142798595575,"all","linear"
"2203",1,0.7328,0.790012440093051,"Exp2","mixed","IP",0,0.689772322455993,0.0907327666564675,0.690391911790567,0.532900886759665,0,0.985456851900075,0.532900886759665,0.467099113240335,0.532900886759665,0.532900886759665,"all","linear"
"2204",1,0.599959465297448,0.685924625475309,"Exp2","mixed","IP",0,0.622595315552049,0.0864900532132168,0.622441804874048,0.436381441017193,0,1.03116903689623,0.436381441017193,0.563618558982807,0.436381441017193,0.436381441017193,"all","linear"
"2205",1,0.542862864224572,0.43798206138672,"Exp2","mixed","IP",0,0.585250744150979,0.0843751163403737,0.5856279111799,0.389382579742707,0,1.05922761348062,0.389382579742707,0.610617420257293,0.389382579742707,0.389382579742707,"all","linear"
"2206",1,0.4912,0.493926093406117,"Exp2","mixed","IP",0,0.546430891254462,0.0823128905145906,0.546372935017762,0.344293961159385,0,1.08082149366666,0.344293961159385,0.655706038840615,0.344293961159385,0.344293961159385,"all","linear"
"2207",1,1.44778166151097,1.22989506781232,"Exp2","mixed","IP",0,1.42451206719256,0.183989148169954,1.42411656726726,0.091801124688316,0,0.272166979972643,0.091801124688316,0.908198875311684,0.091801124688316,0.091801124688316,"all","linear"
"2208",1,0.4912,0.589866891003112,"Exp2","mixed","IP",0,0.546430891254462,0.0823128905145906,0.546375760625377,0.344293961159385,0,1.08071684473316,0.344293961159385,0.655706038840615,0.344293961159385,0.344293961159385,"all","linear"
"2209",1,1.76834346805288,1.59794299949317,"Exp2","mixed","IP",0,1.69338495175199,0.215515442906661,1.6938888964216,0.13029812791931,0,0.118799497053332,0.13029812791931,0.86970187208069,0.13029812791931,0.13029812791931,"all","linear"
"2210",1,0.4912,0.437997300499774,"Exp2","mixed","IP",0,0.546430891254462,0.0823128905145906,0.546769488252195,0.344293961159385,0,1.08356784932286,0.344293961159385,0.655706038840615,0.344293961159385,0.344293961159385,"all","linear"
"2211",1,0.4912,0.509990607728469,"Exp2","mixed","IP",0,0.546430891254462,0.0823128905145906,0.546374146411867,0.344293961159385,0,1.08413792834731,0.344293961159385,0.655706038840615,0.344293961159385,0.344293961159385,"all","linear"
"2212",1,0.663061306494331,0.613891198945566,"Exp2","mixed","IP",0,0.657674696035529,0.0886216436526828,0.657856739662492,0.484507162741937,0,0.998321614488647,0.484507162741937,0.515492837258063,0.484507162741937,0.484507162741937,"all","linear"
"2213",1,0.599959465297448,0.637720508426355,"Exp2","mixed","IP",0,0.622595315552049,0.0864900532132168,0.622931933828227,0.436381441017193,0,1.02591318275746,0.436381441017193,0.563618558982807,0.436381441017193,0.436381441017193,"all","linear"
"2214",1,0.7328,0.781948149691743,"Exp2","mixed","IP",0,0.689772322455993,0.0907327666564675,0.689743043811814,0.532900886759665,0,0.989797718639783,0.532900886759665,0.467099113240335,0.532900886759665,0.532900886759665,"all","linear"
"2215",1,0.663061306494331,0.645922261857777,"Exp2","mixed","IP",0,0.657674696035529,0.0886216436526828,0.658166470618743,0.484507162741937,0,1.00195874757977,0.484507162741937,0.515492837258063,0.484507162741937,0.484507162741937,"all","linear"
"2216",1,1.44778166151097,1.46988716835403,"Exp2","mixed","IP",0,1.42451206719256,0.183989148169954,1.42559900349908,0.091801124688316,0,0.274362660526424,0.091801124688316,0.908198875311684,0.091801124688316,0.091801124688316,"all","linear"
"2217",1,1.44778166151097,1.18996143571167,"Exp2","mixed","IP",0,1.42451206719256,0.183989148169954,1.42440350066306,0.091801124688316,0,0.275584426945007,0.091801124688316,0.908198875311684,0.091801124688316,0.091801124688316,"all","linear"
"2218",1,1.954332247557,1.9339489831782,"Exp2","mixed","IP",0,1.83685668638471,0.233068125940635,1.83586204061422,0.154162499685761,0,0.0395789759714613,0.154162499685761,0.845837500314239,0.154162499685761,0.154162499685761,"all","linear"
"2219",1,0.599959465297448,0.565904783527003,"Exp2","mixed","IP",0,0.622595315552049,0.0864900532132168,0.623150107378373,0.436381441017193,0,1.02544177256127,0.436381441017193,0.563618558982807,0.436381441017193,0.436381441017193,"all","linear"
"2220",1,1.76834346805288,1.82194926929878,"Exp2","mixed","IP",0,1.69338495175199,0.215515442906661,1.69379984187921,0.13029812791931,0,0.118059639013737,0.13029812791931,0.86970187208069,0.13029812791931,0.13029812791931,"all","linear"
"2221",1,0.599959465297448,0.670004416231677,"Exp2","mixed","IP",0,0.622595315552049,0.0864900532132168,0.622689628027458,0.436381441017193,0,1.03122470148906,0.436381441017193,0.563618558982807,0.436381441017193,0.436381441017193,"all","linear"
"2222",1,1.60005476290647,1.70190672417993,"Exp2","mixed","IP",0,1.55552121237594,0.199144005747913,1.55568166279422,0.109598898302686,0,0.197836933411216,0.109598898302686,0.890401101697314,0.109598898302686,0.109598898302686,"all","linear"
"2223",1,0.542862864224572,0.637907109823573,"Exp2","mixed","IP",0,0.585250744150979,0.0843751163403737,0.585577142831022,0.389382579742707,0,1.04955728998717,0.389382579742707,0.610617420257293,0.389382579742707,0.389382579742707,"all","linear"
"2224",1,1.31,1.09392111736997,"Exp2","mixed","IP",0,1.30117452356428,0.170058492528277,1.30149462522217,0.0766142798595575,0,0.353446888886269,0.0766142798595575,0.923385720140443,0.0766142798595575,0.0766142798595575,"all","linear"
"2225",1,1.44778166151097,1.32591672601484,"Exp2","mixed","IP",0,1.42451206719256,0.183989148169954,1.42323959361341,0.091801124688316,0,0.267388510743031,0.091801124688316,0.908198875311684,0.091801124688316,0.091801124688316,"all","linear"
"2226",1,1.954332247557,1.9818713321165,"Exp2","mixed","IP",0,1.83685668638471,0.233068125940635,1.83857453171822,0.154162499685761,0,0.0409827902906798,0.154162499685761,0.845837500314239,0.154162499685761,0.154162499685761,"all","linear"
"2227",1,0.599959465297448,0.621963886409503,"Exp2","mixed","IP",0,0.622595315552049,0.0864900532132168,0.62280121814111,0.436381441017193,0,1.02789881809211,0.436381441017193,0.563618558982807,0.436381441017193,0.436381441017193,"all","linear"
"2228",1,0.599959465297448,0.565878348328624,"Exp2","mixed","IP",0,0.622595315552049,0.0864900532132168,0.622336042571663,0.436381441017193,0,1.03017419366754,0.436381441017193,0.563618558982807,0.436381441017193,0.436381441017193,"all","linear"
"2229",1,1.76834346805288,1.54990900071971,"Exp2","mixed","IP",0,1.69338495175199,0.215515442906661,1.69355598809919,0.13029812791931,0,0.116346816723154,0.13029812791931,0.86970187208069,0.13029812791931,0.13029812791931,"all","linear"
"2230",1,0.663061306494331,0.717921478131757,"Exp2","mixed","IP",0,0.657674696035529,0.0886216436526828,0.657842419460503,0.484507162741937,0,1.0094775635248,0.484507162741937,0.515492837258063,0.484507162741937,0.484507162741937,"all","linear"
"2231",1,1.31,1.18990763230795,"Exp2","mixed","IP",0,1.30117452356428,0.170058492528277,1.30113419081321,0.0766142798595575,0,0.351770039029449,0.0766142798595575,0.923385720140443,0.0766142798595575,0.0766142798595575,"all","linear"
"2232",1,1.60005476290647,1.50987646987414,"Exp2","mixed","IP",0,1.55552121237594,0.199144005747913,1.55440948493125,0.109598898302686,0,0.196551886313029,0.109598898302686,0.890401101697314,0.109598898302686,0.109598898302686,"all","linear"
"2233",1,0.7328,0.709886732951418,"Exp2","mixed","IP",0,0.689772322455993,0.0907327666564675,0.689535597766419,0.532900886759665,0,0.98404313762897,0.532900886759665,0.467099113240335,0.532900886759665,0.532900886759665,"all","linear"
"2234",1,0.599959465297448,0.629941096158291,"Exp2","mixed","IP",0,0.622595315552049,0.0864900532132168,0.622873635412963,0.436381441017193,0,1.03239724291852,0.436381441017193,0.563618558982807,0.436381441017193,0.436381441017193,"all","linear"
"2235",1,1.31,1.24587250148579,"Exp2","mixed","IP",0,1.30117452356428,0.170058492528277,1.30113570024867,0.0766142798595575,0,0.355920058490284,0.0766142798595575,0.923385720140443,0.0766142798595575,0.0766142798595575,"all","linear"
"2236",1,1.60005476290647,1.53375491772567,"Exp2","mixed","IP",0,1.55552121237594,0.199144005747913,1.55598637604001,0.109598898302686,0,0.19767215691009,0.109598898302686,0.890401101697314,0.109598898302686,0.109598898302686,"all","linear"
"2237",1,1.60005476290647,1.51786643071864,"Exp2","mixed","IP",0,1.55552121237594,0.199144005747913,1.55591010257909,0.109598898302686,0,0.198331864995438,0.109598898302686,0.890401101697314,0.109598898302686,0.109598898302686,"all","linear"
"2238",1,1.44778166151097,1.24587934353622,"Exp2","mixed","IP",0,1.42451206719256,0.183989148169954,1.42432205588991,0.091801124688316,0,0.27825971275377,0.091801124688316,0.908198875311684,0.091801124688316,0.091801124688316,"all","linear"
"2239",1,1.60005476290647,1.58988524014057,"Exp2","mixed","IP",0,1.55552121237594,0.199144005747913,1.55411635895931,0.109598898302686,0,0.197922460861278,0.109598898302686,0.890401101697314,0.109598898302686,0.109598898302686,"all","linear"
"2240",1,0.542862864224572,0.501945910475115,"Exp2","mixed","IP",0,0.585250744150979,0.0843751163403737,0.585802356427707,0.389382579742707,0,1.05390742038526,0.389382579742707,0.610617420257293,0.389382579742707,0.389382579742707,"all","linear"
"2241",1,0.4912,0.549903713679669,"Exp2","mixed","IP",0,0.546430891254462,0.0823128905145906,0.546281568372084,0.344293961159385,0,1.08443738660121,0.344293961159385,0.655706038840615,0.344293961159385,0.344293961159385,"all","linear"
"2242",1,0.7328,0.621988455592145,"Exp2","mixed","IP",0,0.689772322455993,0.0907327666564675,0.689335324654268,0.532900886759665,0,0.984473464450096,0.532900886759665,0.467099113240335,0.532900886759665,0.532900886759665,"all","linear"
"2243",1,1.31,1.22987982869927,"Exp2","mixed","IP",0,1.30117452356428,0.170058492528277,1.30180226795568,0.0766142798595575,0,0.349138370544479,0.0766142798595575,0.923385720140443,0.0766142798595575,0.0766142798595575,"all","linear"
"2244",1,0.599959465297448,0.509900728055072,"Exp2","mixed","IP",0,0.622595315552049,0.0864900532132168,0.622938304003892,0.436381441017193,0,1.02931754086935,0.436381441017193,0.563618558982807,0.436381441017193,0.436381441017193,"all","linear"
"2245",1,1.954332247557,1.95790113857947,"Exp2","mixed","IP",0,1.83685668638471,0.233068125940635,1.83735956075129,0.154162499685761,0,0.0381307514849213,0.154162499685761,0.845837500314239,0.154162499685761,0.154162499685761,"all","linear"
"2246",1,0.542862864224572,0.517923966150192,"Exp2","mixed","IP",0,0.585250744150979,0.0843751163403737,0.585436113768779,0.389382579742707,0,1.0587697288944,0.389382579742707,0.610617420257293,0.389382579742707,0.389382579742707,"all","linear"
"2247",1,0.663061306494331,0.717888511884667,"Exp2","mixed","IP",0,0.657674696035529,0.0886216436526828,0.657660511167992,0.484507162741937,0,0.998052093894861,0.484507162741937,0.515492837258063,0.484507162741937,0.484507162741937,"all","linear"
"2248",1,0.4912,0.589942153566881,"Exp2","mixed","IP",0,0.546430891254462,0.0823128905145906,0.546566483375204,0.344293961159385,0,1.07840309756248,0.344293961159385,0.655706038840615,0.344293961159385,0.344293961159385,"all","linear"
"2249",1,1.954332247557,1.58987062303095,"Exp2","mixed","IP",0,1.83685668638471,0.233068125940635,1.83605597534759,0.154162499685761,0,0.0376009484736142,0.154162499685761,0.845837500314239,0.154162499685761,0.154162499685761,"all","linear"
"2250",1,1.76834346805288,1.79788079902755,"Exp2","mixed","IP",0,1.69338495175199,0.215515442906661,1.69339565438042,0.13029812791931,0,0.114768582481058,0.13029812791931,0.86970187208069,0.13029812791931,0.13029812791931,"all","linear"
"2251",1,0.663061306494331,0.821976015498876,"Exp2","mixed","IP",0,0.657674696035529,0.0886216436526828,0.65839455415202,0.484507162741937,0,1.00706469439831,0.484507162741937,0.515492837258063,0.484507162741937,0.484507162741937,"all","linear"
"2252",1,1.76834346805288,1.68593675456577,"Exp2","mixed","IP",0,1.69338495175199,0.215515442906661,1.69390559357657,0.13029812791931,0,0.117515903890206,0.13029812791931,0.86970187208069,0.13029812791931,0.13029812791931,"all","linear"
"2253",1,1.76834346805288,1.58989394820492,"Exp2","mixed","IP",0,1.69338495175199,0.215515442906661,1.69305826899196,0.13029812791931,0,0.121836308019149,0.13029812791931,0.86970187208069,0.13029812791931,0.13029812791931,"all","linear"
"2254",1,0.663061306494331,0.669974871012528,"Exp2","mixed","IP",0,0.657674696035529,0.0886216436526828,0.657514832605234,0.484507162741937,0,1.00584410792559,0.484507162741937,0.515492837258063,0.484507162741937,0.484507162741937,"all","linear"
"2255",1,0.7328,0.72597892648264,"Exp2","mixed","IP",0,0.689772322455993,0.0907327666564675,0.69041584978303,0.532900886759665,0,0.98930694087582,0.532900886759665,0.467099113240335,0.532900886759665,0.532900886759665,"all","linear"
"2256",1,0.4912,0.565906027535675,"Exp2","mixed","IP",0,0.546430891254462,0.0823128905145906,0.546225584156493,0.344293961159385,0,1.08075406556201,0.344293961159385,0.655706038840615,0.344293961159385,0.344293961159385,"all","linear"
"2257",1,1.954332247557,1.61391359111258,"Exp2","mixed","IP",0,1.83685668638471,0.233068125940635,1.83661263091462,0.154162499685761,0,0.0355369845683453,0.154162499685761,0.845837500314239,0.154162499685761,0.154162499685761,"all","linear"
"2258",1,0.542862864224572,0.541902245748133,"Exp2","mixed","IP",0,0.585250744150979,0.0843751163403737,0.584634542368878,0.389382579742707,0,1.05935919592087,0.389382579742707,0.610617420257293,0.389382579742707,0.389382579742707,"all","linear"
"2259",1,0.542862864224572,0.581996977058225,"Exp2","mixed","IP",0,0.585250744150979,0.0843751163403737,0.584817465760439,0.389382579742707,0,1.05695011106195,0.389382579742707,0.610617420257293,0.389382579742707,0.389382579742707,"all","linear"
"2260",1,0.7328,0.661905915574607,"Exp2","mixed","IP",0,0.689772322455993,0.0907327666564675,0.689814979054133,0.532900886759665,0,0.982748951496965,0.532900886759665,0.467099113240335,0.532900886759665,0.532900886759665,"all","linear"
"2261",1,1.954332247557,1.65394549995108,"Exp2","mixed","IP",0,1.83685668638471,0.233068125940635,1.83587789282712,0.154162499685761,0,0.0378499556740526,0.154162499685761,0.845837500314239,0.154162499685761,0.154162499685761,"all","linear"
"2262",1,1.31,1.38198111593738,"Exp2","mixed","IP",0,1.30117452356428,0.170058492528277,1.30175189185307,0.0766142798595575,0,0.357189968833007,0.0766142798595575,0.923385720140443,0.0766142798595575,0.0766142798595575,"all","linear"
"2263",1,0.7328,0.701900504132936,"Exp2","mixed","IP",0,0.689772322455993,0.0907327666564675,0.689890063884605,0.532900886759665,0,0.981937106982667,0.532900886759665,0.467099113240335,0.532900886759665,0.532900886759665,"all","linear"
"2264",1,0.599959465297448,0.557908602635507,"Exp2","mixed","IP",0,0.622595315552049,0.0864900532132168,0.622039770892707,0.436381441017193,0,1.03239195456494,0.436381441017193,0.563618558982807,0.436381441017193,0.436381441017193,"all","linear"
"2265",1,0.4912,0.557965827063526,"Exp2","mixed","IP",0,0.546430891254462,0.0823128905145906,0.546324016856619,0.344293961159385,0,1.07464824128958,0.344293961159385,0.655706038840615,0.344293961159385,0.344293961159385,"all","linear"
"2266",1,1.954332247557,1.73384915142924,"Exp2","mixed","IP",0,1.83685668638471,0.233068125940635,1.83781019118144,0.154162499685761,0,0.0359184490519736,0.154162499685761,0.845837500314239,0.154162499685761,0.154162499685761,"all","linear"
"2267",1,1.31,1.3258638556199,"Exp2","mixed","IP",0,1.30117452356428,0.170058492528277,1.30063378519366,0.0766142798595575,0,0.360303007222921,0.0766142798595575,0.923385720140443,0.0766142798595575,0.0766142798595575,"all","linear"
"2268",1,1.60005476290647,1.50185198777035,"Exp2","mixed","IP",0,1.55552121237594,0.199144005747913,1.55580413895782,0.109598898302686,0,0.199893555376911,0.109598898302686,0.890401101697314,0.109598898302686,0.109598898302686,"all","linear"
"2269",1,1.60005476290647,1.35794654491838,"Exp2","mixed","IP",0,1.55552121237594,0.199144005747913,1.55561602604662,0.109598898302686,0,0.198951150500188,0.109598898302686,0.890401101697314,0.109598898302686,0.109598898302686,"all","linear"
"2270",1,0.663061306494331,0.797915942290274,"Exp2","mixed","IP",0,0.657674696035529,0.0886216436526828,0.657843980164877,0.484507162741937,0,1.00110454528545,0.484507162741937,0.515492837258063,0.484507162741937,0.484507162741937,"all","linear"
"2271",1,0.542862864224572,0.517865186709969,"Exp2","mixed","IP",0,0.585250744150979,0.0843751163403737,0.585338002770812,0.389382579742707,0,1.05797989652755,0.389382579742707,0.610617420257293,0.389382579742707,0.389382579742707,"all","linear"
"2272",1,1.60005476290647,1.46189005445558,"Exp2","mixed","IP",0,1.55552121237594,0.199144005747913,1.55684597621008,0.109598898302686,0,0.198979742963239,0.109598898302686,0.890401101697314,0.109598898302686,0.109598898302686,"all","linear"
"2273",1,0.542862864224572,0.765886123386736,"Exp2","mixed","IP",0,0.585250744150979,0.0843751163403737,0.584715875479652,0.389382579742707,0,1.05498516725827,0.389382579742707,0.610617420257293,0.389382579742707,0.389382579742707,"all","linear"
"2274",1,0.599959465297448,0.597909722244367,"Exp2","mixed","IP",0,0.622595315552049,0.0864900532132168,0.622657045052725,0.436381441017193,0,1.02787578414613,0.436381441017193,0.563618558982807,0.436381441017193,0.436381441017193,"all","linear"
"2275",1,0.663061306494331,0.669963052921958,"Exp2","mixed","IP",0,0.657674696035529,0.0886216436526828,0.656615984742493,0.484507162741937,0,1.00683883503713,0.484507162741937,0.515492837258063,0.484507162741937,0.484507162741937,"all","linear"
"2276",1,1.76834346805288,1.70185976282846,"Exp2","mixed","IP",0,1.69338495175199,0.215515442906661,1.69422045026742,0.13029812791931,0,0.1194249481786,0.13029812791931,0.86970187208069,0.13029812791931,0.13029812791931,"all","linear"
"2277",1,0.599959465297448,0.54189664770638,"Exp2","mixed","IP",0,0.622595315552049,0.0864900532132168,0.62166535201424,0.436381441017193,0,1.03210164232355,0.436381441017193,0.563618558982807,0.436381441017193,0.436381441017193,"all","linear"
"2278",1,0.4912,0.565987199144729,"Exp2","mixed","IP",0,0.546430891254462,0.0823128905145906,0.547161050970418,0.344293961159385,0,1.07717689454259,0.344293961159385,0.655706038840615,0.344293961159385,0.344293961159385,"all","linear"
"2279",1,1.44778166151097,1.34988629754844,"Exp2","mixed","IP",0,1.42451206719256,0.183989148169954,1.42417528473057,0.091801124688316,0,0.276183936651275,0.091801124688316,0.908198875311684,0.091801124688316,0.091801124688316,"all","linear"
"2280",1,1.76834346805288,1.85387801244542,"Exp2","mixed","IP",0,1.69338495175199,0.215515442906661,1.6933782069708,0.13029812791931,0,0.115930309854477,0.13029812791931,0.86970187208069,0.13029812791931,0.13029812791931,"all","linear"
"2281",1,0.7328,0.773908428474897,"Exp2","mixed","IP",0,0.689772322455993,0.0907327666564675,0.688806001297906,0.532900886759665,0,0.978914470471269,0.532900886759665,0.467099113240335,0.532900886759665,0.532900886759665,"all","linear"
"2282",1,0.663061306494331,0.781932599575157,"Exp2","mixed","IP",0,0.657674696035529,0.0886216436526828,0.657882921468127,0.484507162741937,0,1.00081301037378,0.484507162741937,0.515492837258063,0.484507162741937,0.484507162741937,"all","linear"
"2283",1,1.60005476290647,1.41389368696218,"Exp2","mixed","IP",0,1.55552121237594,0.199144005747913,1.55354357646835,0.109598898302686,0,0.19633395707749,0.109598898302686,0.890401101697314,0.109598898302686,0.109598898302686,"all","linear"
"2284",1,1.954332247557,1.83764928889286,"Exp2","mixed","IP",0,1.83685668638471,0.233068125940635,1.83681119905756,0.154162499685761,0,0.0323177172928652,0.154162499685761,0.845837500314239,0.154162499685761,0.154162499685761,"all","linear"
"2285",1,0.663061306494331,0.717929253189141,"Exp2","mixed","IP",0,0.657674696035529,0.0886216436526828,0.658046608568288,0.484507162741937,0,1.00136652608189,0.484507162741937,0.515492837258063,0.484507162741937,0.484507162741937,"all","linear"
"2286",1,1.31,1.1659999502408,"Exp2","mixed","IP",0,1.30117452356428,0.170058492528277,1.30150186780036,0.0766142798595575,0,0.356895838171501,0.0766142798595575,0.923385720140443,0.0766142798595575,0.0766142798595575,"all","linear"
"2287",1,1.44778166151097,1.34187736556123,"Exp2","mixed","IP",0,1.42451206719256,0.183989148169954,1.42414580451726,0.091801124688316,0,0.26747079123328,0.091801124688316,0.908198875311684,0.091801124688316,0.091801124688316,"all","linear"
"2288",1,0.4912,0.557904870607672,"Exp2","mixed","IP",0,0.546430891254462,0.0823128905145906,0.546181386240439,0.344293961159385,0,1.08287908888964,0.344293961159385,0.655706038840615,0.344293961159385,0.344293961159385,"all","linear"
"2289",1,1.44778166151097,1.5178813588318,"Exp2","mixed","IP",0,1.42451206719256,0.183989148169954,1.42489177059916,0.091801124688316,0,0.275323088861051,0.091801124688316,0.908198875311684,0.091801124688316,0.091801124688316,"all","linear"
"2290",1,1.76834346805288,1.7339035768382,"Exp2","mixed","IP",0,1.69338495175199,0.215515442906661,1.69323467842461,0.13029812791931,0,0.1204622359085,0.13029812791931,0.86970187208069,0.13029812791931,0.13029812791931,"all","linear"
"2291",1,1.44778166151097,1.42196295340182,"Exp2","mixed","IP",0,1.42451206719256,0.183989148169954,1.42394734104103,0.091801124688316,0,0.270970471875232,0.091801124688316,0.908198875311684,0.091801124688316,0.091801124688316,"all","linear"
"2292",1,1.31,1.34994569899391,"Exp2","mixed","IP",0,1.30117452356428,0.170058492528277,1.30146784928827,0.0766142798595575,0,0.363917905031391,0.0766142798595575,0.923385720140443,0.0766142798595575,0.0766142798595575,"all","linear"
"2293",1,1.954332247557,1.94988349852611,"Exp2","mixed","IP",0,1.83685668638471,0.233068125940635,1.83693318708758,0.154162499685761,0,0.0400022887876233,0.154162499685761,0.845837500314239,0.154162499685761,0.154162499685761,"all","linear"
"2294",1,0.542862864224572,0.597894794133026,"Exp2","mixed","IP",0,0.585250744150979,0.0843751163403737,0.585264434679743,0.389382579742707,0,1.05755325265455,0.389382579742707,0.610617420257293,0.389382579742707,0.389382579742707,"all","linear"
"2295",1,1.76834346805288,1.63787507658344,"Exp2","mixed","IP",0,1.69338495175199,0.215515442906661,1.69254207397304,0.13029812791931,0,0.116708860071185,0.13029812791931,0.86970187208069,0.13029812791931,0.13029812791931,"all","linear"
"2296",1,0.7328,0.765906027534584,"Exp2","mixed","IP",0,0.689772322455993,0.0907327666564675,0.68971610546035,0.532900886759665,0,0.983117594677824,0.532900886759665,0.467099113240335,0.532900886759665,0.532900886759665,"all","linear"
"2297",1,1.76834346805288,1.65388236647959,"Exp2","mixed","IP",0,1.69338495175199,0.215515442906661,1.69350401964902,0.13029812791931,0,0.116372168799195,0.13029812791931,0.86970187208069,0.13029812791931,0.13029812791931,"all","linear"
"2298",1,1.954332247557,1.94192277190086,"Exp2","mixed","IP",0,1.83685668638471,0.233068125940635,1.83674952978299,0.154162499685761,0,0.0397982020118196,0.154162499685761,0.845837500314239,0.154162499685761,0.154162499685761,"all","linear"
"2299",1,1.44778166151097,1.38994961762182,"Exp2","mixed","IP",0,1.42451206719256,0.183989148169954,1.42395813861675,0.091801124688316,0,0.280386937602937,0.091801124688316,0.908198875311684,0.091801124688316,0.091801124688316,"all","linear"
"2300",1,0.4912,0.509876469875962,"Exp2","mixed","IP",0,0.546430891254462,0.0823128905145906,0.546369975219019,0.344293961159385,0,1.07941971100617,0.344293961159385,0.655706038840615,0.344293961159385,0.344293961159385,"all","linear"
"2301",1,1.76834346805288,1.82985650352566,"Exp2","mixed","IP",0,1.69338495175199,0.215515442906661,1.69332611378023,0.13029812791931,0,0.122037054841739,0.13029812791931,0.86970187208069,0.13029812791931,0.13029812791931,"all","linear"
"2302",1,1.31,1.18987124503656,"Exp2","mixed","IP",0,1.30117452356428,0.170058492528277,1.3018725913076,0.0766142798595575,0,0.348288273266588,0.0766142798595575,0.923385720140443,0.0766142798595575,0.0766142798595575,"all","linear"
"2303",1,0.7328,0.661952565926185,"Exp2","mixed","IP",0,0.689772322455993,0.0907327666564675,0.689904029209795,0.532900886759665,0,0.981344675906339,0.532900886759665,0.467099113240335,0.532900886759665,0.532900886759665,"all","linear"
"2304",1,1.31,1.27789143530572,"Exp2","mixed","IP",0,1.30117452356428,0.170058492528277,1.30235666668761,0.0766142798595575,0,0.351577886007649,0.0766142798595575,0.923385720140443,0.0766142798595575,0.0766142798595575,"all","linear"
"2305",1,0.599959465297448,0.613919811159576,"Exp2","mixed","IP",0,0.622595315552049,0.0864900532132168,0.623010328227427,0.436381441017193,0,1.02842280001673,0.436381441017193,0.563618558982807,0.436381441017193,0.436381441017193,"all","linear"
"2306",1,1.44778166151097,1.24589085062144,"Exp2","mixed","IP",0,1.42451206719256,0.183989148169954,1.42618632997684,0.091801124688316,0,0.272412791305101,0.091801124688316,0.908198875311684,0.091801124688316,0.091801124688316,"all","linear"
"2307",1,1.60005476290647,1.81386880677746,"Exp2","mixed","IP",0,1.55552121237594,0.199144005747913,1.55569601056118,0.109598898302686,0,0.195941179493264,0.109598898302686,0.890401101697314,0.109598898302686,0.109598898302686,"all","linear"
"2308",1,0.663061306494331,0.677883349244439,"Exp2","mixed","IP",0,0.657674696035529,0.0886216436526828,0.657809246370736,0.484507162741937,0,1.0121849730795,0.484507162741937,0.515492837258063,0.484507162741937,0.484507162741937,"all","linear"
"2309",1,1.60005476290647,1.70187095891197,"Exp2","mixed","IP",0,1.55552121237594,0.199144005747913,1.55724159656747,0.109598898302686,0,0.200309713790118,0.109598898302686,0.890401101697314,0.109598898302686,0.109598898302686,"all","linear"
"2310",1,0.542862864224572,0.421928121140809,"Exp2","mixed","IP",0,0.585250744150979,0.0843751163403737,0.58590224672295,0.389382579742707,0,1.05101768595132,0.389382579742707,0.610617420257293,0.389382579742707,0.389382579742707,"all","linear"
"2311",1,0.4912,0.597916875296505,"Exp2","mixed","IP",0,0.546430891254462,0.0823128905145906,0.54623098686989,0.344293961159385,0,1.08074921145828,0.344293961159385,0.655706038840615,0.344293961159385,0.344293961159385,"all","linear"
"2312",1,1.60005476290647,1.40588382196984,"Exp2","mixed","IP",0,1.55552121237594,0.199144005747913,1.55668190715322,0.109598898302686,0,0.192610340374655,0.109598898302686,0.890401101697314,0.109598898302686,0.109598898302686,"all","linear"
"2313",1,0.7328,0.645892405635095,"Exp2","mixed","IP",0,0.689772322455993,0.0907327666564675,0.69025756057005,0.532900886759665,0,0.988711199652051,0.532900886759665,0.467099113240335,0.532900886759665,0.532900886759665,"all","linear"
"2314",1,1.44778166151097,1.26191959967764,"Exp2","mixed","IP",0,1.42451206719256,0.183989148169954,1.42460375811821,0.091801124688316,0,0.281471051980764,0.091801124688316,0.908198875311684,0.091801124688316,0.091801124688316,"all","linear"
"2315",1,0.663061306494331,0.629951359234838,"Exp2","mixed","IP",0,0.657674696035529,0.0886216436526828,0.657268775651783,0.484507162741937,0,1.0050723906578,0.484507162741937,0.515492837258063,0.484507162741937,0.484507162741937,"all","linear"
"2316",1,1.76834346805288,1.75786039727427,"Exp2","mixed","IP",0,1.69338495175199,0.215515442906661,1.69341960996932,0.13029812791931,0,0.113067449376379,0.13029812791931,0.86970187208069,0.13029812791931,0.13029812791931,"all","linear"
"2317",1,1.76834346805288,1.65395047598759,"Exp2","mixed","IP",0,1.69338495175199,0.215515442906661,1.69253273166477,0.13029812791931,0,0.114756943464272,0.13029812791931,0.86970187208069,0.13029812791931,0.13029812791931,"all","linear"
"2318",1,1.31,1.17386022311257,"Exp2","mixed","IP",0,1.30117452356428,0.170058492528277,1.30082481432601,0.0766142798595575,0,0.360906946355421,0.0766142798595575,0.923385720140443,0.0766142798595575,0.0766142798595575,"all","linear"
"2319",1,1.31,1.30187717895933,"Exp2","mixed","IP",0,1.30117452356428,0.170058492528277,1.30156738557231,0.0766142798595575,0,0.356412630870793,0.0766142798595575,0.923385720140443,0.0766142798595575,0.0766142798595575,"all","linear"
"2320",1,0.542862864224572,0.581923580508374,"Exp2","mixed","IP",0,0.585250744150979,0.0843751163403737,0.584949874944869,0.389382579742707,0,1.05155380810219,0.389382579742707,0.610617420257293,0.389382579742707,0.389382579742707,"all","linear"
"2321",1,1.954332247557,1.69392298338425,"Exp2","mixed","IP",0,1.83685668638471,0.233068125940635,1.83647286549693,0.154162499685761,0,0.0359704865724908,0.154162499685761,0.845837500314239,0.154162499685761,0.154162499685761,"all","linear"
"2322",1,0.599959465297448,0.621989699602636,"Exp2","mixed","IP",0,0.622595315552049,0.0864900532132168,0.622864001583463,0.436381441017193,0,1.02743029510631,0.436381441017193,0.563618558982807,0.436381441017193,0.436381441017193,"all","linear"
"2323",1,1.44778166151097,1.48590689834236,"Exp2","mixed","IP",0,1.42451206719256,0.183989148169954,1.42366657778712,0.091801124688316,0,0.276081383239169,0.091801124688316,0.908198875311684,0.091801124688316,0.091801124688316,"all","linear"
"2324",1,0.7328,0.709951110433394,"Exp2","mixed","IP",0,0.689772322455993,0.0907327666564675,0.689561719883014,0.532900886759665,0,0.986001086320675,0.532900886759665,0.467099113240335,0.532900886759665,0.532900886759665,"all","linear"
"2325",1,0.542862864224572,0.493894060165985,"Exp2","mixed","IP",0,0.585250744150979,0.0843751163403737,0.585013294264986,0.389382579742707,0,1.05217422187869,0.389382579742707,0.610617420257293,0.389382579742707,0.389382579742707,"all","linear"
"2326",1,0.599959465297448,0.677866555121,"Exp2","mixed","IP",0,0.622595315552049,0.0864900532132168,0.62205205513168,0.436381441017193,0,1.03027469557457,0.436381441017193,0.563618558982807,0.436381441017193,0.436381441017193,"all","linear"
"2327",1,0.663061306494331,0.581884394214285,"Exp2","mixed","IP",0,0.657674696035529,0.0886216436526828,0.657384890732455,0.484507162741937,0,1.0033815286712,0.484507162741937,0.515492837258063,0.484507162741937,0.484507162741937,"all","linear"
"2328",1,0.7328,0.813962729480409,"Exp2","mixed","IP",0,0.689772322455993,0.0907327666564675,0.690246594556367,0.532900886759665,0,0.979535840166267,0.532900886759665,0.467099113240335,0.532900886759665,0.532900886759665,"all","linear"
"2329",1,0.4912,0.549919574796149,"Exp2","mixed","IP",0,0.546430891254462,0.0823128905145906,0.546281535860534,0.344293961159385,0,1.07964968263494,0.344293961159385,0.655706038840615,0.344293961159385,0.344293961159385,"all","linear"
"2330",1,0.542862864224572,0.541969422250986,"Exp2","mixed","IP",0,0.585250744150979,0.0843751163403737,0.58517375253578,0.389382579742707,0,1.05780092964654,0.389382579742707,0.610617420257293,0.389382579742707,0.389382579742707,"all","linear"
"2331",1,1.954332247557,1.58950364028351,"Exp2","mixed","IP",0,1.83685668638471,0.233068125940635,1.83641271129221,0.154162499685761,0,0.0416322888513181,0.154162499685761,0.845837500314239,0.154162499685761,0.154162499685761,"all","linear"
"2332",1,0.663061306494331,0.837869789544129,"Exp2","mixed","IP",0,0.657674696035529,0.0886216436526828,0.657056362205259,0.484507162741937,0,1.01198069319582,0.484507162741937,0.515492837258063,0.484507162741937,0.484507162741937,"all","linear"
"2333",1,1.60005476290647,1.50988455593506,"Exp2","mixed","IP",0,1.55552121237594,0.199144005747913,1.5549446132742,0.109598898302686,0,0.196268411765353,0.109598898302686,0.890401101697314,0.109598898302686,0.109598898302686,"all","linear"
"2334",1,0.4912,0.525892467834638,"Exp2","mixed","IP",0,0.546430891254462,0.0823128905145906,0.546464709811055,0.344293961159385,0,1.07915981319606,0.344293961159385,0.655706038840615,0.344293961159385,0.344293961159385,"all","linear"
"2335",2,0.7328,0.669944417993975,"Exp2","mixed","IP",0,0.678545751483592,0.0782261840254074,0.679210069397644,0.776545282709656,0,1.13142405863955,0.776545282709656,0.223454717290344,0.776545282709656,0.776545282709656,"all","linear"
"2336",2,1.31,0.981950063272961,"Exp2","mixed","IP",0,1.38386179232933,0.188652906120016,1.38559461298489,0.399284390815343,0,0.251695699514651,0.399284390815343,0.600715609184657,0.399284390815343,0.399284390815343,"all","linear"
"2337",2,0.4912,0.669973652038607,"Exp2","mixed","IP",0,0.596284036819547,0.0724373226246034,0.59606701975636,0.612818444550474,0,1.20795833789268,0.612818444550474,0.387181555449526,0.612818444550474,0.612818444550474,"all","linear"
"2338",2,1.954332247557,1.50190090031538,"Exp2","mixed","IP",0,1.68187220391214,0.22845857866996,1.68160356208649,0.591426740300158,0,0.0523769459858563,0.591426740300158,0.408573259699842,0.591426740300158,0.591426740300158,"all","linear"
"2339",2,1.44778166151097,1.37390833695827,"Exp2","mixed","IP",0,1.46872588478714,0.199160351022942,1.46803627365972,0.446762039808917,0,0.197822915323199,0.446762039808917,0.553237960191083,0.446762039808917,0.446762039808917,"all","linear"
"2340",2,0.4912,0.613909593401331,"Exp2","mixed","IP",0,0.596284036819547,0.0724373226246034,0.597042466912123,0.612818444550474,0,1.2119973891306,0.612818444550474,0.387181555449526,0.612818444550474,0.612818444550474,"all","linear"
"2341",2,1.60005476290647,1.61389373237762,"Exp2","mixed","IP",0,1.54769884258197,0.209383632221338,1.54769787334544,0.495198311397069,0,0.147934305589342,0.495198311397069,0.504801688602931,0.495198311397069,0.495198311397069,"all","linear"
"2342",2,1.44778166151097,1.52586970820994,"Exp2","mixed","IP",0,1.46872588478714,0.199160351022942,1.46901951272111,0.446762039808917,0,0.196230836227752,0.446762039808917,0.553237960191083,0.446762039808917,0.446762039808917,"all","linear"
"2343",2,1.60005476290647,1.66182170715183,"Exp2","mixed","IP",0,1.54769884258197,0.209383632221338,1.54725720809258,0.495198311397069,0,0.140838512570892,0.495198311397069,0.504801688602931,0.495198311397069,0.495198311397069,"all","linear"
"2344",2,1.76834346805288,1.78987771461107,"Exp2","mixed","IP",0,1.61917263553047,0.219188656646524,1.61950678159492,0.543714415515762,0,0.0942724996019953,0.543714415515762,0.456285584484238,0.543714415515762,0.543714415515762,"all","linear"
"2345",2,0.663061306494331,0.62192314306958,"Exp2","mixed","IP",0,0.662925021474695,0.0769849616316224,0.66310484422928,0.740507667173198,0,1.14261832455311,0.740507667173198,0.259492332826802,0.740507667173198,0.740507667173198,"all","linear"
"2346",2,0.599959465297448,0.661975341394282,"Exp2","mixed","IP",0,0.64401874908924,0.0756022023279194,0.643719390039557,0.700958878146731,0,1.16230304768661,0.700958878146731,0.299041121853269,0.700958878146731,0.700958878146731,"all","linear"
"2347",2,0.663061306494331,0.645877022940113,"Exp2","mixed","IP",0,0.662925021474695,0.0769849616316224,0.663238352794944,0.740507667173198,0,1.1489071967339,0.740507667173198,0.259492332826802,0.740507667173198,0.740507667173198,"all","linear"
"2348",2,0.599959465297448,0.565884586478205,"Exp2","mixed","IP",0,0.64401874908924,0.0756022023279194,0.643178170963085,0.700958878146731,0,1.16511123826044,0.700958878146731,0.299041121853269,0.700958878146731,0.700958878146731,"all","linear"
"2349",2,1.44778166151097,1.62193091808513,"Exp2","mixed","IP",0,1.46872588478714,0.199160351022942,1.46870450887742,0.446762039808917,0,0.201736039928273,0.446762039808917,0.553237960191083,0.446762039808917,0.446762039808917,"all","linear"
"2350",2,0.599959465297448,0.709911713183828,"Exp2","mixed","IP",0,0.64401874908924,0.0756022023279194,0.644231088821504,0.700958878146731,0,1.15937555162216,0.700958878146731,0.299041121853269,0.700958878146731,0.700958878146731,"all","linear"
"2351",2,0.599959465297448,0.813948219663871,"Exp2","mixed","IP",0,0.64401874908924,0.0756022023279194,0.643432729125888,0.700958878146731,0,1.1650992176031,0.700958878146731,0.299041121853269,0.700958878146731,0.700958878146731,"all","linear"
"2352",2,0.4912,0.645905634988594,"Exp2","mixed","IP",0,0.596284036819547,0.0724373226246034,0.595816752319633,0.612818444550474,0,1.21194479116857,0.612818444550474,0.387181555449526,0.612818444550474,0.612818444550474,"all","linear"
"2353",2,0.663061306494331,0.669932910976058,"Exp2","mixed","IP",0,0.662925021474695,0.0769849616316224,0.66324415863459,0.740507667173198,0,1.15021799086305,0.740507667173198,0.259492332826802,0.740507667173198,0.740507667173198,"all","linear"
"2354",2,0.542862864224572,0.645946376054781,"Exp2","mixed","IP",0,0.621774522947547,0.0740826809089697,0.621152152162576,0.658226765199984,0,1.19045080885326,0.658226765199984,0.341773234800016,0.658226765199984,0.658226765199984,"all","linear"
"2355",2,0.7328,0.717899760809814,"Exp2","mixed","IP",0,0.678545751483592,0.0782261840254074,0.677838221808681,0.776545282709656,0,1.12926469980351,0.776545282709656,0.223454717290344,0.776545282709656,0.776545282709656,"all","linear"
"2356",2,0.663061306494331,0.669883150898386,"Exp2","mixed","IP",0,0.662925021474695,0.0769849616316224,0.662698769453234,0.740507667173198,0,1.14292397658301,0.740507667173198,0.259492332826802,0.740507667173198,0.740507667173198,"all","linear"
"2357",2,0.7328,0.629964682786522,"Exp2","mixed","IP",0,0.678545751483592,0.0782261840254074,0.67898080335518,0.776545282709656,0,1.1282916688344,0.776545282709656,0.223454717290344,0.776545282709656,0.776545282709656,"all","linear"
"2358",2,0.542862864224572,0.62996063978062,"Exp2","mixed","IP",0,0.621774522947547,0.0740826809089697,0.621171331929129,0.658226765199984,0,1.19334029585856,0.658226765199984,0.341773234800016,0.658226765199984,0.658226765199984,"all","linear"
"2359",2,0.542862864224572,0.565924394541071,"Exp2","mixed","IP",0,0.621774522947547,0.0740826809089697,0.621708154311273,0.658226765199984,0,1.18724905985209,0.658226765199984,0.341773234800016,0.658226765199984,0.658226765199984,"all","linear"
"2360",2,1.31,1.30991158878169,"Exp2","mixed","IP",0,1.38386179232933,0.188652906120016,1.3840201126633,0.399284390815343,0,0.25285350755165,0.399284390815343,0.600715609184657,0.399284390815343,0.399284390815343,"all","linear"
"2361",2,0.4912,0.589891647432523,"Exp2","mixed","IP",0,0.596284036819547,0.0724373226246034,0.596738994189699,0.612818444550474,0,1.20725771588295,0.612818444550474,0.387181555449526,0.612818444550474,0.612818444550474,"all","linear"
"2362",2,1.76834346805288,1.86986579707082,"Exp2","mixed","IP",0,1.61917263553047,0.219188656646524,1.61980848307295,0.543714415515762,0,0.10113975724715,0.543714415515762,0.456285584484238,0.543714415515762,0.543714415515762,"all","linear"
"2363",2,1.76834346805288,1.64586147291993,"Exp2","mixed","IP",0,1.61917263553047,0.219188656646524,1.61980841411929,0.543714415515762,0,0.102885055564434,0.543714415515762,0.456285584484238,0.543714415515762,0.543714415515762,"all","linear"
"2364",2,0.7328,0.749891759391176,"Exp2","mixed","IP",0,0.678545751483592,0.0782261840254074,0.678973211966783,0.776545282709656,0,1.13557708573569,0.776545282709656,0.223454717290344,0.776545282709656,0.776545282709656,"all","linear"
"2365",2,1.31,1.12592089889222,"Exp2","mixed","IP",0,1.38386179232933,0.188652906120016,1.38586205411078,0.399284390815343,0,0.253943163632364,0.399284390815343,0.600715609184657,0.399284390815343,0.399284390815343,"all","linear"
"2366",2,1.954332247557,1.68582970110947,"Exp2","mixed","IP",0,1.68187220391214,0.22845857866996,1.68266201095151,0.591426740300158,0,0.0593851834136069,0.591426740300158,0.408573259699842,0.591426740300158,0.591426740300158,"all","linear"
"2367",2,1.954332247557,1.65387657758765,"Exp2","mixed","IP",0,1.68187220391214,0.22845857866996,1.68218587771071,0.591426740300158,0,0.0581774293352827,0.591426740300158,0.408573259699842,0.591426740300158,0.591426740300158,"all","linear"
"2368",2,1.60005476290647,1.82189303822452,"Exp2","mixed","IP",0,1.54769884258197,0.209383632221338,1.54676599982479,0.495198311397069,0,0.142404004235628,0.495198311397069,0.504801688602931,0.495198311397069,0.495198311397069,"all","linear"
"2369",2,0.542862864224572,0.565944920570473,"Exp2","mixed","IP",0,0.621774522947547,0.0740826809089697,0.62185421929873,0.658226765199984,0,1.1857422826873,0.658226765199984,0.341773234800016,0.658226765199984,0.658226765199984,"all","linear"
"2370",2,1.76834346805288,1.59784672900787,"Exp2","mixed","IP",0,1.61917263553047,0.219188656646524,1.61899006203251,0.543714415515762,0,0.102044885697617,0.543714415515762,0.456285584484238,0.543714415515762,0.543714415515762,"all","linear"
"2371",2,1.31,1.06981174518296,"Exp2","mixed","IP",0,1.38386179232933,0.188652906120016,1.38431848500668,0.399284390815343,0,0.254947183401742,0.399284390815343,0.600715609184657,0.399284390815343,0.399284390815343,"all","linear"
"2372",2,0.7328,0.806018640127149,"Exp2","mixed","IP",0,0.678545751483592,0.0782261840254074,0.679218515674058,0.776545282709656,0,1.12903142873678,0.776545282709656,0.223454717290344,0.776545282709656,0.776545282709656,"all","linear"
"2373",2,0.542862864224572,0.765924767736578,"Exp2","mixed","IP",0,0.621774522947547,0.0740826809089697,0.621836338819148,0.658226765199984,0,1.18295300544175,0.658226765199984,0.341773234800016,0.658226765199984,0.658226765199984,"all","linear"
"2374",2,1.31,1.3338539616343,"Exp2","mixed","IP",0,1.38386179232933,0.188652906120016,1.3842111531931,0.399284390815343,0,0.25176501331941,0.399284390815343,0.600715609184657,0.399284390815343,0.399284390815343,"all","linear"
"2375",2,1.954332247557,1.86989347611598,"Exp2","mixed","IP",0,1.68187220391214,0.22845857866996,1.68231361661728,0.591426740300158,0,0.0604249843054698,0.591426740300158,0.408573259699842,0.591426740300158,0.591426740300158,"all","linear"
"2376",2,0.663061306494331,0.61392607642847,"Exp2","mixed","IP",0,0.662925021474695,0.0769849616316224,0.662734377208941,0.740507667173198,0,1.14497664638721,0.740507667173198,0.259492332826802,0.740507667173198,0.740507667173198,"all","linear"
"2377",2,1.60005476290647,1.48587006896923,"Exp2","mixed","IP",0,1.54769884258197,0.209383632221338,1.54724287156256,0.495198311397069,0,0.148999924785203,0.495198311397069,0.504801688602931,0.495198311397069,0.495198311397069,"all","linear"
"2378",2,1.76834346805288,1.70986941711453,"Exp2","mixed","IP",0,1.61917263553047,0.219188656646524,1.61909415658057,0.543714415515762,0,0.102148511176397,0.543714415515762,0.456285584484238,0.543714415515762,0.543714415515762,"all","linear"
"2379",2,1.31,1.15780871230891,"Exp2","mixed","IP",0,1.38386179232933,0.188652906120016,1.38453783675829,0.399284390815343,0,0.249830875964017,0.399284390815343,0.600715609184657,0.399284390815343,0.399284390815343,"all","linear"
"2380",2,1.31,1.1898887240277,"Exp2","mixed","IP",0,1.38386179232933,0.188652906120016,1.38408414657739,0.399284390815343,0,0.248499884969295,0.399284390815343,0.600715609184657,0.399284390815343,0.399284390815343,"all","linear"
"2381",2,1.954332247557,1.89383398296195,"Exp2","mixed","IP",0,1.68187220391214,0.22845857866996,1.68117065466594,0.591426740300158,0,0.0638494600277608,0.591426740300158,0.408573259699842,0.591426740300158,0.591426740300158,"all","linear"
"2382",2,1.954332247557,1.82984718679654,"Exp2","mixed","IP",0,1.68187220391214,0.22845857866996,1.68290399266641,0.591426740300158,0,0.0624921928082527,0.591426740300158,0.408573259699842,0.591426740300158,0.591426740300158,"all","linear"
"2383",2,1.44778166151097,1.46185865401276,"Exp2","mixed","IP",0,1.46872588478714,0.199160351022942,1.46755843481426,0.446762039808917,0,0.19283217842329,0.446762039808917,0.553237960191083,0.446762039808917,0.446762039808917,"all","linear"
"2384",2,0.7328,0.717914999833738,"Exp2","mixed","IP",0,0.678545751483592,0.0782261840254074,0.678494205142998,0.776545282709656,0,1.13441903220225,0.776545282709656,0.223454717290344,0.776545282709656,0.776545282709656,"all","linear"
"2385",2,1.76834346805288,1.56593527955556,"Exp2","mixed","IP",0,1.61917263553047,0.219188656646524,1.61897567917511,0.543714415515762,0,0.101276981938154,0.543714415515762,0.456285584484238,0.543714415515762,0.543714415515762,"all","linear"
"2386",2,0.663061306494331,0.693918512897653,"Exp2","mixed","IP",0,0.662925021474695,0.0769849616316224,0.662672652830543,0.740507667173198,0,1.15584555296549,0.740507667173198,0.259492332826802,0.740507667173198,0.740507667173198,"all","linear"
"2387",2,0.599959465297448,0.741912419776781,"Exp2","mixed","IP",0,0.64401874908924,0.0756022023279194,0.644028443531614,0.700958878146731,0,1.15884492930103,0.700958878146731,0.299041121853269,0.700958878146731,0.700958878146731,"all","linear"
"2388",2,0.542862864224572,0.605906617751316,"Exp2","mixed","IP",0,0.621774522947547,0.0740826809089697,0.621733411888602,0.658226765199984,0,1.18565298781215,0.658226765199984,0.341773234800016,0.658226765199984,0.658226765199984,"all","linear"
"2389",2,0.542862864224572,0.613951578470733,"Exp2","mixed","IP",0,0.621774522947547,0.0740826809089697,0.622092952868856,0.658226765199984,0,1.18236840829561,0.658226765199984,0.341773234800016,0.658226765199984,0.658226765199984,"all","linear"
"2390",2,0.663061306494331,0.629921142714011,"Exp2","mixed","IP",0,0.662925021474695,0.0769849616316224,0.662808648266032,0.740507667173198,0,1.15179103180789,0.740507667173198,0.259492332826802,0.740507667173198,0.740507667173198,"all","linear"
"2391",2,1.76834346805288,1.47786056230689,"Exp2","mixed","IP",0,1.61917263553047,0.219188656646524,1.62010432694299,0.543714415515762,0,0.101241834764103,0.543714415515762,0.456285584484238,0.543714415515762,0.543714415515762,"all","linear"
"2392",2,1.31,1.54181252641501,"Exp2","mixed","IP",0,1.38386179232933,0.188652906120016,1.38484067952842,0.399284390815343,0,0.253504213590146,0.399284390815343,0.600715609184657,0.399284390815343,0.399284390815343,"all","linear"
"2393",2,0.599959465297448,0.68591087223831,"Exp2","mixed","IP",0,0.64401874908924,0.0756022023279194,0.644008639754643,0.700958878146731,0,1.16492306968072,0.700958878146731,0.299041121853269,0.700958878146731,0.700958878146731,"all","linear"
"2394",2,0.599959465297448,0.605912837760116,"Exp2","mixed","IP",0,0.64401874908924,0.0756022023279194,0.644579048160765,0.700958878146731,0,1.16670654286364,0.700958878146731,0.299041121853269,0.700958878146731,0.700958878146731,"all","linear"
"2395",2,0.663061306494331,0.741889716740843,"Exp2","mixed","IP",0,0.662925021474695,0.0769849616316224,0.663144754335784,0.740507667173198,0,1.1462129013878,0.740507667173198,0.259492332826802,0.740507667173198,0.740507667173198,"all","linear"
"2396",2,0.7328,0.717923085849179,"Exp2","mixed","IP",0,0.678545751483592,0.0782261840254074,0.678207568433059,0.776545282709656,0,1.1304968682291,0.776545282709656,0.223454717290344,0.776545282709656,0.776545282709656,"all","linear"
"2397",2,1.44778166151097,1.15786096039301,"Exp2","mixed","IP",0,1.46872588478714,0.199160351022942,1.47033878056506,0.446762039808917,0,0.206378978615827,0.446762039808917,0.553237960191083,0.446762039808917,0.446762039808917,"all","linear"
"2398",2,1.60005476290647,1.26990355252929,"Exp2","mixed","IP",0,1.54769884258197,0.209383632221338,1.5467663578081,0.495198311397069,0,0.14630971141546,0.495198311397069,0.504801688602931,0.495198311397069,0.495198311397069,"all","linear"
"2399",2,1.44778166151097,1.26995828861618,"Exp2","mixed","IP",0,1.46872588478714,0.199160351022942,1.46801701263077,0.446762039808917,0,0.196663538991409,0.446762039808917,0.553237960191083,0.446762039808917,0.446762039808917,"all","linear"
"2400",2,0.7328,0.621931229085021,"Exp2","mixed","IP",0,0.678545751483592,0.0782261840254074,0.678624822609721,0.776545282709656,0,1.13250071650647,0.776545282709656,0.223454717290344,0.776545282709656,0.776545282709656,"all","linear"
"2401",2,1.60005476290647,1.24593474463472,"Exp2","mixed","IP",0,1.54769884258197,0.209383632221338,1.5476345535292,0.495198311397069,0,0.150056214362565,0.495198311397069,0.504801688602931,0.495198311397069,0.495198311397069,"all","linear"
"2402",2,1.60005476290647,1.52586473220435,"Exp2","mixed","IP",0,1.54769884258197,0.209383632221338,1.54702649323328,0.495198311397069,0,0.140570123526822,0.495198311397069,0.504801688602931,0.495198311397069,0.495198311397069,"all","linear"
"2403",2,1.76834346805288,1.6938460497804,"Exp2","mixed","IP",0,1.61917263553047,0.219188656646524,1.62134929500585,0.543714415515762,0,0.102356754719492,0.543714415515762,0.456285584484238,0.543714415515762,0.543714415515762,"all","linear"
"2404",2,0.4912,0.517927377655724,"Exp2","mixed","IP",0,0.596284036819547,0.0724373226246034,0.596324330905911,0.612818444550474,0,1.20993233947486,0.612818444550474,0.387181555449526,0.612818444550474,0.612818444550474,"all","linear"
"2405",2,0.599959465297448,0.605990587882843,"Exp2","mixed","IP",0,0.64401874908924,0.0756022023279194,0.643636283357888,0.700958878146731,0,1.16992801261084,0.700958878146731,0.299041121853269,0.700958878146731,0.700958878146731,"all","linear"
"2406",2,1.44778166151097,1.54991502222765,"Exp2","mixed","IP",0,1.46872588478714,0.199160351022942,1.46864525887003,0.446762039808917,0,0.192365606772805,0.446762039808917,0.553237960191083,0.446762039808917,0.446762039808917,"all","linear"
"2407",2,0.4912,0.61392141142278,"Exp2","mixed","IP",0,0.596284036819547,0.0724373226246034,0.596087823292573,0.612818444550474,0,1.20451702098031,0.612818444550474,0.387181555449526,0.612818444550474,0.612818444550474,"all","linear"
"2408",2,1.60005476290647,1.47367262969055,"Exp2","mixed","IP",0,1.54769884258197,0.209383632221338,1.54845134256646,0.495198311397069,0,0.144254708621989,0.495198311397069,0.504801688602931,0.495198311397069,0.495198311397069,"all","linear"
"2409",2,0.663061306494331,0.661992446421209,"Exp2","mixed","IP",0,0.662925021474695,0.0769849616316224,0.662434262165638,0.740507667173198,0,1.14404579005134,0.740507667173198,0.259492332826802,0.740507667173198,0.740507667173198,"all","linear"
"2410",2,1.44778166151097,1.52588059322807,"Exp2","mixed","IP",0,1.46872588478714,0.199160351022942,1.46819400105264,0.446762039808917,0,0.198609911175148,0.446762039808917,0.553237960191083,0.446762039808917,0.446762039808917,"all","linear"
"2411",2,1.76834346805288,1.70188852249703,"Exp2","mixed","IP",0,1.61917263553047,0.219188656646524,1.61877207345602,0.543714415515762,0,0.101390430344718,0.543714415515762,0.456285584484238,0.543714415515762,0.543714415515762,"all","linear"
"2412",2,1.31,1.36581952517372,"Exp2","mixed","IP",0,1.38386179232933,0.188652906120016,1.3846328054201,0.399284390815343,0,0.254564178963132,0.399284390815343,0.600715609184657,0.399284390815343,0.399284390815343,"all","linear"
"2413",2,0.4912,0.533958830998017,"Exp2","mixed","IP",0,0.596284036819547,0.0724373226246034,0.596390307186291,0.612818444550474,0,1.20486388920462,0.612818444550474,0.387181555449526,0.612818444550474,0.612818444550474,"all","linear"
"2414",2,1.31,1.54184798047208,"Exp2","mixed","IP",0,1.38386179232933,0.188652906120016,1.38296145066443,0.399284390815343,0,0.246219884720622,0.399284390815343,0.600715609184657,0.399284390815343,0.399284390815343,"all","linear"
"2415",2,1.60005476290647,1.56584104640569,"Exp2","mixed","IP",0,1.54769884258197,0.209383632221338,1.54715729381525,0.495198311397069,0,0.148278818069273,0.495198311397069,0.504801688602931,0.495198311397069,0.495198311397069,"all","linear"
"2416",2,0.542862864224572,0.621948023112054,"Exp2","mixed","IP",0,0.621774522947547,0.0740826809089697,0.621989260554883,0.658226765199984,0,1.18279633794936,0.658226765199984,0.341773234800016,0.658226765199984,0.658226765199984,"all","linear"
"2417",2,1.954332247557,1.91783762291379,"Exp2","mixed","IP",0,1.68187220391214,0.22845857866996,1.6825231143573,0.591426740300158,0,0.0593684433341735,0.591426740300158,0.408573259699842,0.591426740300158,0.591426740300158,"all","linear"
"2418",2,0.7328,0.797899972290907,"Exp2","mixed","IP",0,0.678545751483592,0.0782261840254074,0.678509691756598,0.776545282709656,0,1.12739686080658,0.776545282709656,0.223454717290344,0.776545282709656,0.776545282709656,"all","linear"
"2419",2,0.7328,0.597930699139397,"Exp2","mixed","IP",0,0.678545751483592,0.0782261840254074,0.679353058983347,0.776545282709656,0,1.12901562663343,0.776545282709656,0.223454717290344,0.776545282709656,0.776545282709656,"all","linear"
"2420",2,0.663061306494331,0.645904390985379,"Exp2","mixed","IP",0,0.662925021474695,0.0769849616316224,0.662607686941933,0.740507667173198,0,1.15010611878097,0.740507667173198,0.259492332826802,0.740507667173198,0.740507667173198,"all","linear"
"2421",2,1.31,1.46983021861524,"Exp2","mixed","IP",0,1.38386179232933,0.188652906120016,1.38239214477467,0.399284390815343,0,0.251339383867617,0.399284390815343,0.600715609184657,0.399284390815343,0.399284390815343,"all","linear"
"2422",2,1.44778166151097,1.74990357740899,"Exp2","mixed","IP",0,1.46872588478714,0.199160351022942,1.46838761399151,0.446762039808917,0,0.193735724563181,0.446762039808917,0.553237960191083,0.446762039808917,0.446762039808917,"all","linear"
"2423",2,1.76834346805288,1.73387772207207,"Exp2","mixed","IP",0,1.61917263553047,0.219188656646524,1.61882663169003,0.543714415515762,0,0.106377161810827,0.543714415515762,0.456285584484238,0.543714415515762,0.543714415515762,"all","linear"
"2424",2,1.60005476290647,1.58178697461699,"Exp2","mixed","IP",0,1.54769884258197,0.209383632221338,1.54677112466899,0.495198311397069,0,0.145720495736001,0.495198311397069,0.504801688602931,0.495198311397069,0.495198311397069,"all","linear"
"2425",2,0.7328,0.533964118010772,"Exp2","mixed","IP",0,0.678545751483592,0.0782261840254074,0.67799294029143,0.776545282709656,0,1.12733880625023,0.776545282709656,0.223454717290344,0.776545282709656,0.776545282709656,"all","linear"
"2426",2,0.599959465297448,0.597914216112258,"Exp2","mixed","IP",0,0.64401874908924,0.0756022023279194,0.644488601509574,0.700958878146731,0,1.16607730401618,0.700958878146731,0.299041121853269,0.700958878146731,0.700958878146731,"all","linear"
"2427",2,1.954332247557,1.63786316227561,"Exp2","mixed","IP",0,1.68187220391214,0.22845857866996,1.6810484691164,0.591426740300158,0,0.0607057165773905,0.591426740300158,0.408573259699842,0.591426740300158,0.591426740300158,"all","linear"
"2428",2,0.7328,0.589934876497864,"Exp2","mixed","IP",0,0.678545751483592,0.0782261840254074,0.678528757527165,0.776545282709656,0,1.12705485936034,0.776545282709656,0.223454717290344,0.776545282709656,0.776545282709656,"all","linear"
"2429",2,1.76834346805288,1.64585369790802,"Exp2","mixed","IP",0,1.61917263553047,0.219188656646524,1.61860233472068,0.543714415515762,0,0.0998222506594495,0.543714415515762,0.456285584484238,0.543714415515762,0.543714415515762,"all","linear"
"2430",2,1.60005476290647,1.8299025448905,"Exp2","mixed","IP",0,1.54769884258197,0.209383632221338,1.54802835325805,0.495198311397069,0,0.14448335056543,0.495198311397069,0.504801688602931,0.495198311397069,0.495198311397069,"all","linear"
"2431",2,0.542862864224572,0.677913494593668,"Exp2","mixed","IP",0,0.621774522947547,0.0740826809089697,0.621742908445695,0.658226765199984,0,1.19518689477432,0.658226765199984,0.341773234800016,0.658226765199984,0.658226765199984,"all","linear"
"2432",2,0.542862864224572,0.533909692920133,"Exp2","mixed","IP",0,0.621774522947547,0.0740826809089697,0.622021577069662,0.658226765199984,0,1.1856487833977,0.658226765199984,0.341773234800016,0.658226765199984,0.658226765199984,"all","linear"
"2433",2,0.4912,0.613909593401331,"Exp2","mixed","IP",0,0.596284036819547,0.0724373226246034,0.596328759785728,0.612818444550474,0,1.21213665404203,0.612818444550474,0.387181555449526,0.612818444550474,0.612818444550474,"all","linear"
"2434",2,0.663061306494331,0.597978593214066,"Exp2","mixed","IP",0,0.662925021474695,0.0769849616316224,0.662807416667368,0.740507667173198,0,1.14973188274547,0.740507667173198,0.259492332826802,0.740507667173198,0.740507667173198,"all","linear"
"2435",2,0.599959465297448,0.581932522847637,"Exp2","mixed","IP",0,0.64401874908924,0.0756022023279194,0.644076503507419,0.700958878146731,0,1.16888386181948,0.700958878146731,0.299041121853269,0.700958878146731,0.700958878146731,"all","linear"
"2436",2,0.599959465297448,0.685952546300541,"Exp2","mixed","IP",0,0.64401874908924,0.0756022023279194,0.644255286182498,0.700958878146731,0,1.16400396248642,0.700958878146731,0.299041121853269,0.700958878146731,0.700958878146731,"all","linear"
"2437",2,1.954332247557,1.60571628544858,"Exp2","mixed","IP",0,1.68187220391214,0.22845857866996,1.68061903625473,0.591426740300158,0,0.0598873111484257,0.591426740300158,0.408573259699842,0.591426740300158,0.591426740300158,"all","linear"
"2438",2,0.4912,0.541886544531735,"Exp2","mixed","IP",0,0.596284036819547,0.0724373226246034,0.596411718382447,0.612818444550474,0,1.20524713036801,0.612818444550474,0.387181555449526,0.612818444550474,0.612818444550474,"all","linear"
"2439",2,0.542862864224572,0.789293033682043,"Exp2","mixed","IP",0,0.621774522947547,0.0740826809089697,0.62177547420156,0.658226765199984,0,1.18481786461676,0.658226765199984,0.341773234800016,0.658226765199984,0.658226765199984,"all","linear"
"2440",2,1.31,1.11792600925401,"Exp2","mixed","IP",0,1.38386179232933,0.188652906120016,1.38347887106146,0.399284390815343,0,0.250407390580433,0.399284390815343,0.600715609184657,0.399284390815343,0.399284390815343,"all","linear"
"2441",2,1.44778166151097,1.61377990619803,"Exp2","mixed","IP",0,1.46872588478714,0.199160351022942,1.46998300663206,0.446762039808917,0,0.19529193239182,0.446762039808917,0.553237960191083,0.446762039808917,0.446762039808917,"all","linear"
"2442",2,1.954332247557,1.90186619266024,"Exp2","mixed","IP",0,1.68187220391214,0.22845857866996,1.68321983005135,0.591426740300158,0,0.0631588304707533,0.591426740300158,0.408573259699842,0.591426740300158,0.591426740300158,"all","linear"
"2443",2,0.4912,0.653941887692781,"Exp2","mixed","IP",0,0.596284036819547,0.0724373226246034,0.596114060800005,0.612818444550474,0,1.21061679419809,0.612818444550474,0.387181555449526,0.612818444550474,0.612818444550474,"all","linear"
"2444",2,0.599959465297448,0.589907197452703,"Exp2","mixed","IP",0,0.64401874908924,0.0756022023279194,0.644065070181854,0.700958878146731,0,1.16011918431341,0.700958878146731,0.299041121853269,0.700958878146731,0.700958878146731,"all","linear"
"2445",2,1.76834346805288,1.51783127850285,"Exp2","mixed","IP",0,1.61917263553047,0.219188656646524,1.62012193205448,0.543714415515762,0,0.101748402615896,0.543714415515762,0.456285584484238,0.543714415515762,0.543714415515762,"all","linear"
"2446",2,1.44778166151097,1.42991299450659,"Exp2","mixed","IP",0,1.46872588478714,0.199160351022942,1.47049009251066,0.446762039808917,0,0.202267201445094,0.446762039808917,0.553237960191083,0.446762039808917,0.446762039808917,"all","linear"
"2447",2,1.954332247557,1.7898400835511,"Exp2","mixed","IP",0,1.68187220391214,0.22845857866996,1.68410483467707,0.591426740300158,0,0.0664884516012558,0.591426740300158,0.408573259699842,0.591426740300158,0.591426740300158,"all","linear"
"2448",2,1.954332247557,1.82983039277315,"Exp2","mixed","IP",0,1.68187220391214,0.22845857866996,1.68174387368732,0.591426740300158,0,0.0556163367226313,0.591426740300158,0.408573259699842,0.591426740300158,0.591426740300158,"all","linear"
"2449",2,1.60005476290647,1.70982432204255,"Exp2","mixed","IP",0,1.54769884258197,0.209383632221338,1.5473024814487,0.495198311397069,0,0.141994243155223,0.495198311397069,0.504801688602931,0.495198311397069,0.495198311397069,"all","linear"
"2450",2,0.663061306494331,0.677901054576068,"Exp2","mixed","IP",0,0.662925021474695,0.0769849616316224,0.662913621116293,0.740507667173198,0,1.14966819001095,0.740507667173198,0.259492332826802,0.740507667173198,0.740507667173198,"all","linear"
"2451",2,1.954332247557,1.64587515694075,"Exp2","mixed","IP",0,1.68187220391214,0.22845857866996,1.68400086116606,0.591426740300158,0,0.0571716156150199,0.591426740300158,0.408573259699842,0.591426740300158,0.591426740300158,"all","linear"
"2452",2,1.44778166151097,1.33380482356006,"Exp2","mixed","IP",0,1.46872588478714,0.199160351022942,1.46929007980246,0.446762039808917,0,0.199775285844259,0.446762039808917,0.553237960191083,0.446762039808917,0.446762039808917,"all","linear"
"2453",2,0.4912,0.661968188382161,"Exp2","mixed","IP",0,0.596284036819547,0.0724373226246034,0.596425783220541,0.612818444550474,0,1.20849357591393,0.612818444550474,0.387181555449526,0.612818444550474,0.612818444550474,"all","linear"
"2454",2,0.7328,0.621923765073007,"Exp2","mixed","IP",0,0.678545751483592,0.0782261840254074,0.679082703998007,0.776545282709656,0,1.1311731696692,0.776545282709656,0.223454717290344,0.776545282709656,0.776545282709656,"all","linear"
"2455",2,1.76834346805288,1.54182123443388,"Exp2","mixed","IP",0,1.61917263553047,0.219188656646524,1.61996950404144,0.543714415515762,0,0.0948234017130425,0.543714415515762,0.456285584484238,0.543714415515762,0.543714415515762,"all","linear"
"2456",2,1.44778166151097,1.51785429253869,"Exp2","mixed","IP",0,1.46872588478714,0.199160351022942,1.46875915075308,0.446762039808917,0,0.195673630903914,0.446762039808917,0.553237960191083,0.446762039808917,0.446762039808917,"all","linear"
"2457",2,1.954332247557,1.54181159341533,"Exp2","mixed","IP",0,1.68187220391214,0.22845857866996,1.67952033293055,0.591426740300158,0,0.0595897219660095,0.591426740300158,0.408573259699842,0.591426740300158,0.591426740300158,"all","linear"
"2458",2,1.31,1.02986653103289,"Exp2","mixed","IP",0,1.38386179232933,0.188652906120016,1.38334170854153,0.399284390815343,0,0.247687978546079,0.399284390815343,0.600715609184657,0.399284390815343,0.399284390815343,"all","linear"
"2459",2,0.542862864224572,0.597926967137028,"Exp2","mixed","IP",0,0.621774522947547,0.0740826809089697,0.622002836358322,0.658226765199984,0,1.18675563285274,0.658226765199984,0.341773234800016,0.658226765199984,0.658226765199984,"all","linear"
"2460",2,0.542862864224572,0.461967504183121,"Exp2","mixed","IP",0,0.621774522947547,0.0740826809089697,0.621732461637563,0.658226765199984,0,1.18834968243372,0.658226765199984,0.341773234800016,0.658226765199984,0.658226765199984,"all","linear"
"2461",2,0.599959465297448,0.589922747480159,"Exp2","mixed","IP",0,0.64401874908924,0.0756022023279194,0.643680734295623,0.700958878146731,0,1.16346632284719,0.700958878146731,0.299041121853269,0.700958878146731,0.700958878146731,"all","linear"
"2462",2,0.4912,0.653900835630338,"Exp2","mixed","IP",0,0.596284036819547,0.0724373226246034,0.595752352126853,0.612818444550474,0,1.21448066770692,0.612818444550474,0.387181555449526,0.612818444550474,0.612818444550474,"all","linear"
"2463",2,1.31,1.39786066182933,"Exp2","mixed","IP",0,1.38386179232933,0.188652906120016,1.38230226091866,0.399284390815343,0,0.250391832840204,0.399284390815343,0.600715609184657,0.399284390815343,0.399284390815343,"all","linear"
"2464",2,0.4912,0.557902447853849,"Exp2","mixed","IP",0,0.596284036819547,0.0724373226246034,0.595979303525315,0.612818444550474,0,1.212007678019,0.612818444550474,0.387181555449526,0.612818444550474,0.612818444550474,"all","linear"
"2465",2,1.44778166151097,1.50983576686122,"Exp2","mixed","IP",0,1.46872588478714,0.199160351022942,1.46990299402881,0.446762039808917,0,0.19803465365957,0.446762039808917,0.553237960191083,0.446762039808917,0.446762039808917,"all","linear"
"2466",2,1.76834346805288,1.30985996270101,"Exp2","mixed","IP",0,1.61917263553047,0.219188656646524,1.61953659045781,0.543714415515762,0,0.0993460083458049,0.543714415515762,0.456285584484238,0.543714415515762,0.543714415515762,"all","linear"
"2467",2,1.60005476290647,1.34982414788101,"Exp2","mixed","IP",0,1.54769884258197,0.209383632221338,1.54741310205509,0.495198311397069,0,0.149036800647158,0.495198311397069,0.504801688602931,0.495198311397069,0.495198311397069,"all","linear"
"2468",2,0.542862864224572,0.55791053386929,"Exp2","mixed","IP",0,0.621774522947547,0.0740826809089697,0.62174568023762,0.658226765199984,0,1.18447148260662,0.658226765199984,0.341773234800016,0.658226765199984,0.658226765199984,"all","linear"
"2469",2,0.4912,0.597921369128017,"Exp2","mixed","IP",0,0.596284036819547,0.0724373226246034,0.596391368044082,0.612818444550474,0,1.20938671998723,0.612818444550474,0.387181555449526,0.612818444550474,0.612818444550474,"all","linear"
"2470",2,0.663061306494331,0.613951889470627,"Exp2","mixed","IP",0,0.662925021474695,0.0769849616316224,0.662842191976404,0.740507667173198,0,1.14365794397602,0.740507667173198,0.259492332826802,0.740507667173198,0.740507667173198,"all","linear"
"2471",2,1.60005476290647,1.68586982017223,"Exp2","mixed","IP",0,1.54769884258197,0.209383632221338,1.54834544062265,0.495198311397069,0,0.14584992284023,0.495198311397069,0.504801688602931,0.495198311397069,0.495198311397069,"all","linear"
"2472",2,0.7328,0.725910822475271,"Exp2","mixed","IP",0,0.678545751483592,0.0782261840254074,0.679273835463596,0.776545282709656,0,1.13236240820634,0.776545282709656,0.223454717290344,0.776545282709656,0.776545282709656,"all","linear"
"2473",2,0.599959465297448,0.621948023112054,"Exp2","mixed","IP",0,0.64401874908924,0.0756022023279194,0.643879984637566,0.700958878146731,0,1.1656616289178,0.700958878146731,0.299041121853269,0.700958878146731,0.700958878146731,"all","linear"
"2474",2,0.663061306494331,0.693938105931011,"Exp2","mixed","IP",0,0.662925021474695,0.0769849616316224,0.662427907540828,0.740507667173198,0,1.14246462904453,0.740507667173198,0.259492332826802,0.740507667173198,0.740507667173198,"all","linear"
"2475",3,1.44778166151097,1.14193149198036,"Exp2","mixed","IP",0,1.42709116151129,0.22158653872918,1.4267433533176,0.440338674660735,0,0.0875984048630827,0.440338674660735,0.559661325339265,0.440338674660735,0.440338674660735,"all","linear"
"2476",3,0.7328,0.589921626925388,"Exp2","mixed","IP",0,0.638875933743099,0.085077450509815,0.63824616447032,0.724670352158484,0,1.0507180899576,0.724670352158484,0.275329647841516,0.724670352158484,0.724670352158484,"all","linear"
"2477",3,1.60005476290647,1.20581892087648,"Exp2","mixed","IP",0,1.50237834129255,0.23350410263375,1.5015291545121,0.48848795496292,0,0.0414688404640386,0.48848795496292,0.51151204503708,0.48848795496292,0.48848795496292,"all","linear"
"2478",3,0.599959465297448,0.661793468288124,"Exp2","mixed","IP",0,0.602026037818953,0.0806638582390839,0.602414824641262,0.640035762507689,0,1.10561043133889,0.640035762507689,0.359964237492311,0.640035762507689,0.640035762507689,"all","linear"
"2479",3,1.31,0.82196719527019,"Exp2","mixed","IP",0,1.34596865056876,0.20934954825378,1.34603160750341,0.39324560829902,0,0.145630416132754,0.39324560829902,0.60675439170098,0.39324560829902,0.39324560829902,"all","linear"
"2480",3,1.954332247557,1.44585698779883,"Exp2","mixed","IP",0,1.62955030028953,0.255792849421795,1.62913645136013,0.584503912581135,0,-0.047675620477436,0.584503912581135,0.415496087418865,0.584503912581135,0.584503912581135,"all","linear"
"2481",3,1.76834346805288,1.53383418496651,"Exp2","mixed","IP",0,1.57027630574095,0.244950738490904,1.56907684850297,0.536833736350394,0,-0.00591865439835599,0.536833736350394,0.463166263649606,0.536833736350394,0.536833736350394,"all","linear"
"2482",3,1.60005476290647,1.45390080208017,"Exp2","mixed","IP",0,1.50237834129255,0.23350410263375,1.50169731249013,0.48848795496292,0,0.0420613295089409,0.48848795496292,0.51151204503708,0.48848795496292,0.48848795496292,"all","linear"
"2483",3,0.542862864224572,0.717973589517896,"Exp2","mixed","IP",0,0.578684124970895,0.0781578210221524,0.578874667299648,0.593815729693127,0,1.1304152345053,0.593815729693127,0.406184270306873,0.593815729693127,0.593815729693127,"all","linear"
"2484",3,0.7328,0.701962779009591,"Exp2","mixed","IP",0,0.638875933743099,0.085077450509815,0.638987721856234,0.724670352158484,0,1.04721184947731,0.724670352158484,0.275329647841516,0.724670352158484,0.724670352158484,"all","linear"
"2485",3,1.44778166151097,1.14197036751375,"Exp2","mixed","IP",0,1.42709116151129,0.22158653872918,1.42667948414763,0.440338674660735,0,0.0872286242026196,0.440338674660735,0.559661325339265,0.440338674660735,0.440338674660735,"all","linear"
"2486",3,1.954332247557,1.75798273304281,"Exp2","mixed","IP",0,1.62955030028953,0.255792849421795,1.63162770933585,0.584503912581135,0,-0.049807487769287,0.584503912581135,0.415496087418865,0.584503912581135,0.584503912581135,"all","linear"
"2487",3,1.60005476290647,1.68586302128188,"Exp2","mixed","IP",0,1.50237834129255,0.23350410263375,1.50185777456294,0.48848795496292,0,0.0355733338727874,0.48848795496292,0.51151204503708,0.48848795496292,0.48848795496292,"all","linear"
"2488",3,0.7328,0.829915220237126,"Exp2","mixed","IP",0,0.638875933743099,0.085077450509815,0.639070786026592,0.724670352158484,0,1.04114192324238,0.724670352158484,0.275329647841516,0.724670352158484,0.724670352158484,"all","linear"
"2489",3,1.954332247557,1.38984636389341,"Exp2","mixed","IP",0,1.62955030028953,0.255792849421795,1.6295715762453,0.584503912581135,0,-0.0524759867569195,0.584503912581135,0.415496087418865,0.584503912581135,0.584503912581135,"all","linear"
"2490",3,0.4912,0.509935995321939,"Exp2","mixed","IP",0,0.552333883804655,0.075480493490217,0.552191998044324,0.545911979093887,0,1.1684152440188,0.545911979093887,0.454088020906113,0.545911979093887,0.545911979093887,"all","linear"
"2491",3,1.31,1.26989357434104,"Exp2","mixed","IP",0,1.34596865056876,0.20934954825378,1.34460802022719,0.39324560829902,0,0.142516497265595,0.39324560829902,0.60675439170098,0.39324560829902,0.39324560829902,"all","linear"
"2492",3,0.599959465297448,0.5899872488244,"Exp2","mixed","IP",0,0.602026037818953,0.0806638582390839,0.602304713907907,0.640035762507689,0,1.10072304044243,0.640035762507689,0.359964237492311,0.640035762507689,0.640035762507689,"all","linear"
"2493",3,0.4912,0.621965329244631,"Exp2","mixed","IP",0,0.552333883804655,0.075480493490217,0.552430845580426,0.545911979093887,0,1.16446052996708,0.545911979093887,0.454088020906113,0.545911979093887,0.545911979093887,"all","linear"
"2494",3,1.76834346805288,1.06191382693851,"Exp2","mixed","IP",0,1.57027630574095,0.244950738490904,1.5701568108482,0.536833736350394,0,-0.00865807468916931,0.536833736350394,0.463166263649606,0.536833736350394,0.536833736350394,"all","linear"
"2495",3,0.663061306494331,0.62188633416099,"Exp2","mixed","IP",0,0.622118339409016,0.0829752362436686,0.622423394563956,0.683844990203571,0,1.06733502161793,0.683844990203571,0.316155009796429,0.683844990203571,0.683844990203571,"all","linear"
"2496",3,1.954332247557,0.885905006856774,"Exp2","mixed","IP",0,1.62955030028953,0.255792849421795,1.62964821709203,0.584503912581135,0,-0.0499061127169176,0.584503912581135,0.415496087418865,0.584503912581135,0.584503912581135,"all","linear"
"2497",3,0.599959465297448,0.558013833468976,"Exp2","mixed","IP",0,0.602026037818953,0.0806638582390839,0.601822369996806,0.640035762507689,0,1.09803123108102,0.640035762507689,0.359964237492311,0.640035762507689,0.640035762507689,"all","linear"
"2498",3,1.76834346805288,1.41386740022153,"Exp2","mixed","IP",0,1.57027630574095,0.244950738490904,1.57002305537415,0.536833736350394,0,-0.00608045475506696,0.536833736350394,0.463166263649606,0.536833736350394,0.536833736350394,"all","linear"
"2499",3,1.44778166151097,1.52590606427202,"Exp2","mixed","IP",0,1.42709116151129,0.22158653872918,1.42566810349982,0.440338674660735,0,0.0881455961696173,0.440338674660735,0.559661325339265,0.440338674660735,0.440338674660735,"all","linear"
"2500",3,0.4912,0.685956633565183,"Exp2","mixed","IP",0,0.552333883804655,0.075480493490217,0.55184059033094,0.545911979093887,0,1.16099763716039,0.545911979093887,0.454088020906113,0.545911979093887,0.545911979093887,"all","linear"
"2501",3,1.60005476290647,1.16587975331095,"Exp2","mixed","IP",0,1.50237834129255,0.23350410263375,1.50267613800135,0.48848795496292,0,0.0396256190366685,0.48848795496292,0.51151204503708,0.48848795496292,0.48848795496292,"all","linear"
"2502",3,0.4912,0.765952528308844,"Exp2","mixed","IP",0,0.552333883804655,0.075480493490217,0.551813059641651,0.545911979093887,0,1.16508038104108,0.545911979093887,0.454088020906113,0.545911979093887,0.545911979093887,"all","linear"
"2503",3,1.44778166151097,1.34184472179095,"Exp2","mixed","IP",0,1.42709116151129,0.22158653872918,1.42724233711817,0.440338674660735,0,0.0895465093691728,0.440338674660735,0.559661325339265,0.440338674660735,0.440338674660735,"all","linear"
"2504",3,0.663061306494331,0.70991640205375,"Exp2","mixed","IP",0,0.622118339409016,0.0829752362436686,0.622402671889631,0.683844990203571,0,1.07259725657719,0.683844990203571,0.316155009796429,0.683844990203571,0.683844990203571,"all","linear"
"2505",3,0.599959465297448,0.877933967573881,"Exp2","mixed","IP",0,0.602026037818953,0.0806638582390839,0.602296873017771,0.640035762507689,0,1.09492164471234,0.640035762507689,0.359964237492311,0.640035762507689,0.640035762507689,"all","linear"
"2506",3,1.76834346805288,1.5258989111735,"Exp2","mixed","IP",0,1.57027630574095,0.244950738490904,1.5694667211372,0.536833736350394,0,-0.00767786618471474,0.536833736350394,0.463166263649606,0.536833736350394,0.536833736350394,"all","linear"
"2507",3,0.542862864224572,0.565954705339209,"Exp2","mixed","IP",0,0.578684124970895,0.0781578210221524,0.579122672518448,0.593815729693127,0,1.13360928290541,0.593815729693127,0.406184270306873,0.593815729693127,0.593815729693127,"all","linear"
"2508",3,0.542862864224572,0.653917596310748,"Exp2","mixed","IP",0,0.578684124970895,0.0781578210221524,0.578389997930079,0.593815729693127,0,1.12841489185724,0.593815729693127,0.406184270306873,0.593815729693127,0.593815729693127,"all","linear"
"2509",3,0.663061306494331,0.645825576368225,"Exp2","mixed","IP",0,0.622118339409016,0.0829752362436686,0.622272021430856,0.683844990203571,0,1.07089318212848,0.683844990203571,0.316155009796429,0.683844990203571,0.683844990203571,"all","linear"
"2510",3,1.31,1.2619439943519,"Exp2","mixed","IP",0,1.34596865056876,0.20934954825378,1.34663365145938,0.39324560829902,0,0.146213014173993,0.39324560829902,0.60675439170098,0.39324560829902,0.39324560829902,"all","linear"
"2511",3,1.954332247557,1.23791424990395,"Exp2","mixed","IP",0,1.62955030028953,0.255792849421795,1.63010312085668,0.584503912581135,0,-0.0589579346583542,0.584503912581135,0.415496087418865,0.584503912581135,0.584503912581135,"all","linear"
"2512",3,1.44778166151097,1.59787400595269,"Exp2","mixed","IP",0,1.42709116151129,0.22158653872918,1.42967285591525,0.440338674660735,0,0.0932072005016484,0.440338674660735,0.559661325339265,0.440338674660735,0.440338674660735,"all","linear"
"2513",3,1.954332247557,1.48589940878082,"Exp2","mixed","IP",0,1.62955030028953,0.255792849421795,1.62950340922156,0.584503912581135,0,-0.0520164565603564,0.584503912581135,0.415496087418865,0.584503912581135,0.584503912581135,"all","linear"
"2514",3,1.60005476290647,1.47791437430533,"Exp2","mixed","IP",0,1.50237834129255,0.23350410263375,1.50391972808832,0.48848795496292,0,0.0400270250704009,0.48848795496292,0.51151204503708,0.48848795496292,0.48848795496292,"all","linear"
"2515",3,0.4912,0.549991789486739,"Exp2","mixed","IP",0,0.552333883804655,0.075480493490217,0.552160836503092,0.545911979093887,0,1.16346031115899,0.545911979093887,0.454088020906113,0.545911979093887,0.545911979093887,"all","linear"
"2516",3,1.76834346805288,0.885994265081536,"Exp2","mixed","IP",0,1.57027630574095,0.244950738490904,1.57102626579256,0.536833736350394,0,-0.011086760211478,0.536833736350394,0.463166263649606,0.536833736350394,0.536833736350394,"all","linear"
"2517",3,1.954332247557,1.55781479074085,"Exp2","mixed","IP",0,1.62955030028953,0.255792849421795,1.62842132668484,0.584503912581135,0,-0.0594609965507066,0.584503912581135,0.415496087418865,0.584503912581135,0.584503912581135,"all","linear"
"2518",3,0.663061306494331,0.717894283430724,"Exp2","mixed","IP",0,0.622118339409016,0.0829752362436686,0.621642531457565,0.683844990203571,0,1.06748310399655,0.683844990203571,0.316155009796429,0.683844990203571,0.683844990203571,"all","linear"
"2519",3,0.7328,0.717867226059752,"Exp2","mixed","IP",0,0.638875933743099,0.085077450509815,0.638708219713771,0.724670352158484,0,1.05084820578574,0.724670352158484,0.275329647841516,0.724670352158484,0.724670352158484,"all","linear"
"2520",3,0.599959465297448,0.7498782729308,"Exp2","mixed","IP",0,0.602026037818953,0.0806638582390839,0.601967556939501,0.640035762507689,0,1.10222416741107,0.640035762507689,0.359964237492311,0.640035762507689,0.640035762507689,"all","linear"
"2521",3,1.60005476290647,1.49387138107613,"Exp2","mixed","IP",0,1.50237834129255,0.23350410263375,1.50098286598142,0.48848795496292,0,0.0324121679370659,0.48848795496292,0.51151204503708,0.48848795496292,0.48848795496292,"all","linear"
"2522",3,1.44778166151097,1.18993468910503,"Exp2","mixed","IP",0,1.42709116151129,0.22158653872918,1.42668606217242,0.440338674660735,0,0.0865483662361305,0.440338674660735,0.559661325339265,0.440338674660735,0.440338674660735,"all","linear"
"2523",3,1.31,1.18189367386276,"Exp2","mixed","IP",0,1.34596865056876,0.20934954825378,1.34650158610808,0.39324560829902,0,0.146889175581088,0.39324560829902,0.60675439170098,0.39324560829902,0.39324560829902,"all","linear"
"2524",3,0.7328,0.661909161874974,"Exp2","mixed","IP",0,0.638875933743099,0.085077450509815,0.638345563366089,0.724670352158484,0,1.0443910058114,0.724670352158484,0.275329647841516,0.724670352158484,0.724670352158484,"all","linear"
"2525",3,1.76834346805288,1.40596136083059,"Exp2","mixed","IP",0,1.57027630574095,0.244950738490904,1.56989021692463,0.536833736350394,0,-0.0118656306936296,0.536833736350394,0.463166263649606,0.536833736350394,0.536833736350394,"all","linear"
"2526",3,0.599959465297448,0.597927498685749,"Exp2","mixed","IP",0,0.602026037818953,0.0806638582390839,0.601487055366794,0.640035762507689,0,1.10188557844329,0.640035762507689,0.359964237492311,0.640035762507689,0.640035762507689,"all","linear"
"2527",3,1.76834346805288,1.18186164042254,"Exp2","mixed","IP",0,1.57027630574095,0.244950738490904,1.57066568873044,0.536833736350394,0,-0.0118306529893563,0.536833736350394,0.463166263649606,0.536833736350394,0.536833736350394,"all","linear"
"2528",3,1.60005476290647,1.35789316381488,"Exp2","mixed","IP",0,1.50237834129255,0.23350410263375,1.50208395952495,0.48848795496292,0,0.0406814583497546,0.48848795496292,0.51151204503708,0.48848795496292,0.48848795496292,"all","linear"
"2529",3,0.599959465297448,0.669974435449149,"Exp2","mixed","IP",0,0.602026037818953,0.0806638582390839,0.60169497992883,0.640035762507689,0,1.10040239304467,0.640035762507689,0.359964237492311,0.640035762507689,0.640035762507689,"all","linear"
"2530",3,0.4912,0.717980431611977,"Exp2","mixed","IP",0,0.552333883804655,0.075480493490217,0.552599561226827,0.545911979093887,0,1.1728216305966,0.545911979093887,0.454088020906113,0.545911979093887,0.545911979093887,"all","linear"
"2531",3,0.542862864224572,0.525847906475065,"Exp2","mixed","IP",0,0.578684124970895,0.0781578210221524,0.578206260593321,0.593815729693127,0,1.1327504525916,0.593815729693127,0.406184270306873,0.593815729693127,0.593815729693127,"all","linear"
"2532",3,0.663061306494331,0.597931230736322,"Exp2","mixed","IP",0,0.622118339409016,0.0829752362436686,0.621824255515819,0.683844990203571,0,1.06983628582255,0.683844990203571,0.316155009796429,0.683844990203571,0.683844990203571,"all","linear"
"2533",3,1.31,0.957910891057509,"Exp2","mixed","IP",0,1.34596865056876,0.20934954825378,1.3456973408164,0.39324560829902,0,0.148735253572837,0.39324560829902,0.60675439170098,0.39324560829902,0.39324560829902,"all","linear"
"2534",3,0.7328,0.701941630719375,"Exp2","mixed","IP",0,0.638875933743099,0.085077450509815,0.638561569877102,0.724670352158484,0,1.04625940041012,0.724670352158484,0.275329647841516,0.724670352158484,0.724670352158484,"all","linear"
"2535",3,1.31,1.1178883743496,"Exp2","mixed","IP",0,1.34596865056876,0.20934954825378,1.34745049459678,0.39324560829902,0,0.153819202388412,0.39324560829902,0.60675439170098,0.39324560829902,0.39324560829902,"all","linear"
"2536",3,0.542862864224572,0.717944044112301,"Exp2","mixed","IP",0,0.578684124970895,0.0781578210221524,0.57886284237555,0.593815729693127,0,1.12952765124068,0.593815729693127,0.406184270306873,0.593815729693127,0.593815729693127,"all","linear"
"2537",3,0.4912,0.6378878145415,"Exp2","mixed","IP",0,0.552333883804655,0.075480493490217,0.552581299318676,0.545911979093887,0,1.16603329133827,0.545911979093887,0.454088020906113,0.545911979093887,0.545911979093887,"all","linear"
"2538",3,0.542862864224572,0.565924226921197,"Exp2","mixed","IP",0,0.578684124970895,0.0781578210221524,0.578972642530021,0.593815729693127,0,1.13212292304405,0.593815729693127,0.406184270306873,0.593815729693127,0.593815729693127,"all","linear"
"2539",3,0.663061306494331,0.685921801087716,"Exp2","mixed","IP",0,0.622118339409016,0.0829752362436686,0.62226652686657,0.683844990203571,0,1.07272854550096,0.683844990203571,0.316155009796429,0.683844990203571,0.683844990203571,"all","linear"
"2540",3,0.7328,1.03794099627066,"Exp2","mixed","IP",0,0.638875933743099,0.085077450509815,0.638651024801071,0.724670352158484,0,1.04542132312806,0.724670352158484,0.275329647841516,0.724670352158484,0.724670352158484,"all","linear"
"2541",3,1.31,0.869921564723882,"Exp2","mixed","IP",0,1.34596865056876,0.20934954825378,1.34760903565386,0.39324560829902,0,0.154095045518417,0.39324560829902,0.60675439170098,0.39324560829902,0.39324560829902,"all","linear"
"2542",3,1.44778166151097,1.55788632172153,"Exp2","mixed","IP",0,1.42709116151129,0.22158653872918,1.42696913078903,0.440338674660735,0,0.0891395570656,0.440338674660735,0.559661325339265,0.440338674660735,0.440338674660735,"all","linear"
"2543",3,1.954332247557,1.2218524346963,"Exp2","mixed","IP",0,1.62955030028953,0.255792849421795,1.62909599649618,0.584503912581135,0,-0.0544495257276343,0.584503912581135,0.415496087418865,0.584503912581135,0.584503912581135,"all","linear"
"2544",3,0.599959465297448,0.557884455695785,"Exp2","mixed","IP",0,0.602026037818953,0.0806638582390839,0.602497905779026,0.640035762507689,0,1.0997199803742,0.640035762507689,0.359964237492311,0.640035762507689,0.640035762507689,"all","linear"
"2545",3,0.4912,0.637913627895614,"Exp2","mixed","IP",0,0.552333883804655,0.075480493490217,0.552356987118769,0.545911979093887,0,1.17067931750855,0.545911979093887,0.454088020906113,0.545911979093887,0.545911979093887,"all","linear"
"2546",3,1.954332247557,1.70190275518689,"Exp2","mixed","IP",0,1.62955030028953,0.255792849421795,1.63004451374989,0.584503912581135,0,-0.0567566123071373,0.584503912581135,0.415496087418865,0.584503912581135,0.584503912581135,"all","linear"
"2547",3,1.31,0.749877339918385,"Exp2","mixed","IP",0,1.34596865056876,0.20934954825378,1.3454887175941,0.39324560829902,0,0.146623732062205,0.39324560829902,0.60675439170098,0.39324560829902,0.39324560829902,"all","linear"
"2548",3,0.599959465297448,0.589936244125056,"Exp2","mixed","IP",0,0.602026037818953,0.0806638582390839,0.602240538252488,0.640035762507689,0,1.09962690132002,0.640035762507689,0.359964237492311,0.640035762507689,0.640035762507689,"all","linear"
"2549",3,0.663061306494331,0.525922236493898,"Exp2","mixed","IP",0,0.622118339409016,0.0829752362436686,0.621767357581196,0.683844990203571,0,1.06918222240089,0.683844990203571,0.316155009796429,0.683844990203571,0.683844990203571,"all","linear"
"2550",3,1.76834346805288,0.773951246971592,"Exp2","mixed","IP",0,1.57027630574095,0.244950738490904,1.5700210898019,0.536833736350394,0,-0.00936970286052092,0.536833736350394,0.463166263649606,0.536833736350394,0.536833736350394,"all","linear"
"2551",3,0.599959465297448,0.469930583848509,"Exp2","mixed","IP",0,0.602026037818953,0.0806638582390839,0.602712031463393,0.640035762507689,0,1.099357649271,0.640035762507689,0.359964237492311,0.640035762507689,0.640035762507689,"all","linear"
"2552",3,1.44778166151097,0.957892230801917,"Exp2","mixed","IP",0,1.42709116151129,0.22158653872918,1.42796230899793,0.440338674660735,0,0.0869886655547058,0.440338674660735,0.559661325339265,0.440338674660735,0.440338674660735,"all","linear"
"2553",3,0.542862864224572,0.525978217261581,"Exp2","mixed","IP",0,0.578684124970895,0.0781578210221524,0.57814225683374,0.593815729693127,0,1.12969225344346,0.593815729693127,0.406184270306873,0.593815729693127,0.593815729693127,"all","linear"
"2554",3,0.663061306494331,0.693905280541003,"Exp2","mixed","IP",0,0.622118339409016,0.0829752362436686,0.621989348304323,0.683844990203571,0,1.07499692705802,0.683844990203571,0.316155009796429,0.683844990203571,0.683844990203571,"all","linear"
"2555",3,1.31,1.18990141164795,"Exp2","mixed","IP",0,1.34596865056876,0.20934954825378,1.34565809326599,0.39324560829902,0,0.147374168227832,0.39324560829902,0.60675439170098,0.39324560829902,0.39324560829902,"all","linear"
"2556",3,0.7328,0.685918069037143,"Exp2","mixed","IP",0,0.638875933743099,0.085077450509815,0.639155129415415,0.724670352158484,0,1.04448044352972,0.724670352158484,0.275329647841516,0.724670352158484,0.724670352158484,"all","linear"
"2557",3,0.7328,0.997870584905286,"Exp2","mixed","IP",0,0.638875933743099,0.085077450509815,0.639106361663173,0.724670352158484,0,1.04560302133116,0.724670352158484,0.275329647841516,0.724670352158484,0.724670352158484,"all","linear"
"2558",3,1.954332247557,1.82983778017569,"Exp2","mixed","IP",0,1.62955030028953,0.255792849421795,1.63036237150438,0.584503912581135,0,-0.058213142470985,0.584503912581135,0.415496087418865,0.584503912581135,0.584503912581135,"all","linear"
"2559",3,1.60005476290647,1.66183545386411,"Exp2","mixed","IP",0,1.50237834129255,0.23350410263375,1.50102917815826,0.48848795496292,0,0.0334883865840037,0.48848795496292,0.51151204503708,0.48848795496292,0.48848795496292,"all","linear"
"2560",3,1.44778166151097,1.13390913699368,"Exp2","mixed","IP",0,1.42709116151129,0.22158653872918,1.42736635291696,0.440338674660735,0,0.0893240195451318,0.440338674660735,0.559661325339265,0.440338674660735,0.440338674660735,"all","linear"
"2561",3,1.76834346805288,1.70993879435991,"Exp2","mixed","IP",0,1.57027630574095,0.244950738490904,1.57060636158716,0.536833736350394,0,-0.0155150226957108,0.536833736350394,0.463166263649606,0.536833736350394,0.536833736350394,"all","linear"
"2562",3,1.60005476290647,1.61386615620449,"Exp2","mixed","IP",0,1.50237834129255,0.23350410263375,1.50226256830208,0.48848795496292,0,0.0409210542187735,0.48848795496292,0.51151204503708,0.48848795496292,0.48848795496292,"all","linear"
"2563",3,1.31,1.30191768339137,"Exp2","mixed","IP",0,1.34596865056876,0.20934954825378,1.34379386152939,0.39324560829902,0,0.153442375224951,0.39324560829902,0.60675439170098,0.39324560829902,0.39324560829902,"all","linear"
"2564",3,0.4912,0.75794945558664,"Exp2","mixed","IP",0,0.552333883804655,0.075480493490217,0.552317590885201,0.545911979093887,0,1.16766451234724,0.545911979093887,0.454088020906113,0.545911979093887,0.545911979093887,"all","linear"
"2565",3,0.7328,0.597952690031889,"Exp2","mixed","IP",0,0.638875933743099,0.085077450509815,0.638247001959837,0.724670352158484,0,1.04486548812725,0.724670352158484,0.275329647841516,0.724670352158484,0.724670352158484,"all","linear"
"2566",3,1.76834346805288,1.0059641598682,"Exp2","mixed","IP",0,1.57027630574095,0.244950738490904,1.57105770656852,0.536833736350394,0,-0.00680776817560305,0.536833736350394,0.463166263649606,0.536833736350394,0.536833736350394,"all","linear"
"2567",3,1.44778166151097,1.57385079259348,"Exp2","mixed","IP",0,1.42709116151129,0.22158653872918,1.42803585497965,0.440338674660735,0,0.0903080486930173,0.440338674660735,0.559661325339265,0.440338674660735,0.440338674660735,"all","linear"
"2568",3,0.542862864224572,0.661888635593641,"Exp2","mixed","IP",0,0.578684124970895,0.0781578210221524,0.579197771211303,0.593815729693127,0,1.13239210573263,0.593815729693127,0.406184270306873,0.593815729693127,0.593815729693127,"all","linear"
"2569",3,0.663061306494331,0.66987398107176,"Exp2","mixed","IP",0,0.622118339409016,0.0829752362436686,0.622102165580216,0.683844990203571,0,1.06579458902885,0.683844990203571,0.316155009796429,0.683844990203571,0.683844990203571,"all","linear"
"2570",3,0.542862864224572,0.453934701544313,"Exp2","mixed","IP",0,0.578684124970895,0.0781578210221524,0.579148631397399,0.593815729693127,0,1.12955736228278,0.593815729693127,0.406184270306873,0.593815729693127,0.593815729693127,"all","linear"
"2571",3,1.60005476290647,1.15787201552484,"Exp2","mixed","IP",0,1.50237834129255,0.23350410263375,1.5030921964863,0.48848795496292,0,0.0390932159085281,0.48848795496292,0.51151204503708,0.48848795496292,0.48848795496292,"all","linear"
"2572",3,0.4912,0.605937413501124,"Exp2","mixed","IP",0,0.552333883804655,0.075480493490217,0.552117547950081,0.545911979093887,0,1.17042282157137,0.545911979093887,0.454088020906113,0.545911979093887,0.545911979093887,"all","linear"
"2573",3,0.663061306494331,0.645976413436074,"Exp2","mixed","IP",0,0.622118339409016,0.0829752362436686,0.621931472009171,0.683844990203571,0,1.07767533263842,0.683844990203571,0.316155009796429,0.683844990203571,0.683844990203571,"all","linear"
"2574",3,0.542862864224572,0.773919835540255,"Exp2","mixed","IP",0,0.578684124970895,0.0781578210221524,0.578125497453441,0.593815729693127,0,1.13482590310278,0.593815729693127,0.406184270306873,0.593815729693127,0.593815729693127,"all","linear"
"2575",3,1.60005476290647,1.64591701162226,"Exp2","mixed","IP",0,1.50237834129255,0.23350410263375,1.50316820706623,0.48848795496292,0,0.0350077845641475,0.48848795496292,0.51151204503708,0.48848795496292,0.48848795496292,"all","linear"
"2576",3,1.44778166151097,1.477904733174,"Exp2","mixed","IP",0,1.42709116151129,0.22158653872918,1.42878806882892,0.440338674660735,0,0.0887400211216784,0.440338674660735,0.559661325339265,0.440338674660735,0.440338674660735,"all","linear"
"2577",3,1.76834346805288,1.63792482404915,"Exp2","mixed","IP",0,1.57027630574095,0.244950738490904,1.57134192234441,0.536833736350394,0,-0.0124130459368537,0.536833736350394,0.463166263649606,0.536833736350394,0.536833736350394,"all","linear"
"2578",3,0.4912,0.597937139817986,"Exp2","mixed","IP",0,0.552333883804655,0.075480493490217,0.552203844808256,0.545911979093887,0,1.16559441157524,0.545911979093887,0.454088020906113,0.545911979093887,0.545911979093887,"all","linear"
"2579",3,1.76834346805288,1.13386901744343,"Exp2","mixed","IP",0,1.57027630574095,0.244950738490904,1.5680806458942,0.536833736350394,0,-0.00721788226452713,0.536833736350394,0.463166263649606,0.536833736350394,0.536833736350394,"all","linear"
"2580",3,0.663061306494331,0.549891024105818,"Exp2","mixed","IP",0,0.622118339409016,0.0829752362436686,0.622299799388427,0.683844990203571,0,1.07662358045086,0.683844990203571,0.316155009796429,0.683844990203571,0.683844990203571,"all","linear"
"2581",3,1.60005476290647,0.989867512183082,"Exp2","mixed","IP",0,1.50237834129255,0.23350410263375,1.50369893577972,0.48848795496292,0,0.0361190067672322,0.48848795496292,0.51151204503708,0.48848795496292,0.48848795496292,"all","linear"
"2582",3,0.4912,0.621888511191173,"Exp2","mixed","IP",0,0.552333883804655,0.075480493490217,0.552875004745673,0.545911979093887,0,1.16640053838615,0.545911979093887,0.454088020906113,0.545911979093887,0.545911979093887,"all","linear"
"2583",3,0.542862864224572,0.677917795353096,"Exp2","mixed","IP",0,0.578684124970895,0.0781578210221524,0.578823573336381,0.593815729693127,0,1.13576461969103,0.593815729693127,0.406184270306873,0.593815729693127,0.593815729693127,"all","linear"
"2584",3,0.7328,0.661929066146513,"Exp2","mixed","IP",0,0.638875933743099,0.085077450509815,0.639047565041674,0.724670352158484,0,1.05502472385109,0.724670352158484,0.275329647841516,0.724670352158484,0.724670352158484,"all","linear"
"2585",3,1.60005476290647,1.34990875134918,"Exp2","mixed","IP",0,1.50237834129255,0.23350410263375,1.50174276179777,0.48848795496292,0,0.0368958136117187,0.48848795496292,0.51151204503708,0.48848795496292,0.48848795496292,"all","linear"
"2586",3,0.7328,0.589970765598991,"Exp2","mixed","IP",0,0.638875933743099,0.085077450509815,0.638776545866408,0.724670352158484,0,1.04513275217113,0.724670352158484,0.275329647841516,0.724670352158484,0.724670352158484,"all","linear"
"2587",3,1.31,1.09397774453464,"Exp2","mixed","IP",0,1.34596865056876,0.20934954825378,1.34528135488812,0.39324560829902,0,0.145413786591866,0.39324560829902,0.60675439170098,0.39324560829902,0.39324560829902,"all","linear"
"2588",3,1.44778166151097,0.941945176168701,"Exp2","mixed","IP",0,1.42709116151129,0.22158653872918,1.42779951845782,0.440338674660735,0,0.08993251317917,0.440338674660735,0.559661325339265,0.440338674660735,0.440338674660735,"all","linear"
"2589",3,1.954332247557,1.3578863217208,"Exp2","mixed","IP",0,1.62955030028953,0.255792849421795,1.62994864383977,0.584503912581135,0,-0.0496096650020419,0.584503912581135,0.415496087418865,0.584503912581135,0.584503912581135,"all","linear"
"2590",3,0.663061306494331,0.741915319758846,"Exp2","mixed","IP",0,0.622118339409016,0.0829752362436686,0.621590774432987,0.683844990203571,0,1.07899499107968,0.683844990203571,0.316155009796429,0.683844990203571,0.683844990203571,"all","linear"
"2591",3,0.542862864224572,0.677955737873162,"Exp2","mixed","IP",0,0.578684124970895,0.0781578210221524,0.57846208602054,0.593815729693127,0,1.13153862284963,0.593815729693127,0.406184270306873,0.593815729693127,0.593815729693127,"all","linear"
"2592",3,0.599959465297448,0.813962878530219,"Exp2","mixed","IP",0,0.602026037818953,0.0806638582390839,0.601629402240851,0.640035762507689,0,1.09960957444031,0.640035762507689,0.359964237492311,0.640035762507689,0.640035762507689,"all","linear"
"2593",3,1.954332247557,1.67784937441411,"Exp2","mixed","IP",0,1.62955030028953,0.255792849421795,1.62817340149698,0.584503912581135,0,-0.0569894357337523,0.584503912581135,0.415496087418865,0.584503912581135,0.584503912581135,"all","linear"
"2594",3,0.542862864224572,0.653944342677278,"Exp2","mixed","IP",0,0.578684124970895,0.0781578210221524,0.578288946707165,0.593815729693127,0,1.13152039284275,0.593815729693127,0.406184270306873,0.593815729693127,0.593815729693127,"all","linear"
"2595",3,0.599959465297448,0.501924836489707,"Exp2","mixed","IP",0,0.602026037818953,0.0806638582390839,0.601991367588793,0.640035762507689,0,1.09839500576182,0.640035762507689,0.359964237492311,0.640035762507689,0.640035762507689,"all","linear"
"2596",3,0.7328,0.646014977965024,"Exp2","mixed","IP",0,0.638875933743099,0.085077450509815,0.638678602668215,0.724670352158484,0,1.04862035191571,0.724670352158484,0.275329647841516,0.724670352158484,0.724670352158484,"all","linear"
"2597",3,1.954332247557,1.66990943555811,"Exp2","mixed","IP",0,1.62955030028953,0.255792849421795,1.6307998659121,0.584503912581135,0,-0.0564258787483874,0.584503912581135,0.415496087418865,0.584503912581135,0.584503912581135,"all","linear"
"2598",3,1.31,1.54989226812268,"Exp2","mixed","IP",0,1.34596865056876,0.20934954825378,1.34585965020329,0.39324560829902,0,0.150142515068951,0.39324560829902,0.60675439170098,0.39324560829902,0.39324560829902,"all","linear"
"2599",3,1.44778166151097,1.46990601451125,"Exp2","mixed","IP",0,1.42709116151129,0.22158653872918,1.42664261812278,0.440338674660735,0,0.0950365322286617,0.440338674660735,0.559661325339265,0.440338674660735,0.440338674660735,"all","linear"
"2600",3,1.60005476290647,1.40592870538239,"Exp2","mixed","IP",0,1.50237834129255,0.23350410263375,1.50279615897694,0.48848795496292,0,0.0415249872976258,0.48848795496292,0.51151204503708,0.48848795496292,0.48848795496292,"all","linear"
"2601",3,0.542862864224572,0.47803379994366,"Exp2","mixed","IP",0,0.578684124970895,0.0781578210221524,0.579232261609814,0.593815729693127,0,1.13407051345736,0.593815729693127,0.406184270306873,0.593815729693127,0.593815729693127,"all","linear"
"2602",3,0.4912,0.509893698742417,"Exp2","mixed","IP",0,0.552333883804655,0.075480493490217,0.552994728234524,0.545911979093887,0,1.17290203901194,0.545911979093887,0.454088020906113,0.545911979093887,0.545911979093887,"all","linear"
"2603",3,0.663061306494331,0.629918019275465,"Exp2","mixed","IP",0,0.622118339409016,0.0829752362436686,0.621792224625758,0.683844990203571,0,1.07469020335686,0.683844990203571,0.316155009796429,0.683844990203571,0.683844990203571,"all","linear"
"2604",3,0.7328,0.589922248934272,"Exp2","mixed","IP",0,0.638875933743099,0.085077450509815,0.638853591098126,0.724670352158484,0,1.05161657129885,0.724670352158484,0.275329647841516,0.724670352158484,0.724670352158484,"all","linear"
"2605",3,0.599959465297448,0.686033762622174,"Exp2","mixed","IP",0,0.602026037818953,0.0806638582390839,0.601810889790268,0.640035762507689,0,1.09838821938104,0.640035762507689,0.359964237492311,0.640035762507689,0.640035762507689,"all","linear"
"2606",3,1.954332247557,1.27790442216883,"Exp2","mixed","IP",0,1.62955030028953,0.255792849421795,1.62981494994764,0.584503912581135,0,-0.0498807015433601,0.584503912581135,0.415496087418865,0.584503912581135,0.584503912581135,"all","linear"
"2607",3,0.599959465297448,0.621912769523988,"Exp2","mixed","IP",0,0.602026037818953,0.0806638582390839,0.602470205675057,0.640035762507689,0,1.09539298049275,0.640035762507689,0.359964237492311,0.640035762507689,0.640035762507689,"all","linear"
"2608",3,1.44778166151097,1.54984126342424,"Exp2","mixed","IP",0,1.42709116151129,0.22158653872918,1.42854915696649,0.440338674660735,0,0.0893614677184178,0.440338674660735,0.559661325339265,0.440338674660735,0.440338674660735,"all","linear"
"2609",4,0.7328,0.805881432734168,"Exp2","mixed","IP",0,0.633084653470391,0.0902846244869551,0.633607806032581,0.668999695735468,0,0.98775283985206,0.668999695735468,0.331000304264532,0.668999695735468,0.668999695735468,"all","linear"
"2610",4,0.7328,0.685951657496844,"Exp2","mixed","IP",0,0.633084653470391,0.0902846244869551,0.633141385298226,0.668999695735468,0,0.98410286103204,0.668999695735468,0.331000304264532,0.668999695735468,0.668999695735468,"all","linear"
"2611",4,0.542862864224572,0.693862672957039,"Exp2","mixed","IP",0,0.564666699741397,0.0853457907334568,0.565064771755671,0.530961825076381,0,1.04346059377429,0.530961825076381,0.469038174923619,0.530961825076381,0.530961825076381,"all","linear"
"2612",4,1.31,1.37397768233404,"Exp2","mixed","IP",0,1.43879277840437,0.168197779060543,1.43820447594498,0.348704715444535,0,0.369487242834718,0.348704715444535,0.651295284555465,0.348704715444535,0.348704715444535,"all","linear"
"2613",4,0.4912,0.749936430728212,"Exp2","mixed","IP",0,0.535997042106024,0.0835840317499032,0.536185335718145,0.482787756373328,0,1.06826839318187,0.482787756373328,0.517212243626672,0.482787756373328,0.482787756373328,"all","linear"
"2614",4,1.954332247557,1.90984642609419,"Exp2","mixed","IP",0,1.80608693372434,0.204267353377194,1.80621154181214,0.539927776077565,0,0.170790568292797,0.539927776077565,0.460072223922435,0.539927776077565,0.539927776077565,"all","linear"
"2615",4,1.60005476290647,1.62196968330454,"Exp2","mixed","IP",0,1.63521014507764,0.18665109870573,1.63501933754555,0.442219761082947,0,0.268916407920206,0.442219761082947,0.557780238917053,0.442219761082947,0.442219761082947,"all","linear"
"2616",4,1.60005476290647,1.68591464798919,"Exp2","mixed","IP",0,1.63521014507764,0.18665109870573,1.63694153046419,0.442219761082947,0,0.259299204559733,0.442219761082947,0.557780238917053,0.442219761082947,0.442219761082947,"all","linear"
"2617",4,1.76834346805288,1.97403117506747,"Exp2","mixed","IP",0,1.72480045176018,0.195628824589786,1.72527025853885,0.490991106384065,0,0.21351357722963,0.490991106384065,0.509008893615935,0.490991106384065,0.490991106384065,"all","linear"
"2618",4,0.542862864224572,0.581977334009025,"Exp2","mixed","IP",0,0.564666699741397,0.0853457907334568,0.5642984459038,0.530961825076381,0,1.04298565608076,0.530961825076381,0.469038174923619,0.530961825076381,0.530961825076381,"all","linear"
"2619",4,1.954332247557,1.86199997511949,"Exp2","mixed","IP",0,1.80608693372434,0.204267353377194,1.80527289079011,0.539927776077565,0,0.161258328205461,0.539927776077565,0.460072223922435,0.539927776077565,0.539927776077565,"all","linear"
"2620",4,0.4912,0.49392549581853,"Exp2","mixed","IP",0,0.535997042106024,0.0835840317499032,0.535956329559407,0.482787756373328,0,1.06714515038835,0.482787756373328,0.517212243626672,0.482787756373328,0.482787756373328,"all","linear"
"2621",4,1.954332247557,1.82983342611624,"Exp2","mixed","IP",0,1.80608693372434,0.204267353377194,1.80592776475783,0.539927776077565,0,0.171667155872648,0.539927776077565,0.460072223922435,0.539927776077565,0.539927776077565,"all","linear"
"2622",4,0.663061306494331,0.533897629836247,"Exp2","mixed","IP",0,0.613539329062768,0.0887217720827549,0.613934539697583,0.624848052158344,0,1.0071798292927,0.624848052158344,0.375151947841656,0.624848052158344,0.624848052158344,"all","linear"
"2623",4,1.31,1.30995185653956,"Exp2","mixed","IP",0,1.43879277840437,0.168197779060543,1.43745412867779,0.348704715444535,0,0.371596160103174,0.348704715444535,0.651295284555465,0.348704715444535,0.348704715444535,"all","linear"
"2624",4,1.76834346805288,1.67786647964931,"Exp2","mixed","IP",0,1.72480045176018,0.195628824589786,1.72504259664212,0.490991106384065,0,0.217571175574461,0.490991106384065,0.509008893615935,0.490991106384065,0.490991106384065,"all","linear"
"2625",4,0.4912,0.629923306348246,"Exp2","mixed","IP",0,0.535997042106024,0.0835840317499032,0.536506230442591,0.482787756373328,0,1.0591985659026,0.482787756373328,0.517212243626672,0.482787756373328,0.482787756373328,"all","linear"
"2626",4,1.44778166151097,1.57400753874299,"Exp2","mixed","IP",0,1.53917734148542,0.177462029385811,1.53818918252911,0.394515489101718,0,0.309884639975007,0.394515489101718,0.605484510898282,0.394515489101718,0.394515489101718,"all","linear"
"2627",4,1.44778166151097,1.61402756741791,"Exp2","mixed","IP",0,1.53917734148542,0.177462029385811,1.54065909044349,0.394515489101718,0,0.308613200691854,0.394515489101718,0.605484510898282,0.394515489101718,0.394515489101718,"all","linear"
"2628",4,1.44778166151097,1.62189410926794,"Exp2","mixed","IP",0,1.53917734148542,0.177462029385811,1.53886203288721,0.394515489101718,0,0.309530626260067,0.394515489101718,0.605484510898282,0.394515489101718,0.394515489101718,"all","linear"
"2629",4,1.44778166151097,1.63790834082329,"Exp2","mixed","IP",0,1.53917734148542,0.177462029385811,1.53998223736333,0.394515489101718,0,0.314517480468628,0.394515489101718,0.605484510898282,0.394515489101718,0.394515489101718,"all","linear"
"2630",4,1.31,1.40586619352553,"Exp2","mixed","IP",0,1.43879277840437,0.168197779060543,1.43738069467223,0.348704715444535,0,0.368626219943777,0.348704715444535,0.651295284555465,0.348704715444535,0.348704715444535,"all","linear"
"2631",4,0.542862864224572,0.629961248868312,"Exp2","mixed","IP",0,0.564666699741397,0.0853457907334568,0.564304554764834,0.530961825076381,0,1.046986835769,0.530961825076381,0.469038174923619,0.530961825076381,0.530961825076381,"all","linear"
"2632",4,1.76834346805288,1.77388842410983,"Exp2","mixed","IP",0,1.72480045176018,0.195628824589786,1.72471536819435,0.490991106384065,0,0.21727703720507,0.490991106384065,0.509008893615935,0.490991106384065,0.490991106384065,"all","linear"
"2633",4,0.599959465297448,0.565871978204541,"Exp2","mixed","IP",0,0.590648444381934,0.0870676290930859,0.591337673676277,0.578590281959343,0,1.02253081201781,0.578590281959343,0.421409718040657,0.578590281959343,0.578590281959343,"all","linear"
"2634",4,1.60005476290647,1.51795897231705,"Exp2","mixed","IP",0,1.63521014507764,0.18665109870573,1.63454040009432,0.442219761082947,0,0.262344178906979,0.442219761082947,0.557780238917053,0.442219761082947,0.442219761082947,"all","linear"
"2635",4,0.599959465297448,0.685912470959465,"Exp2","mixed","IP",0,0.590648444381934,0.0870676290930859,0.590555539530579,0.578590281959343,0,1.02650427708127,0.578590281959343,0.421409718040657,0.578590281959343,0.578590281959343,"all","linear"
"2636",4,0.7328,0.589915406839737,"Exp2","mixed","IP",0,0.633084653470391,0.0902846244869551,0.633547129455354,0.668999695735468,0,0.988695006162189,0.668999695735468,0.331000304264532,0.668999695735468,0.668999695735468,"all","linear"
"2637",4,0.599959465297448,0.789956148398687,"Exp2","mixed","IP",0,0.590648444381934,0.0870676290930859,0.59008756547796,0.578590281959343,0,1.02657802874176,0.578590281959343,0.421409718040657,0.578590281959343,0.578590281959343,"all","linear"
"2638",4,0.599959465297448,0.549929899638755,"Exp2","mixed","IP",0,0.590648444381934,0.0870676290930859,0.590966129285777,0.578590281959343,0,1.02338450817174,0.578590281959343,0.421409718040657,0.578590281959343,0.578590281959343,"all","linear"
"2639",4,0.663061306494331,0.701934788625749,"Exp2","mixed","IP",0,0.613539329062768,0.0887217720827549,0.613835623999145,0.624848052158344,0,1.00681919371827,0.624848052158344,0.375151947841656,0.624848052158344,0.624848052158344,"all","linear"
"2640",4,0.7328,0.733943347463082,"Exp2","mixed","IP",0,0.633084653470391,0.0902846244869551,0.632667691601329,0.668999695735468,0,0.982378077719816,0.668999695735468,0.331000304264532,0.668999695735468,0.668999695735468,"all","linear"
"2641",4,1.60005476290647,1.70200849663661,"Exp2","mixed","IP",0,1.63521014507764,0.18665109870573,1.63603588311578,0.442219761082947,0,0.261191551226364,0.442219761082947,0.557780238917053,0.442219761082947,0.442219761082947,"all","linear"
"2642",4,1.31,1.26991378961748,"Exp2","mixed","IP",0,1.43879277840437,0.168197779060543,1.43862214670358,0.348704715444535,0,0.362025492558842,0.348704715444535,0.651295284555465,0.348704715444535,0.348704715444535,"all","linear"
"2643",4,0.663061306494331,0.645987609590065,"Exp2","mixed","IP",0,0.613539329062768,0.0887217720827549,0.613308559665261,0.624848052158344,0,1.0035511421369,0.624848052158344,0.375151947841656,0.624848052158344,0.624848052158344,"all","linear"
"2644",4,1.954332247557,2.11790610159233,"Exp2","mixed","IP",0,1.80608693372434,0.204267353377194,1.8057439868832,0.539927776077565,0,0.172948878974163,0.539927776077565,0.460072223922435,0.539927776077565,0.539927776077565,"all","linear"
"2645",4,0.4912,0.733956098637464,"Exp2","mixed","IP",0,0.535997042106024,0.0835840317499032,0.536174171710232,0.482787756373328,0,1.06592041568009,0.482787756373328,0.517212243626672,0.482787756373328,0.482787756373328,"all","linear"
"2646",4,1.60005476290647,1.83798826891871,"Exp2","mixed","IP",0,1.63521014507764,0.18665109870573,1.63605027815272,0.442219761082947,0,0.258575174732243,0.442219761082947,0.557780238917053,0.442219761082947,0.442219761082947,"all","linear"
"2647",4,0.7328,0.621979946444753,"Exp2","mixed","IP",0,0.633084653470391,0.0902846244869551,0.633207644103981,0.668999695735468,0,0.989552033145489,0.668999695735468,0.331000304264532,0.668999695735468,0.668999695735468,"all","linear"
"2648",4,1.31,1.40595047568058,"Exp2","mixed","IP",0,1.43879277840437,0.168197779060543,1.43906599854624,0.348704715444535,0,0.364926227126285,0.348704715444535,0.651295284555465,0.348704715444535,0.348704715444535,"all","linear"
"2649",4,0.599959465297448,0.597930608728348,"Exp2","mixed","IP",0,0.590648444381934,0.0870676290930859,0.591555701406252,0.578590281959343,0,1.02015303638373,0.578590281959343,0.421409718040657,0.578590281959343,0.578590281959343,"all","linear"
"2650",4,0.542862864224572,0.701919549417198,"Exp2","mixed","IP",0,0.564666699741397,0.0853457907334568,0.564272354458869,0.530961825076381,0,1.04153749080027,0.530961825076381,0.469038174923619,0.530961825076381,0.530961825076381,"all","linear"
"2651",4,1.44778166151097,1.52595551395007,"Exp2","mixed","IP",0,1.53917734148542,0.177462029385811,1.53832577703382,0.394515489101718,0,0.313621368847751,0.394515489101718,0.605484510898282,0.394515489101718,0.394515489101718,"all","linear"
"2652",4,0.599959465297448,0.701982683282495,"Exp2","mixed","IP",0,0.590648444381934,0.0870676290930859,0.589626073390091,0.578590281959343,0,1.02692498601993,0.578590281959343,0.421409718040657,0.578590281959343,0.578590281959343,"all","linear"
"2653",4,1.954332247557,1.68590438484898,"Exp2","mixed","IP",0,1.80608693372434,0.204267353377194,1.80564266998819,0.539927776077565,0,0.169076536001133,0.539927776077565,0.460072223922435,0.539927776077565,0.539927776077565,"all","linear"
"2654",4,0.4912,0.573968974214495,"Exp2","mixed","IP",0,0.535997042106024,0.0835840317499032,0.536433349657512,0.482787756373328,0,1.06669171133035,0.482787756373328,0.517212243626672,0.482787756373328,0.482787756373328,"all","linear"
"2655",4,1.31,1.30187227676834,"Exp2","mixed","IP",0,1.43879277840437,0.168197779060543,1.43949479062653,0.348704715444535,0,0.364032554294537,0.348704715444535,0.651295284555465,0.348704715444535,0.348704715444535,"all","linear"
"2656",4,1.954332247557,2.02201291289657,"Exp2","mixed","IP",0,1.80608693372434,0.204267353377194,1.80559705922858,0.539927776077565,0,0.171538096499544,0.539927776077565,0.460072223922435,0.539927776077565,0.539927776077565,"all","linear"
"2657",4,0.542862864224572,0.661895166682825,"Exp2","mixed","IP",0,0.564666699741397,0.0853457907334568,0.565231701504073,0.530961825076381,0,1.03673462313801,0.530961825076381,0.469038174923619,0.530961825076381,0.530961825076381,"all","linear"
"2658",4,1.954332247557,1.88592211209152,"Exp2","mixed","IP",0,1.80608693372434,0.204267353377194,1.80693099205051,0.539927776077565,0,0.170727701909203,0.539927776077565,0.460072223922435,0.539927776077565,0.539927776077565,"all","linear"
"2659",4,0.663061306494331,0.685942327369048,"Exp2","mixed","IP",0,0.613539329062768,0.0887217720827549,0.61370808925839,0.624848052158344,0,1.00261504109936,0.624848052158344,0.375151947841656,0.624848052158344,0.624848052158344,"all","linear"
"2660",4,0.542862864224572,0.493969036415365,"Exp2","mixed","IP",0,0.564666699741397,0.0853457907334568,0.56564015235714,0.530961825076381,0,1.04563224596752,0.530961825076381,0.469038174923619,0.530961825076381,0.530961825076381,"all","linear"
"2661",4,1.31,1.59801800092646,"Exp2","mixed","IP",0,1.43879277840437,0.168197779060543,1.43890700442697,0.348704715444535,0,0.365793957569215,0.348704715444535,0.651295284555465,0.348704715444535,0.348704715444535,"all","linear"
"2662",4,0.4912,0.573914859472552,"Exp2","mixed","IP",0,0.535997042106024,0.0835840317499032,0.536632818330093,0.482787756373328,0,1.0656483836371,0.482787756373328,0.517212243626672,0.482787756373328,0.482787756373328,"all","linear"
"2663",4,1.60005476290647,1.7259595570049,"Exp2","mixed","IP",0,1.63521014507764,0.18665109870573,1.63505669932044,0.442219761082947,0,0.255561481223268,0.442219761082947,0.557780238917053,0.442219761082947,0.442219761082947,"all","linear"
"2664",4,1.76834346805288,1.70191799439544,"Exp2","mixed","IP",0,1.72480045176018,0.195628824589786,1.72569135928936,0.490991106384065,0,0.212416803828871,0.490991106384065,0.509008893615935,0.490991106384065,0.490991106384065,"all","linear"
"2665",4,0.7328,0.533929041267129,"Exp2","mixed","IP",0,0.633084653470391,0.0902846244869551,0.633109586893584,0.668999695735468,0,0.989300165708259,0.668999695735468,0.331000304264532,0.668999695735468,0.668999695735468,"all","linear"
"2666",4,0.599959465297448,0.693907768575173,"Exp2","mixed","IP",0,0.590648444381934,0.0870676290930859,0.590120021343596,0.578590281959343,0,1.02889896760683,0.578590281959343,0.421409718040657,0.578590281959343,0.578590281959343,"all","linear"
"2667",4,0.4912,0.485949169463311,"Exp2","mixed","IP",0,0.535997042106024,0.0835840317499032,0.535896174573202,0.482787756373328,0,1.06249097540714,0.482787756373328,0.517212243626672,0.482787756373328,0.482787756373328,"all","linear"
"2668",4,1.76834346805288,1.5100097033328,"Exp2","mixed","IP",0,1.72480045176018,0.195628824589786,1.72492378019524,0.490991106384065,0,0.21083470950648,0.490991106384065,0.509008893615935,0.490991106384065,0.490991106384065,"all","linear"
"2669",4,0.542862864224572,0.613942974257952,"Exp2","mixed","IP",0,0.564666699741397,0.0853457907334568,0.564149900475223,0.530961825076381,0,1.04984558051105,0.530961825076381,0.469038174923619,0.530961825076381,0.530961825076381,"all","linear"
"2670",4,0.663061306494331,0.677863680611154,"Exp2","mixed","IP",0,0.613539329062768,0.0887217720827549,0.613367325339028,0.624848052158344,0,1.00855285916785,0.624848052158344,0.375151947841656,0.624848052158344,0.624848052158344,"all","linear"
"2671",4,0.7328,0.645968638329578,"Exp2","mixed","IP",0,0.633084653470391,0.0902846244869551,0.632681586301856,0.668999695735468,0,0.986242669057298,0.668999695735468,0.331000304264532,0.668999695735468,0.668999695735468,"all","linear"
"2672",4,1.44778166151097,1.46988393320862,"Exp2","mixed","IP",0,1.53917734148542,0.177462029385811,1.54015505137291,0.394515489101718,0,0.309242619691421,0.394515489101718,0.605484510898282,0.394515489101718,0.394515489101718,"all","linear"
"2673",4,1.44778166151097,1.44587347102515,"Exp2","mixed","IP",0,1.53917734148542,0.177462029385811,1.53859164882189,0.394515489101718,0,0.310471583639652,0.394515489101718,0.605484510898282,0.394515489101718,0.394515489101718,"all","linear"
"2674",4,0.663061306494331,0.597961709154788,"Exp2","mixed","IP",0,0.613539329062768,0.0887217720827549,0.614269251110161,0.624848052158344,0,1.0027028718062,0.624848052158344,0.375151947841656,0.624848052158344,0.624848052158344,"all","linear"
"2675",4,1.76834346805288,1.94189075042186,"Exp2","mixed","IP",0,1.72480045176018,0.195628824589786,1.72402422982827,0.490991106384065,0,0.211644238073114,0.490991106384065,0.509008893615935,0.490991106384065,0.490991106384065,"all","linear"
"2676",4,0.599959465297448,0.70201533872978,"Exp2","mixed","IP",0,0.590648444381934,0.0870676290930859,0.590613704585039,0.578590281959343,0,1.02623265293858,0.578590281959343,0.421409718040657,0.578590281959343,0.578590281959343,"all","linear"
"2677",4,1.44778166151097,1.42995222974469,"Exp2","mixed","IP",0,1.53917734148542,0.177462029385811,1.53851094672545,0.394515489101718,0,0.316139801104669,0.394515489101718,0.605484510898282,0.394515489101718,0.394515489101718,"all","linear"
"2678",4,1.31,1.4858941217085,"Exp2","mixed","IP",0,1.43879277840437,0.168197779060543,1.43788882974537,0.348704715444535,0,0.36364552271443,0.348704715444535,0.651295284555465,0.348704715444535,0.348704715444535,"all","linear"
"2679",4,0.663061306494331,0.750025688952064,"Exp2","mixed","IP",0,0.613539329062768,0.0887217720827549,0.613638739163548,0.624848052158344,0,1.00470921618184,0.624848052158344,0.375151947841656,0.624848052158344,0.624848052158344,"all","linear"
"2680",4,0.4912,0.661925956104369,"Exp2","mixed","IP",0,0.535997042106024,0.0835840317499032,0.536031635275705,0.482787756373328,0,1.06931108527276,0.482787756373328,0.517212243626672,0.482787756373328,0.482787756373328,"all","linear"
"2681",4,0.4912,0.438015326290042,"Exp2","mixed","IP",0,0.535997042106024,0.0835840317499032,0.535722442497206,0.482787756373328,0,1.0630513259934,0.482787756373328,0.517212243626672,0.482787756373328,0.482787756373328,"all","linear"
"2682",4,1.954332247557,2.13396667278312,"Exp2","mixed","IP",0,1.80608693372434,0.204267353377194,1.80374555024824,0.539927776077565,0,0.17443471276163,0.539927776077565,0.460072223922435,0.539927776077565,0.539927776077565,"all","linear"
"2683",4,0.7328,0.77394844793298,"Exp2","mixed","IP",0,0.633084653470391,0.0902846244869551,0.632789778944848,0.668999695735468,0,0.988305125567169,0.668999695735468,0.331000304264532,0.668999695735468,0.668999695735468,"all","linear"
"2684",4,0.599959465297448,0.65401183060203,"Exp2","mixed","IP",0,0.590648444381934,0.0870676290930859,0.59171134240503,0.578590281959343,0,1.02273087389084,0.578590281959343,0.421409718040657,0.578590281959343,0.578590281959343,"all","linear"
"2685",4,0.542862864224572,0.421904372408335,"Exp2","mixed","IP",0,0.564666699741397,0.0853457907334568,0.564208280047634,0.530961825076381,0,1.04475554479796,0.530961825076381,0.469038174923619,0.530961825076381,0.530961825076381,"all","linear"
"2686",4,1.76834346805288,1.9018968461055,"Exp2","mixed","IP",0,1.72480045176018,0.195628824589786,1.72590044590628,0.490991106384065,0,0.217683692821868,0.490991106384065,0.509008893615935,0.490991106384065,0.490991106384065,"all","linear"
"2687",4,1.76834346805288,1.85397575410752,"Exp2","mixed","IP",0,1.72480045176018,0.195628824589786,1.7250080038311,0.490991106384065,0,0.213776335817554,0.490991106384065,0.509008893615935,0.490991106384065,0.490991106384065,"all","linear"
"2688",4,0.7328,0.789906387716201,"Exp2","mixed","IP",0,0.633084653470391,0.0902846244869551,0.633021631189838,0.668999695735468,0,0.985267768441459,0.668999695735468,0.331000304264532,0.668999695735468,0.668999695735468,"all","linear"
"2689",4,1.31,1.29396810340222,"Exp2","mixed","IP",0,1.43879277840437,0.168197779060543,1.4390524044238,0.348704715444535,0,0.363026394274526,0.348704715444535,0.651295284555465,0.348704715444535,0.348704715444535,"all","linear"
"2690",4,0.542862864224572,0.597958910116176,"Exp2","mixed","IP",0,0.564666699741397,0.0853457907334568,0.564792791081708,0.530961825076381,0,1.04422053918365,0.530961825076381,0.469038174923619,0.530961825076381,0.530961825076381,"all","linear"
"2691",4,0.7328,0.701945051766415,"Exp2","mixed","IP",0,0.633084653470391,0.0902846244869551,0.632941593257175,0.668999695735468,0,0.983812330071535,0.668999695735468,0.331000304264532,0.668999695735468,0.668999695735468,"all","linear"
"2692",4,0.599959465297448,0.757940747467728,"Exp2","mixed","IP",0,0.590648444381934,0.0870676290930859,0.590486739430584,0.578590281959343,0,1.02443766969835,0.578590281959343,0.421409718040657,0.578590281959343,0.578590281959343,"all","linear"
"2693",4,1.60005476290647,1.37383773041483,"Exp2","mixed","IP",0,1.63521014507764,0.18665109870573,1.63489057307013,0.442219761082947,0,0.26281773514598,0.442219761082947,0.557780238917053,0.442219761082947,0.442219761082947,"all","linear"
"2694",4,1.76834346805288,1.7578692164866,"Exp2","mixed","IP",0,1.72480045176018,0.195628824589786,1.72578395532599,0.490991106384065,0,0.216764347096254,0.490991106384065,0.509008893615935,0.490991106384065,0.490991106384065,"all","linear"
"2695",4,0.663061306494331,0.565899035575512,"Exp2","mixed","IP",0,0.613539329062768,0.0887217720827549,0.613635924033513,0.624848052158344,0,1.00670434579966,0.624848052158344,0.375151947841656,0.624848052158344,0.624848052158344,"all","linear"
"2696",4,0.599959465297448,0.645964284270121,"Exp2","mixed","IP",0,0.590648444381934,0.0870676290930859,0.5912203248228,0.578590281959343,0,1.02506716352397,0.578590281959343,0.421409718040657,0.578590281959343,0.578590281959343,"all","linear"
"2697",4,1.44778166151097,1.40592497333137,"Exp2","mixed","IP",0,1.53917734148542,0.177462029385811,1.53871574595375,0.394515489101718,0,0.307476742768664,0.394515489101718,0.605484510898282,0.394515489101718,0.394515489101718,"all","linear"
"2698",4,1.31,1.64604545638304,"Exp2","mixed","IP",0,1.43879277840437,0.168197779060543,1.43856015645721,0.348704715444535,0,0.36442726883481,0.348704715444535,0.651295284555465,0.348704715444535,0.348704715444535,"all","linear"
"2699",4,0.663061306494331,0.749922746540506,"Exp2","mixed","IP",0,0.613539329062768,0.0887217720827549,0.613434635439465,0.624848052158344,0,1.00768613787934,0.624848052158344,0.375151947841656,0.624848052158344,0.624848052158344,"all","linear"
"2700",4,1.44778166151097,1.33394179244169,"Exp2","mixed","IP",0,1.53917734148542,0.177462029385811,1.53829416551235,0.394515489101718,0,0.309042245062416,0.394515489101718,0.605484510898282,0.394515489101718,0.394515489101718,"all","linear"
"2701",4,1.954332247557,1.97392014654497,"Exp2","mixed","IP",0,1.80608693372434,0.204267353377194,1.80534460989118,0.539927776077565,0,0.168466706722027,0.539927776077565,0.460072223922435,0.539927776077565,0.539927776077565,"all","linear"
"2702",4,1.60005476290647,1.70990302887003,"Exp2","mixed","IP",0,1.63521014507764,0.18665109870573,1.63496539185433,0.442219761082947,0,0.257639313990591,0.442219761082947,0.557780238917053,0.442219761082947,0.442219761082947,"all","linear"
"2703",4,0.542862864224572,0.509959631646325,"Exp2","mixed","IP",0,0.564666699741397,0.0853457907334568,0.564375278309286,0.530961825076381,0,1.04587589367727,0.530961825076381,0.469038174923619,0.530961825076381,0.530961825076381,"all","linear"
"2704",4,0.542862864224572,0.517928182895048,"Exp2","mixed","IP",0,0.564666699741397,0.0853457907334568,0.564833309136327,0.530961825076381,0,1.04899152638657,0.530961825076381,0.469038174923619,0.530961825076381,0.530961825076381,"all","linear"
"2705",4,0.663061306494331,0.661997798089487,"Exp2","mixed","IP",0,0.613539329062768,0.0887217720827549,0.613851165971513,0.624848052158344,0,1.00204236235422,0.624848052158344,0.375151947841656,0.624848052158344,0.624848052158344,"all","linear"
"2706",4,0.599959465297448,0.54996504312021,"Exp2","mixed","IP",0,0.590648444381934,0.0870676290930859,0.591009974128333,0.578590281959343,0,1.01961551484678,0.578590281959343,0.421409718040657,0.578590281959343,0.578590281959343,"all","linear"
"2707",4,0.4912,0.629864837546847,"Exp2","mixed","IP",0,0.535997042106024,0.0835840317499032,0.535767401070474,0.482787756373328,0,1.07037013245127,0.482787756373328,0.517212243626672,0.482787756373328,0.482787756373328,"all","linear"
"2708",4,0.4912,0.453943720668121,"Exp2","mixed","IP",0,0.535997042106024,0.0835840317499032,0.536415379186812,0.482787756373328,0,1.06577057887294,0.482787756373328,0.517212243626672,0.482787756373328,0.482787756373328,"all","linear"
"2709",4,0.663061306494331,0.565967767518032,"Exp2","mixed","IP",0,0.613539329062768,0.0887217720827549,0.613045648774025,0.624848052158344,0,1.00530929557292,0.624848052158344,0.375151947841656,0.624848052158344,0.624848052158344,"all","linear"
"2710",4,1.954332247557,2.06990352647745,"Exp2","mixed","IP",0,1.80608693372434,0.204267353377194,1.80426085423121,0.539927776077565,0,0.17117203403836,0.539927776077565,0.460072223922435,0.539927776077565,0.539927776077565,"all","linear"
"2711",4,1.76834346805288,1.92599718852125,"Exp2","mixed","IP",0,1.72480045176018,0.195628824589786,1.72331952604059,0.490991106384065,0,0.210230415585316,0.490991106384065,0.509008893615935,0.490991106384065,0.490991106384065,"all","linear"
"2712",4,0.4912,0.565971499569059,"Exp2","mixed","IP",0,0.535997042106024,0.0835840317499032,0.535672347696399,0.482787756373328,0,1.06321302983705,0.482787756373328,0.517212243626672,0.482787756373328,0.482787756373328,"all","linear"
"2713",4,0.7328,0.509952478548257,"Exp2","mixed","IP",0,0.633084653470391,0.0902846244869551,0.633147384711096,0.668999695735468,0,0.98799530770195,0.668999695735468,0.331000304264532,0.668999695735468,0.668999695735468,"all","linear"
"2714",4,0.7328,0.645884667178507,"Exp2","mixed","IP",0,0.633084653470391,0.0902846244869551,0.633082730052326,0.668999695735468,0,0.984014292567493,0.668999695735468,0.331000304264532,0.668999695735468,0.668999695735468,"all","linear"
"2715",4,0.4912,0.621943558945986,"Exp2","mixed","IP",0,0.535997042106024,0.0835840317499032,0.53628588094205,0.482787756373328,0,1.06847371858964,0.482787756373328,0.517212243626672,0.482787756373328,0.482787756373328,"all","linear"
"2716",4,0.542862864224572,0.605948920659557,"Exp2","mixed","IP",0,0.564666699741397,0.0853457907334568,0.565073672055009,0.530961825076381,0,1.04166090546623,0.530961825076381,0.469038174923619,0.530961825076381,0.530961825076381,"all","linear"
"2717",4,1.60005476290647,1.66997256942386,"Exp2","mixed","IP",0,1.63521014507764,0.18665109870573,1.63467148829856,0.442219761082947,0,0.263019445298915,0.442219761082947,0.557780238917053,0.442219761082947,0.442219761082947,"all","linear"
"2718",4,1.954332247557,1.82994289961698,"Exp2","mixed","IP",0,1.80608693372434,0.204267353377194,1.80505538531614,0.539927776077565,0,0.169510883490052,0.539927776077565,0.460072223922435,0.539927776077565,0.539927776077565,"all","linear"
"2719",4,1.44778166151097,1.66998003352592,"Exp2","mixed","IP",0,1.53917734148542,0.177462029385811,1.53881906027592,0.394515489101718,0,0.30643461567113,0.394515489101718,0.605484510898282,0.394515489101718,0.394515489101718,"all","linear"
"2720",4,0.663061306494331,0.726016470785908,"Exp2","mixed","IP",0,0.613539329062768,0.0887217720827549,0.613960434912082,0.624848052158344,0,1.00280306846459,0.624848052158344,0.375151947841656,0.624848052158344,0.624848052158344,"all","linear"
"2721",4,0.663061306494331,0.765861404059706,"Exp2","mixed","IP",0,0.613539329062768,0.0887217720827549,0.613722669406472,0.624848052158344,0,1.00397893045592,0.624848052158344,0.375151947841656,0.624848052158344,0.624848052158344,"all","linear"
"2722",4,0.599959465297448,0.52596453307342,"Exp2","mixed","IP",0,0.590648444381934,0.0870676290930859,0.590656862193254,0.578590281959343,0,1.0232187029813,0.578590281959343,0.421409718040657,0.578590281959343,0.578590281959343,"all","linear"
"2723",4,1.44778166151097,1.63783743185104,"Exp2","mixed","IP",0,1.53917734148542,0.177462029385811,1.5385722059642,0.394515489101718,0,0.30528665006199,0.394515489101718,0.605484510898282,0.394515489101718,0.394515489101718,"all","linear"
"2724",4,0.663061306494331,0.629854263401739,"Exp2","mixed","IP",0,0.613539329062768,0.0887217720827549,0.613154912457797,0.624848052158344,0,1.00012805493863,0.624848052158344,0.375151947841656,0.624848052158344,0.624848052158344,"all","linear"
"2725",4,1.44778166151097,1.45391137622482,"Exp2","mixed","IP",0,1.53917734148542,0.177462029385811,1.53857362773081,0.394515489101718,0,0.31005518016282,0.394515489101718,0.605484510898282,0.394515489101718,0.394515489101718,"all","linear"
"2726",4,1.76834346805288,1.70997176081255,"Exp2","mixed","IP",0,1.72480045176018,0.195628824589786,1.72572766827291,0.490991106384065,0,0.214795072563249,0.490991106384065,0.509008893615935,0.490991106384065,0.490991106384065,"all","linear"
"2727",4,0.542862864224572,0.661960166573863,"Exp2","mixed","IP",0,0.564666699741397,0.0853457907334568,0.565024372743668,0.530961825076381,0,1.04399343663256,0.530961825076381,0.469038174923619,0.530961825076381,0.530961825076381,"all","linear"
"2728",4,0.4912,0.473687204351336,"Exp2","mixed","IP",0,0.535997042106024,0.0835840317499032,0.536697726085264,0.482787756373328,0,1.06533464166901,0.482787756373328,0.517212243626672,0.482787756373328,0.482787756373328,"all","linear"
"2729",4,1.31,1.66185224809396,"Exp2","mixed","IP",0,1.43879277840437,0.168197779060543,1.43736293851549,0.348704715444535,0,0.365316882584846,0.348704715444535,0.651295284555465,0.348704715444535,0.348704715444535,"all","linear"
"2730",4,1.954332247557,1.79782891033437,"Exp2","mixed","IP",0,1.80608693372434,0.204267353377194,1.80638093130149,0.539927776077565,0,0.170476771336094,0.539927776077565,0.460072223922435,0.539927776077565,0.539927776077565,"all","linear"
"2731",4,1.76834346805288,2.04594375798888,"Exp2","mixed","IP",0,1.72480045176018,0.195628824589786,1.72390758646667,0.490991106384065,0,0.206685117798554,0.490991106384065,0.509008893615935,0.490991106384065,0.490991106384065,"all","linear"
"2732",4,0.7328,0.557899694904791,"Exp2","mixed","IP",0,0.633084653470391,0.0902846244869551,0.633103469815626,0.668999695735468,0,0.99099547780216,0.668999695735468,0.331000304264532,0.668999695735468,0.668999695735468,"all","linear"
"2733",4,0.542862864224572,0.645950911086857,"Exp2","mixed","IP",0,0.564666699741397,0.0853457907334568,0.564939572383191,0.530961825076381,0,1.04224696561753,0.530961825076381,0.469038174923619,0.530961825076381,0.530961825076381,"all","linear"
"2734",4,1.60005476290647,1.82193920488635,"Exp2","mixed","IP",0,1.63521014507764,0.18665109870573,1.63409186012208,0.442219761082947,0,0.25984742601676,0.442219761082947,0.557780238917053,0.442219761082947,0.442219761082947,"all","linear"
"2735",4,1.31,1.66185287010239,"Exp2","mixed","IP",0,1.43879277840437,0.168197779060543,1.43790403741936,0.348704715444535,0,0.3689025753883,0.348704715444535,0.651295284555465,0.348704715444535,0.348704715444535,"all","linear"
"2736",4,0.599959465297448,0.669906636519499,"Exp2","mixed","IP",0,0.590648444381934,0.0870676290930859,0.590358550073062,0.578590281959343,0,1.01842981236795,0.578590281959343,0.421409718040657,0.578590281959343,0.578590281959343,"all","linear"
"2737",4,1.31,1.19793651780947,"Exp2","mixed","IP",0,1.43879277840437,0.168197779060543,1.43857464157136,0.348704715444535,0,0.365460759975976,0.348704715444535,0.651295284555465,0.348704715444535,0.348704715444535,"all","linear"
"2738",4,0.7328,0.733944902484382,"Exp2","mixed","IP",0,0.633084653470391,0.0902846244869551,0.633447764857328,0.668999695735468,0,0.98785891598962,0.668999695735468,0.331000304264532,0.668999695735468,0.668999695735468,"all","linear"
"2739",4,1.76834346805288,1.92597977228252,"Exp2","mixed","IP",0,1.72480045176018,0.195628824589786,1.72496259072882,0.490991106384065,0,0.211503004572041,0.490991106384065,0.509008893615935,0.490991106384065,0.490991106384065,"all","linear"
"2740",4,1.31,1.43792700107906,"Exp2","mixed","IP",0,1.43879277840437,0.168197779060543,1.43886465836499,0.348704715444535,0,0.363547067289949,0.348704715444535,0.651295284555465,0.348704715444535,0.348704715444535,"all","linear"
"2741",4,1.44778166151097,1.47787612078127,"Exp2","mixed","IP",0,1.53917734148542,0.177462029385811,1.53991904025233,0.394515489101718,0,0.315754416575045,0.394515489101718,0.605484510898282,0.394515489101718,0.394515489101718,"all","linear"
"2742",4,1.60005476290647,1.68595290151416,"Exp2","mixed","IP",0,1.63521014507764,0.18665109870573,1.63453265610661,0.442219761082947,0,0.266653204296117,0.442219761082947,0.557780238917053,0.442219761082947,0.442219761082947,"all","linear"
"2743",4,1.60005476290647,1.47784315432955,"Exp2","mixed","IP",0,1.63521014507764,0.18665109870573,1.63578173170164,0.442219761082947,0,0.261813008004468,0.442219761082947,0.557780238917053,0.442219761082947,0.442219761082947,"all","linear"
"2744",5,1.31,1.26992498577056,"Exp2","mixed","IP",0,1.3196686119515,0.178895348377244,1.31900096428567,0.10469584406112,0,0.302289082321338,0.10469584406112,0.89530415593888,0.10469584406112,0.10469584406112,"all","linear"
"2745",5,0.663061306494331,0.637878795418146,"Exp2","mixed","IP",0,0.603509781879106,0.0613793580127972,0.603007693841654,0.717918154960787,0,1.37409206577746,0.717918154960787,0.282081845039213,0.717918154960787,0.717918154960787,"all","linear"
"2746",5,0.4912,0.661940262301869,"Exp2","mixed","IP",0,0.543259584711249,0.0573263119229342,0.543205150159311,0.585139664417926,0,1.44240175092633,0.585139664417926,0.414860335582074,0.585139664417926,0.585139664417926,"all","linear"
"2747",5,0.599959465297448,0.661948037408365,"Exp2","mixed","IP",0,0.58654672865797,0.0601374066606939,0.587319177262117,0.676382733701705,0,1.39290161181048,0.676382733701705,0.323617266298295,0.676382733701705,0.676382733701705,"all","linear"
"2748",5,0.7328,0.773928543660077,"Exp2","mixed","IP",0,0.617340298178256,0.0625015764721758,0.617204646897806,0.756091807821078,0,1.35428994680123,0.756091807821078,0.243908192178922,0.756091807821078,0.756091807821078,"all","linear"
"2749",5,0.542862864224572,0.653911687229993,"Exp2","mixed","IP",0,0.566424674610475,0.0587823670382553,0.565865252442465,0.631919633865332,0,1.42446666641382,0.631919633865332,0.368080366134668,0.631919633865332,0.631919633865332,"all","linear"
"2750",5,1.31,1.07789198199862,"Exp2","mixed","IP",0,1.3196686119515,0.178895348377244,1.32009030628725,0.10469584406112,0,0.303255091683675,0.10469584406112,0.89530415593888,0.10469584406112,0.10469584406112,"all","linear"
"2751",5,0.7328,0.782004391379814,"Exp2","mixed","IP",0,0.617340298178256,0.0625015764721758,0.617250695939444,0.756091807821078,0,1.35786120830957,0.756091807821078,0.243908192178922,0.756091807821078,0.756091807821078,"all","linear"
"2752",5,0.4912,0.477934589582219,"Exp2","mixed","IP",0,0.543259584711249,0.0573263119229342,0.543442115557203,0.585139664417926,0,1.44472150306399,0.585139664417926,0.414860335582074,0.585139664417926,0.585139664417926,"all","linear"
"2753",5,0.7328,0.61388885951601,"Exp2","mixed","IP",0,0.617340298178256,0.0625015764721758,0.617561089167482,0.756091807821078,0,1.35519231950994,0.756091807821078,0.243908192178922,0.756091807821078,0.756091807821078,"all","linear"
"2754",5,0.542862864224572,0.445908925510594,"Exp2","mixed","IP",0,0.566424674610475,0.0587823670382553,0.566498585718901,0.631919633865332,0,1.41830342062478,0.631919633865332,0.368080366134668,0.631919633865332,0.631919633865332,"all","linear"
"2755",5,1.76834346805288,1.12594929386432,"Exp2","mixed","IP",0,1.70460198391809,0.229892737292915,1.70501248779765,0.172430353564156,0,0.0507102377800225,0.172430353564156,0.827569646435845,0.172430353564156,0.172430353564156,"all","linear"
"2756",5,1.954332247557,1.79791692454091,"Exp2","mixed","IP",0,1.84215171463404,0.248941602121391,1.84034929496071,0.201325728075394,0,-0.0222379937836592,0.201325728075394,0.798674271924606,0.201325728075394,0.201325728075394,"all","linear"
"2757",5,1.44778166151097,1.44587564805443,"Exp2","mixed","IP",0,1.44200338263018,0.194809211017892,1.44294871444988,0.12427125802673,0,0.221181728033045,0.12427125802673,0.87572874197327,0.12427125802673,0.12427125802673,"all","linear"
"2758",5,1.44778166151097,1.32593840871596,"Exp2","mixed","IP",0,1.44200338263018,0.194809211017892,1.44289434245402,0.12427125802673,0,0.221427211677851,0.12427125802673,0.87572874197327,0.12427125802673,0.12427125802673,"all","linear"
"2759",5,1.44778166151097,1.38189678390518,"Exp2","mixed","IP",0,1.44200338263018,0.194809211017892,1.44169711932108,0.12427125802673,0,0.223075411431331,0.12427125802673,0.87572874197327,0.12427125802673,0.12427125802673,"all","linear"
"2760",5,0.599959465297448,0.565905566663787,"Exp2","mixed","IP",0,0.58654672865797,0.0601374066606939,0.586774762377096,0.676382733701705,0,1.39871970296962,0.676382733701705,0.323617266298295,0.676382733701705,0.676382733701705,"all","linear"
"2761",5,0.663061306494331,0.605888585831053,"Exp2","mixed","IP",0,0.603509781879106,0.0613793580127972,0.60338269049026,0.717918154960787,0,1.37272116132378,0.717918154960787,0.282081845039213,0.717918154960787,0.717918154960787,"all","linear"
"2762",5,0.542862864224572,0.669925296775546,"Exp2","mixed","IP",0,0.566424674610475,0.0587823670382553,0.566137563274676,0.631919633865332,0,1.41236269992008,0.631919633865332,0.368080366134668,0.631919633865332,0.631919633865332,"all","linear"
"2763",5,0.599959465297448,0.557875747575963,"Exp2","mixed","IP",0,0.58654672865797,0.0601374066606939,0.586415280916087,0.676382733701705,0,1.3918576339846,0.676382733701705,0.323617266298295,0.676382733701705,0.676382733701705,"all","linear"
"2764",5,0.7328,0.685982757922829,"Exp2","mixed","IP",0,0.617340298178256,0.0625015764721758,0.616900545119269,0.756091807821078,0,1.35128444986947,0.756091807821078,0.243908192178922,0.756091807821078,0.756091807821078,"all","linear"
"2765",5,1.60005476290647,1.78189958294206,"Exp2","mixed","IP",0,1.57069885705554,0.2118234521761,1.57060251761487,0.146786051523634,0,0.136695809390196,0.146786051523634,0.853213948476366,0.146786051523634,0.146786051523634,"all","linear"
"2766",5,1.60005476290647,1.63788377148558,"Exp2","mixed","IP",0,1.57069885705554,0.2118234521761,1.57187398676928,0.146786051523634,0,0.140190715178471,0.146786051523634,0.853213948476366,0.146786051523634,0.146786051523634,"all","linear"
"2767",5,1.954332247557,1.8779121972766,"Exp2","mixed","IP",0,1.84215171463404,0.248941602121391,1.84033811181218,0.201325728075394,0,-0.0238328356862671,0.201325728075394,0.798674271924606,0.201325728075394,0.201325728075394,"all","linear"
"2768",5,1.76834346805288,1.8299096221599,"Exp2","mixed","IP",0,1.70460198391809,0.229892737292915,1.70575544468011,0.172430353564156,0,0.0490892336545306,0.172430353564156,0.827569646435845,0.172430353564156,0.172430353564156,"all","linear"
"2769",5,1.60005476290647,1.58187656862719,"Exp2","mixed","IP",0,1.57069885705554,0.2118234521761,1.57071435368619,0.146786051523634,0,0.131040508269158,0.146786051523634,0.853213948476366,0.146786051523634,0.146786051523634,"all","linear"
"2770",5,1.954332247557,1.8779535608428,"Exp2","mixed","IP",0,1.84215171463404,0.248941602121391,1.84115004221996,0.201325728075394,0,-0.0246115830479645,0.201325728075394,0.798674271924606,0.201325728075394,0.201325728075394,"all","linear"
"2771",5,0.4912,0.605909423116827,"Exp2","mixed","IP",0,0.543259584711249,0.0573263119229342,0.543320066290387,0.585139664417926,0,1.44462080065392,0.585139664417926,0.414860335582074,0.585139664417926,0.585139664417926,"all","linear"
"2772",5,1.76834346805288,1.66986527295376,"Exp2","mixed","IP",0,1.70460198391809,0.229892737292915,1.70449373427877,0.172430353564156,0,0.0492266805967123,0.172430353564156,0.827569646435845,0.172430353564156,0.172430353564156,"all","linear"
"2773",5,1.954332247557,1.6219152575577,"Exp2","mixed","IP",0,1.84215171463404,0.248941602121391,1.84160041990559,0.201325728075394,0,-0.0281048129098892,0.201325728075394,0.798674271924606,0.201325728075394,0.201325728075394,"all","linear"
"2774",5,1.60005476290647,1.62188446813707,"Exp2","mixed","IP",0,1.57069885705554,0.2118234521761,1.57135604712621,0.146786051523634,0,0.134718893970541,0.146786051523634,0.853213948476366,0.146786051523634,0.146786051523634,"all","linear"
"2775",5,0.542862864224572,0.669972569423408,"Exp2","mixed","IP",0,0.566424674610475,0.0587823670382553,0.566656186739883,0.631919633865332,0,1.42417332201558,0.631919633865332,0.368080366134668,0.631919633865332,0.631919633865332,"all","linear"
"2776",5,1.76834346805288,1.58985476100861,"Exp2","mixed","IP",0,1.70460198391809,0.229892737292915,1.70590919363486,0.172430353564156,0,0.0512995564285101,0.172430353564156,0.827569646435845,0.172430353564156,0.172430353564156,"all","linear"
"2777",5,1.31,1.38189180783775,"Exp2","mixed","IP",0,1.3196686119515,0.178895348377244,1.31965542339315,0.10469584406112,0,0.304186705525703,0.10469584406112,0.89530415593888,0.10469584406112,0.10469584406112,"all","linear"
"2778",5,1.31,1.36589841356727,"Exp2","mixed","IP",0,1.3196686119515,0.178895348377244,1.3187975692358,0.10469584406112,0,0.302057425914651,0.10469584406112,0.89530415593888,0.10469584406112,0.10469584406112,"all","linear"
"2779",5,0.599959465297448,0.621913391532871,"Exp2","mixed","IP",0,0.58654672865797,0.0601374066606939,0.586527901238858,0.676382733701705,0,1.3935591790722,0.676382733701705,0.323617266298295,0.676382733701705,0.676382733701705,"all","linear"
"2780",5,1.76834346805288,1.69388226622505,"Exp2","mixed","IP",0,1.70460198391809,0.229892737292915,1.70485651500626,0.172430353564156,0,0.0527067360345761,0.172430353564156,0.827569646435845,0.172430353564156,0.172430353564156,"all","linear"
"2781",5,1.60005476290647,1.65390173509149,"Exp2","mixed","IP",0,1.57069885705554,0.2118234521761,1.57213580112847,0.146786051523634,0,0.131653480982895,0.146786051523634,0.853213948476366,0.146786051523634,0.146786051523634,"all","linear"
"2782",5,1.31,1.32595800198396,"Exp2","mixed","IP",0,1.3196686119515,0.178895348377244,1.31960309151794,0.10469584406112,0,0.301478766489944,0.10469584406112,0.89530415593888,0.10469584406112,0.10469584406112,"all","linear"
"2783",5,0.663061306494331,0.797929053707776,"Exp2","mixed","IP",0,0.603509781879106,0.0613793580127972,0.603758739139859,0.717918154960787,0,1.37236884133331,0.717918154960787,0.282081845039213,0.717918154960787,0.717918154960787,"all","linear"
"2784",5,0.7328,0.853915419280384,"Exp2","mixed","IP",0,0.617340298178256,0.0625015764721758,0.617605126596799,0.756091807821078,0,1.3540011768212,0.756091807821078,0.243908192178922,0.756091807821078,0.756091807821078,"all","linear"
"2785",5,0.7328,0.709882191586075,"Exp2","mixed","IP",0,0.617340298178256,0.0625015764721758,0.617545239224552,0.756091807821078,0,1.35032834735687,0.756091807821078,0.243908192178922,0.756091807821078,0.756091807821078,"all","linear"
"2786",5,1.60005476290647,1.75789191979675,"Exp2","mixed","IP",0,1.57069885705554,0.2118234521761,1.57264830666338,0.146786051523634,0,0.132203744991975,0.146786051523634,0.853213948476366,0.146786051523634,0.146786051523634,"all","linear"
"2787",5,1.31,1.46999091867656,"Exp2","mixed","IP",0,1.3196686119515,0.178895348377244,1.32027722412561,0.10469584406112,0,0.305382714947972,0.10469584406112,0.89530415593888,0.10469584406112,0.10469584406112,"all","linear"
"2788",5,1.76834346805288,1.86989948342307,"Exp2","mixed","IP",0,1.70460198391809,0.229892737292915,1.70396797051544,0.172430353564156,0,0.0569405977193507,0.172430353564156,0.827569646435845,0.172430353564156,0.172430353564156,"all","linear"
"2789",5,1.954332247557,1.82196532924536,"Exp2","mixed","IP",0,1.84215171463404,0.248941602121391,1.84203957797425,0.201325728075394,0,-0.0281417995192601,0.201325728075394,0.798674271924606,0.201325728075394,0.201325728075394,"all","linear"
"2790",5,1.44778166151097,1.57390584034874,"Exp2","mixed","IP",0,1.44200338263018,0.194809211017892,1.44026555275672,0.12427125802673,0,0.222510862680364,0.12427125802673,0.87572874197327,0.12427125802673,0.12427125802673,"all","linear"
"2791",5,1.44778166151097,1.64587938010663,"Exp2","mixed","IP",0,1.44200338263018,0.194809211017892,1.4420703368662,0.12427125802673,0,0.214019121776339,0.12427125802673,0.87572874197327,0.12427125802673,0.12427125802673,"all","linear"
"2792",5,1.44778166151097,1.68588230354726,"Exp2","mixed","IP",0,1.44200338263018,0.194809211017892,1.44192902086051,0.12427125802673,0,0.220492508628334,0.12427125802673,0.87572874197327,0.12427125802673,0.12427125802673,"all","linear"
"2793",5,1.60005476290647,1.52582986822563,"Exp2","mixed","IP",0,1.57069885705554,0.2118234521761,1.57010366379563,0.146786051523634,0,0.138092549040131,0.146786051523634,0.853213948476366,0.146786051523634,0.146786051523634,"all","linear"
"2794",5,0.4912,0.661926267110175,"Exp2","mixed","IP",0,0.543259584711249,0.0573263119229342,0.54277075451505,0.585139664417926,0,1.43799187892208,0.585139664417926,0.414860335582074,0.585139664417926,0.585139664417926,"all","linear"
"2795",5,1.954332247557,1.71787406815383,"Exp2","mixed","IP",0,1.84215171463404,0.248941602121391,1.8434441957118,0.201325728075394,0,-0.0210490670219295,0.201325728075394,0.798674271924606,0.201325728075394,0.201325728075394,"all","linear"
"2796",5,1.31,1.43795063740254,"Exp2","mixed","IP",0,1.3196686119515,0.178895348377244,1.31982548715855,0.10469584406112,0,0.301292570374656,0.10469584406112,0.89530415593888,0.10469584406112,0.10469584406112,"all","linear"
"2797",5,0.599959465297448,0.469979100513228,"Exp2","mixed","IP",0,0.58654672865797,0.0601374066606939,0.586629632717379,0.676382733701705,0,1.39509356685104,0.676382733701705,0.323617266298295,0.676382733701705,0.676382733701705,"all","linear"
"2798",5,0.4912,0.421904372409699,"Exp2","mixed","IP",0,0.543259584711249,0.0573263119229342,0.543041608366567,0.585139664417926,0,1.44255389514618,0.585139664417926,0.414860335582074,0.585139664417926,0.585139664417926,"all","linear"
"2799",5,0.599959465297448,0.477962890970957,"Exp2","mixed","IP",0,0.58654672865797,0.0601374066606939,0.586379945887832,0.676382733701705,0,1.39539358281551,0.676382733701705,0.323617266298295,0.676382733701705,0.676382733701705,"all","linear"
"2800",5,0.663061306494331,0.74184565480391,"Exp2","mixed","IP",0,0.603509781879106,0.0613793580127972,0.603650307341539,0.717918154960787,0,1.37227936316064,0.717918154960787,0.282081845039213,0.717918154960787,0.717918154960787,"all","linear"
"2801",5,0.599959465297448,0.645991652645534,"Exp2","mixed","IP",0,0.58654672865797,0.0601374066606939,0.586563224180019,0.676382733701705,0,1.39769640167511,0.676382733701705,0.323617266298295,0.676382733701705,0.676382733701705,"all","linear"
"2802",5,0.542862864224572,0.50192359247194,"Exp2","mixed","IP",0,0.566424674610475,0.0587823670382553,0.566779432015796,0.631919633865332,0,1.41770115130572,0.631919633865332,0.368080366134668,0.631919633865332,0.631919633865332,"all","linear"
"2803",5,0.542862864224572,0.685922734101041,"Exp2","mixed","IP",0,0.566424674610475,0.0587823670382553,0.566430979399746,0.631919633865332,0,1.41948727732451,0.631919633865332,0.368080366134668,0.631919633865332,0.631919633865332,"all","linear"
"2804",5,1.44778166151097,1.44592789677154,"Exp2","mixed","IP",0,1.44200338263018,0.194809211017892,1.44323776194176,0.12427125802673,0,0.215128666874682,0.12427125802673,0.87572874197327,0.12427125802673,0.12427125802673,"all","linear"
"2805",5,0.663061306494331,0.493904969536743,"Exp2","mixed","IP",0,0.603509781879106,0.0613793580127972,0.603159153523206,0.717918154960787,0,1.37245871282551,0.717918154960787,0.282081845039213,0.717918154960787,0.717918154960787,"all","linear"
"2806",5,1.60005476290647,1.46988020115714,"Exp2","mixed","IP",0,1.57069885705554,0.2118234521761,1.56925842466236,0.146786051523634,0,0.128112396633092,0.146786051523634,0.853213948476366,0.146786051523634,0.146786051523634,"all","linear"
"2807",5,1.76834346805288,1.58991136378427,"Exp2","mixed","IP",0,1.70460198391809,0.229892737292915,1.70433825380758,0.172430353564156,0,0.0540105026487812,0.172430353564156,0.827569646435845,0.172430353564156,0.172430353564156,"all","linear"
"2808",5,0.542862864224572,0.573990433507788,"Exp2","mixed","IP",0,0.566424674610475,0.0587823670382553,0.566381737483042,0.631919633865332,0,1.41610617855599,0.631919633865332,0.368080366134668,0.631919633865332,0.631919633865332,"all","linear"
"2809",5,1.31,1.28592273409959,"Exp2","mixed","IP",0,1.3196686119515,0.178895348377244,1.32102369401898,0.10469584406112,0,0.305172666754855,0.10469584406112,0.89530415593888,0.10469584406112,0.10469584406112,"all","linear"
"2810",5,0.7328,0.597914125502939,"Exp2","mixed","IP",0,0.617340298178256,0.0625015764721758,0.617645319687915,0.756091807821078,0,1.35354532818186,0.756091807821078,0.243908192178922,0.756091807821078,0.756091807821078,"all","linear"
"2811",5,1.954332247557,2.03796183355553,"Exp2","mixed","IP",0,1.84215171463404,0.248941602121391,1.84075112653792,0.201325728075394,0,-0.0315365176237824,0.201325728075394,0.798674271924606,0.201325728075394,0.201325728075394,"all","linear"
"2812",5,0.663061306494331,0.645933183845045,"Exp2","mixed","IP",0,0.603509781879106,0.0613793580127972,0.603669546130427,0.717918154960787,0,1.37318356724895,0.717918154960787,0.282081845039213,0.717918154960787,0.717918154960787,"all","linear"
"2813",5,0.4912,0.453937189578937,"Exp2","mixed","IP",0,0.543259584711249,0.0573263119229342,0.543203356158965,0.585139664417926,0,1.44187880898038,0.585139664417926,0.414860335582074,0.585139664417926,0.585139664417926,"all","linear"
"2814",5,0.663061306494331,0.525931255617252,"Exp2","mixed","IP",0,0.603509781879106,0.0613793580127972,0.603343512727271,0.717918154960787,0,1.37860079974523,0.717918154960787,0.282081845039213,0.717918154960787,0.717918154960787,"all","linear"
"2815",5,0.663061306494331,0.597928431698165,"Exp2","mixed","IP",0,0.603509781879106,0.0613793580127972,0.603861207311193,0.717918154960787,0,1.37599440522315,0.717918154960787,0.282081845039213,0.717918154960787,0.717918154960787,"all","linear"
"2816",5,0.542862864224572,0.54999023446544,"Exp2","mixed","IP",0,0.566424674610475,0.0587823670382553,0.566384734403493,0.631919633865332,0,1.4171697968516,0.631919633865332,0.368080366134668,0.631919633865332,0.631919633865332,"all","linear"
"2817",5,0.542862864224572,0.613903165713054,"Exp2","mixed","IP",0,0.566424674610475,0.0587823670382553,0.566379948413552,0.631919633865332,0,1.41116498873572,0.631919633865332,0.368080366134668,0.631919633865332,0.631919633865332,"all","linear"
"2818",5,0.4912,0.65388587387497,"Exp2","mixed","IP",0,0.543259584711249,0.0573263119229342,0.54342657628386,0.585139664417926,0,1.44081718579052,0.585139664417926,0.414860335582074,0.585139664417926,0.585139664417926,"all","linear"
"2819",5,1.31,1.48595974360796,"Exp2","mixed","IP",0,1.3196686119515,0.178895348377244,1.31891848670461,0.10469584406112,0,0.304695590280395,0.10469584406112,0.89530415593888,0.10469584406112,0.10469584406112,"all","linear"
"2820",5,0.4912,0.509914225023749,"Exp2","mixed","IP",0,0.543259584711249,0.0573263119229342,0.543831608157875,0.585139664417926,0,1.44059292271063,0.585139664417926,0.414860335582074,0.585139664417926,0.585139664417926,"all","linear"
"2821",5,0.542862864224572,0.582000348324073,"Exp2","mixed","IP",0,0.566424674610475,0.0587823670382553,0.56575754457057,0.631919633865332,0,1.4217847776379,0.631919633865332,0.368080366134668,0.631919633865332,0.631919633865332,"all","linear"
"2822",5,0.542862864224572,0.589950861327452,"Exp2","mixed","IP",0,0.566424674610475,0.0587823670382553,0.566335468206927,0.631919633865332,0,1.42236530692274,0.631919633865332,0.368080366134668,0.631919633865332,0.631919633865332,"all","linear"
"2823",5,0.599959465297448,0.597929675715932,"Exp2","mixed","IP",0,0.58654672865797,0.0601374066606939,0.586277661804281,0.676382733701705,0,1.39330692153123,0.676382733701705,0.323617266298295,0.676382733701705,0.676382733701705,"all","linear"
"2824",5,1.954332247557,2.1338914097505,"Exp2","mixed","IP",0,1.84215171463404,0.248941602121391,1.84375204178785,0.201325728075394,0,-0.0252940979399394,0.201325728075394,0.798674271924606,0.201325728075394,0.201325728075394,"all","linear"
"2825",5,1.31,1.41388979252952,"Exp2","mixed","IP",0,1.3196686119515,0.178895348377244,1.31961316618655,0.10469584406112,0,0.301423238775818,0.10469584406112,0.89530415593888,0.10469584406112,0.10469584406112,"all","linear"
"2826",5,0.599959465297448,0.533974447889705,"Exp2","mixed","IP",0,0.58654672865797,0.0601374066606939,0.586497130054639,0.676382733701705,0,1.39566245248249,0.676382733701705,0.323617266298295,0.676382733701705,0.676382733701705,"all","linear"
"2827",5,0.7328,0.829899670025043,"Exp2","mixed","IP",0,0.617340298178256,0.0625015764721758,0.617250887084269,0.756091807821078,0,1.35325138167153,0.756091807821078,0.243908192178922,0.756091807821078,0.756091807821078,"all","linear"
"2828",5,1.60005476290647,1.78987964134831,"Exp2","mixed","IP",0,1.57069885705554,0.2118234521761,1.5676836137696,0.146786051523634,0,0.13405493807518,0.146786051523634,0.853213948476366,0.146786051523634,0.146786051523634,"all","linear"
"2829",5,1.44778166151097,1.34188981740954,"Exp2","mixed","IP",0,1.44200338263018,0.194809211017892,1.44170616025562,0.12427125802673,0,0.218552929656392,0.12427125802673,0.87572874197327,0.12427125802673,0.12427125802673,"all","linear"
"2830",5,1.31,1.52591726042556,"Exp2","mixed","IP",0,1.3196686119515,0.178895348377244,1.3204548991416,0.10469584406112,0,0.3047413582021,0.10469584406112,0.89530415593888,0.10469584406112,0.10469584406112,"all","linear"
"2831",5,0.4912,0.59793776182596,"Exp2","mixed","IP",0,0.543259584711249,0.0573263119229342,0.543270767460827,0.585139664417926,0,1.44616877975126,0.585139664417926,0.414860335582074,0.585139664417926,0.585139664417926,"all","linear"
"2832",5,1.954332247557,1.75788414469025,"Exp2","mixed","IP",0,1.84215171463404,0.248941602121391,1.84119175561345,0.201325728075394,0,-0.0269421098923768,0.201325728075394,0.798674271924606,0.201325728075394,0.201325728075394,"all","linear"
"2833",5,0.7328,0.693889108319127,"Exp2","mixed","IP",0,0.617340298178256,0.0625015764721758,0.617559171420483,0.756091807821078,0,1.36188848806026,0.756091807821078,0.243908192178922,0.756091807821078,0.756091807821078,"all","linear"
"2834",5,1.76834346805288,1.5979613981508,"Exp2","mixed","IP",0,1.70460198391809,0.229892737292915,1.70527995356042,0.172430353564156,0,0.050827590184636,0.172430353564156,0.827569646435845,0.172430353564156,0.172430353564156,"all","linear"
"2835",5,1.76834346805288,1.41387797436801,"Exp2","mixed","IP",0,1.70460198391809,0.229892737292915,1.70534904889259,0.172430353564156,0,0.0559464096949433,0.172430353564156,0.827569646435845,0.172430353564156,0.172430353564156,"all","linear"
"2836",5,1.76834346805288,1.46993462690443,"Exp2","mixed","IP",0,1.70460198391809,0.229892737292915,1.70486891160187,0.172430353564156,0,0.0514299300460243,0.172430353564156,0.827569646435845,0.172430353564156,0.172430353564156,"all","linear"
"2837",5,1.954332247557,1.76596465747571,"Exp2","mixed","IP",0,1.84215171463404,0.248941602121391,1.8404938444948,0.201325728075394,0,-0.0233713340154861,0.201325728075394,0.798674271924606,0.201325728075394,0.201325728075394,"all","linear"
"2838",5,1.44778166151097,1.4619275111254,"Exp2","mixed","IP",0,1.44200338263018,0.194809211017892,1.44233554114583,0.12427125802673,0,0.220762748627449,0.12427125802673,0.87572874197327,0.12427125802673,0.12427125802673,"all","linear"
"2839",5,0.7328,0.685853380149638,"Exp2","mixed","IP",0,0.617340298178256,0.0625015764721758,0.617315847460305,0.756091807821078,0,1.35719460263831,0.756091807821078,0.243908192178922,0.756091807821078,0.756091807821078,"all","linear"
"2840",5,1.76834346805288,1.88588292555505,"Exp2","mixed","IP",0,1.70460198391809,0.229892737292915,1.70402354580254,0.172430353564156,0,0.0519409143431663,0.172430353564156,0.827569646435845,0.172430353564156,0.172430353564156,"all","linear"
"2841",5,0.599959465297448,0.60593679149315,"Exp2","mixed","IP",0,0.58654672865797,0.0601374066606939,0.586650760577626,0.676382733701705,0,1.39216149144554,0.676382733701705,0.323617266298295,0.676382733701705,0.676382733701705,"all","linear"
"2842",5,1.60005476290647,1.47791966137993,"Exp2","mixed","IP",0,1.57069885705554,0.2118234521761,1.57313051805509,0.146786051523634,0,0.137025748414011,0.146786051523634,0.853213948476366,0.146786051523634,0.146786051523634,"all","linear"
"2843",5,1.60005476290647,1.51787966622942,"Exp2","mixed","IP",0,1.57069885705554,0.2118234521761,1.57091937975173,0.146786051523634,0,0.133365135926359,0.146786051523634,0.853213948476366,0.146786051523634,0.146786051523634,"all","linear"
"2844",5,0.4912,0.573911438425057,"Exp2","mixed","IP",0,0.543259584711249,0.0573263119229342,0.543666350152083,0.585139664417926,0,1.43865383822703,0.585139664417926,0.414860335582074,0.585139664417926,0.585139664417926,"all","linear"
"2845",5,1.44778166151097,1.23787568537409,"Exp2","mixed","IP",0,1.44200338263018,0.194809211017892,1.44121049781982,0.12427125802673,0,0.220981389137149,0.12427125802673,0.87572874197327,0.12427125802673,0.12427125802673,"all","linear"
"2846",5,0.663061306494331,0.597912881485172,"Exp2","mixed","IP",0,0.603509781879106,0.0613793580127972,0.603932617680066,0.717918154960787,0,1.37238652381141,0.717918154960787,0.282081845039213,0.717918154960787,0.717918154960787,"all","linear"
"2847",5,1.954332247557,1.50193976469382,"Exp2","mixed","IP",0,1.84215171463404,0.248941602121391,1.84126184960551,0.201325728075394,0,-0.0288026582317673,0.201325728075394,0.798674271924606,0.201325728075394,0.201325728075394,"all","linear"
"2848",5,1.60005476290647,1.62192334366955,"Exp2","mixed","IP",0,1.57069885705554,0.2118234521761,1.56995619194006,0.146786051523634,0,0.138887741319328,0.146786051523634,0.853213948476366,0.146786051523634,0.146786051523634,"all","linear"
"2849",5,0.4912,0.485981202902622,"Exp2","mixed","IP",0,0.543259584711249,0.0573263119229342,0.543166403994418,0.585139664417926,0,1.44473429868146,0.585139664417926,0.414860335582074,0.585139664417926,0.585139664417926,"all","linear"
"2850",5,0.7328,0.669897617395691,"Exp2","mixed","IP",0,0.617340298178256,0.0625015764721758,0.617450113597264,0.756091807821078,0,1.35339287070848,0.756091807821078,0.243908192178922,0.756091807821078,0.756091807821078,"all","linear"
"2851",5,1.44778166151097,1.49386796002909,"Exp2","mixed","IP",0,1.44200338263018,0.194809211017892,1.44181203449688,0.12427125802673,0,0.214917125947703,0.12427125802673,0.87572874197327,0.12427125802673,0.12427125802673,"all","linear"
"2852",5,0.7328,0.757953809647006,"Exp2","mixed","IP",0,0.617340298178256,0.0625015764721758,0.617680686434752,0.756091807821078,0,1.35826166711399,0.756091807821078,0.243908192178922,0.756091807821078,0.756091807821078,"all","linear"
"2853",5,0.7328,0.653881208811072,"Exp2","mixed","IP",0,0.617340298178256,0.0625015764721758,0.617507356749113,0.756091807821078,0,1.35517404418415,0.756091807821078,0.243908192178922,0.756091807821078,0.756091807821078,"all","linear"
"2854",5,1.60005476290647,1.55789347481914,"Exp2","mixed","IP",0,1.57069885705554,0.2118234521761,1.57109180742316,0.146786051523634,0,0.137192606335411,0.146786051523634,0.853213948476366,0.146786051523634,0.146786051523634,"all","linear"
"2855",5,0.4912,0.573906773361159,"Exp2","mixed","IP",0,0.543259584711249,0.0573263119229342,0.543649773806513,0.585139664417926,0,1.44151279873987,0.585139664417926,0.414860335582074,0.585139664417926,0.585139664417926,"all","linear"
"2856",5,0.599959465297448,0.597909771442573,"Exp2","mixed","IP",0,0.58654672865797,0.0601374066606939,0.587182215460364,0.676382733701705,0,1.39929278017316,0.676382733701705,0.323617266298295,0.676382733701705,0.676382733701705,"all","linear"
"2857",5,1.31,1.42193578383922,"Exp2","mixed","IP",0,1.3196686119515,0.178895348377244,1.31847636174675,0.10469584406112,0,0.303526982442022,0.10469584406112,0.89530415593888,0.10469584406112,0.10469584406112,"all","linear"
"2858",5,1.954332247557,1.54999272250097,"Exp2","mixed","IP",0,1.84215171463404,0.248941602121391,1.84085477126478,0.201325728075394,0,-0.0272648353056694,0.201325728075394,0.798674271924606,0.201325728075394,0.201325728075394,"all","linear"
"2859",5,1.76834346805288,1.66189641069832,"Exp2","mixed","IP",0,1.70460198391809,0.229892737292915,1.70460529809796,0.172430353564156,0,0.05587183689838,0.172430353564156,0.827569646435845,0.172430353564156,0.172430353564156,"all","linear"
"2860",5,0.663061306494331,0.749981837350788,"Exp2","mixed","IP",0,0.603509781879106,0.0613793580127972,0.603653813711956,0.717918154960787,0,1.36993795589029,0.717918154960787,0.282081845039213,0.717918154960787,0.717918154960787,"all","linear"
"2861",5,1.31,1.32601180572055,"Exp2","mixed","IP",0,1.3196686119515,0.178895348377244,1.32048801341099,0.10469584406112,0,0.305553547073996,0.10469584406112,0.89530415593888,0.10469584406112,0.10469584406112,"all","linear"
"2862",5,1.954332247557,1.81386180214577,"Exp2","mixed","IP",0,1.84215171463404,0.248941602121391,1.84272284331473,0.201325728075394,0,-0.02555988090565,0.201325728075394,0.798674271924606,0.201325728075394,0.201325728075394,"all","linear"
"2863",5,1.954332247557,2.14182264048941,"Exp2","mixed","IP",0,1.84215171463404,0.248941602121391,1.84159341636439,0.201325728075394,0,-0.0198068382904697,0.201325728075394,0.798674271924606,0.201325728075394,0.201325728075394,"all","linear"
"2864",5,0.542862864224572,0.533867773427119,"Exp2","mixed","IP",0,0.566424674610475,0.0587823670382553,0.566892331022219,0.631919633865332,0,1.41428297163441,0.631919633865332,0.368080366134668,0.631919633865332,0.631919633865332,"all","linear"
"2865",5,1.44778166151097,1.34185653995337,"Exp2","mixed","IP",0,1.44200338263018,0.194809211017892,1.44303118183372,0.12427125802673,0,0.221122541325408,0.12427125802673,0.87572874197327,0.12427125802673,0.12427125802673,"all","linear"
"2866",5,0.599959465297448,0.533861553341922,"Exp2","mixed","IP",0,0.58654672865797,0.0601374066606939,0.586651328384082,0.676382733701705,0,1.39610913681901,0.676382733701705,0.323617266298295,0.676382733701705,0.676382733701705,"all","linear"
"2867",5,0.663061306494331,0.757904359968961,"Exp2","mixed","IP",0,0.603509781879106,0.0613793580127972,0.603224542900374,0.717918154960787,0,1.36841882730998,0.717918154960787,0.282081845039213,0.717918154960787,0.717918154960787,"all","linear"
"2868",5,0.7328,0.69390652455877,"Exp2","mixed","IP",0,0.617340298178256,0.0625015764721758,0.617420073618957,0.756091807821078,0,1.35643052725002,0.756091807821078,0.243908192178922,0.756091807821078,0.756091807821078,"all","linear"
"2869",5,1.76834346805288,1.37393600776159,"Exp2","mixed","IP",0,1.70460198391809,0.229892737292915,1.7035956551697,0.172430353564156,0,0.0522118086628268,0.172430353564156,0.827569646435845,0.172430353564156,0.172430353564156,"all","linear"
"2870",5,0.4912,0.453995347375894,"Exp2","mixed","IP",0,0.543259584711249,0.0573263119229342,0.54383166938191,0.585139664417926,0,1.44273374139566,0.585139664417926,0.414860335582074,0.585139664417926,0.585139664417926,"all","linear"
"2871",5,0.4912,0.613891036544373,"Exp2","mixed","IP",0,0.543259584711249,0.0573263119229342,0.543003181392982,0.585139664417926,0,1.44665752588191,0.585139664417926,0.414860335582074,0.585139664417926,0.585139664417926,"all","linear"
"2872",5,1.31,1.2619828698862,"Exp2","mixed","IP",0,1.3196686119515,0.178895348377244,1.31972233746232,0.10469584406112,0,0.305389068506212,0.10469584406112,0.89530415593888,0.10469584406112,0.10469584406112,"all","linear"
"2873",5,0.542862864224572,0.541961037384681,"Exp2","mixed","IP",0,0.566424674610475,0.0587823670382553,0.566464206608567,0.631919633865332,0,1.42260103661789,0.631919633865332,0.368080366134668,0.631919633865332,0.631919633865332,"all","linear"
"2874",5,1.44778166151097,1.74994265081295,"Exp2","mixed","IP",0,1.44200338263018,0.194809211017892,1.44236726248199,0.12427125802673,0,0.216268663692562,0.12427125802673,0.87572874197327,0.12427125802673,0.12427125802673,"all","linear"
"2875",5,0.663061306494331,0.525897978161083,"Exp2","mixed","IP",0,0.603509781879106,0.0613793580127972,0.6036759577076,0.717918154960787,0,1.36910423531185,0.717918154960787,0.282081845039213,0.717918154960787,0.717918154960787,"all","linear"
"2876",5,1.76834346805288,1.78192135324571,"Exp2","mixed","IP",0,1.70460198391809,0.229892737292915,1.70606759111025,0.172430353564156,0,0.0537967125088304,0.172430353564156,0.827569646435845,0.172430353564156,0.172430353564156,"all","linear"
"2877",5,1.60005476290647,1.44592323170946,"Exp2","mixed","IP",0,1.57069885705554,0.2118234521761,1.57305390061086,0.146786051523634,0,0.129972414888161,0.146786051523634,0.853213948476366,0.146786051523634,0.146786051523634,"all","linear"
"2878",5,0.542862864224572,0.613918404920696,"Exp2","mixed","IP",0,0.566424674610475,0.0587823670382553,0.565983048538471,0.631919633865332,0,1.41148539716453,0.631919633865332,0.368080366134668,0.631919633865332,0.631919633865332,"all","linear"
"2879",5,1.44778166151097,1.78192415228114,"Exp2","mixed","IP",0,1.44200338263018,0.194809211017892,1.44195020690749,0.12427125802673,0,0.215472128850363,0.12427125802673,0.87572874197327,0.12427125802673,0.12427125802673,"all","linear"
"2880",5,0.599959465297448,0.565896858544875,"Exp2","mixed","IP",0,0.58654672865797,0.0601374066606939,0.586628919157631,0.676382733701705,0,1.39329342496279,0.676382733701705,0.323617266298295,0.676382733701705,0.676382733701705,"all","linear"
"2881",5,0.599959465297448,0.525891136068822,"Exp2","mixed","IP",0,0.58654672865797,0.0601374066606939,0.586579987466896,0.676382733701705,0,1.38905757924093,0.676382733701705,0.323617266298295,0.676382733701705,0.676382733701705,"all","linear"
"2882",5,0.663061306494331,0.621900329355412,"Exp2","mixed","IP",0,0.603509781879106,0.0613793580127972,0.603457417627263,0.717918154960787,0,1.37490243433126,0.717918154960787,0.282081845039213,0.717918154960787,0.717918154960787,"all","linear"
"2883",6,1.954332247557,1.98987746508192,"Exp2","mixed","IP",0,1.61818296746108,0.278556116501048,1.61720706414588,0.753605331634834,0,-0.147135412962863,0.753605331634834,0.246394668365166,0.753605331634834,0.753605331634834,"all","linear"
"2884",6,1.76834346805288,1.51791370307365,"Exp2","mixed","IP",0,1.58209250689318,0.271992804564036,1.58194685938884,0.717047187612041,0,-0.114548764562131,0.717047187612041,0.282952812387959,0.717047187612041,0.717047187612041,"all","linear"
"2885",6,0.7328,0.973887591318089,"Exp2","mixed","IP",0,0.663455352559791,0.102085245250373,0.663183053505574,0.938103819290974,0,0.857959206991473,0.938103819290974,0.0618961807090262,0.938103819290974,0.938103819290974,"all","linear"
"2886",6,0.4912,0.765940859796501,"Exp2","mixed","IP",0,0.637880248849525,0.100715632741834,0.637190705867626,0.8759496496382,0,0.874867688822946,0.8759496496382,0.1240503503618,0.8759496496382,0.8759496496382,"all","linear"
"2887",6,0.542862864224572,0.509913790154314,"Exp2","mixed","IP",0,0.646563101030865,0.101135031242467,0.646459502608237,0.895052143525205,0,0.876325570355251,0.895052143525205,0.104947856474795,0.895052143525205,0.895052143525205,"all","linear"
"2888",6,1.76834346805288,1.98190678638184,"Exp2","mixed","IP",0,1.58209250689318,0.271992804564036,1.58133906868599,0.717047187612041,0,-0.114828128165063,0.717047187612041,0.282952812387959,0.717047187612041,0.717047187612041,"all","linear"
"2889",6,0.7328,0.741971288264722,"Exp2","mixed","IP",0,0.663455352559791,0.102085245250373,0.663389498179386,0.938103819290974,0,0.867321800069817,0.938103819290974,0.0618961807090262,0.938103819290974,0.938103819290974,"all","linear"
"2890",6,1.76834346805288,1.83795002814531,"Exp2","mixed","IP",0,1.58209250689318,0.271992804564036,1.58271853823685,0.717047187612041,0,-0.115583922606204,0.717047187612041,0.282952812387959,0.717047187612041,0.717047187612041,"all","linear"
"2891",6,1.31,1.10992747425644,"Exp2","mixed","IP",0,1.42818293833678,0.248391260964755,1.42781513949605,0.591893618938304,0,-0.0263339502716701,0.591893618938304,0.408106381061696,0.591893618938304,0.591893618938304,"all","linear"
"2892",6,1.954332247557,1.82190386295952,"Exp2","mixed","IP",0,1.61818296746108,0.278556116501048,1.61712766211613,0.753605331634834,0,-0.147314368972512,0.753605331634834,0.246394668365166,0.753605331634834,0.753605331634834,"all","linear"
"2893",6,0.4912,1.07788521525981,"Exp2","mixed","IP",0,0.637880248849525,0.100715632741834,0.637422945812119,0.8759496496382,0,0.884301283658566,0.8759496496382,0.1240503503618,0.8759496496382,0.8759496496382,"all","linear"
"2894",6,1.44778166151097,1.26997891404244,"Exp2","mixed","IP",0,1.48688750026163,0.256869746406804,1.48715669759953,0.635725418581999,0,-0.0567277545636671,0.635725418581999,0.364274581418001,0.635725418581999,0.635725418581999,"all","linear"
"2895",6,1.76834346805288,1.50990850311518,"Exp2","mixed","IP",0,1.58209250689318,0.271992804564036,1.58217907911719,0.717047187612041,0,-0.112267729152887,0.717047187612041,0.282952812387959,0.717047187612041,0.717047187612041,"all","linear"
"2896",6,1.31,1.44588120954995,"Exp2","mixed","IP",0,1.42818293833678,0.248391260964755,1.42852095258755,0.591893618938304,0,-0.0209300808331448,0.591893618938304,0.408106381061696,0.591893618938304,0.591893618938304,"all","linear"
"2897",6,0.599959465297448,0.653933059857991,"Exp2","mixed","IP",0,0.653584831635018,0.101500222393195,0.653997821485736,0.911633807438005,0,0.870643282001083,0.911633807438005,0.0883661925619945,0.911633807438005,0.911633807438005,"all","linear"
"2898",6,0.7328,0.877903564397457,"Exp2","mixed","IP",0,0.663455352559791,0.102085245250373,0.662210699127112,0.938103819290974,0,0.861666487236496,0.938103819290974,0.0618961807090262,0.938103819290974,0.938103819290974,"all","linear"
"2899",6,1.31,1.25391253370435,"Exp2","mixed","IP",0,1.42818293833678,0.248391260964755,1.42752052356276,0.591893618938304,0,-0.0293077746085406,0.591893618938304,0.408106381061696,0.591893618938304,0.591893618938304,"all","linear"
"2900",6,0.663061306494331,0.78192015948116,"Exp2","mixed","IP",0,0.659148257946744,0.101815388609686,0.659305174592258,0.925907563380809,0,0.867655529762516,0.925907563380809,0.074092436619191,0.925907563380809,0.925907563380809,"all","linear"
"2901",6,1.60005476290647,1.3428144155796,"Exp2","mixed","IP",0,1.53831131277775,0.26475443426589,1.53818529526313,0.677619556678041,0,-0.0881707732366703,0.677619556678041,0.322380443321959,0.677619556678041,0.677619556678041,"all","linear"
"2902",6,1.44778166151097,1.62989133578594,"Exp2","mixed","IP",0,1.48688750026163,0.256869746406804,1.48385334577161,0.635725418581999,0,-0.0591265094848166,0.635725418581999,0.364274581418001,0.635725418581999,0.635725418581999,"all","linear"
"2903",6,0.663061306494331,1.20589066402135,"Exp2","mixed","IP",0,0.659148257946744,0.101815388609686,0.658534929788995,0.925907563380809,0,0.86468600958584,0.925907563380809,0.074092436619191,0.925907563380809,0.925907563380809,"all","linear"
"2904",6,0.542862864224572,1.20591803222578,"Exp2","mixed","IP",0,0.646563101030865,0.101135031242467,0.64690051398953,0.895052143525205,0,0.8682040679725,0.895052143525205,0.104947856474795,0.895052143525205,0.895052143525205,"all","linear"
"2905",6,1.44778166151097,1.18198298195239,"Exp2","mixed","IP",0,1.48688750026163,0.256869746406804,1.48549189740768,0.635725418581999,0,-0.0530551146617794,0.635725418581999,0.364274581418001,0.635725418581999,0.635725418581999,"all","linear"
"2906",6,0.542862864224572,1.14180272500198,"Exp2","mixed","IP",0,0.646563101030865,0.101135031242467,0.646451196006856,0.895052143525205,0,0.871313112908729,0.895052143525205,0.104947856474795,0.895052143525205,0.895052143525205,"all","linear"
"2907",6,1.954332247557,1.94184937535192,"Exp2","mixed","IP",0,1.61818296746108,0.278556116501048,1.61710367965313,0.753605331634834,0,-0.131993396379198,0.753605331634834,0.246394668365166,0.753605331634834,0.753605331634834,"all","linear"
"2908",6,0.4912,0.709879579897461,"Exp2","mixed","IP",0,0.637880248849525,0.100715632741834,0.637107106487444,0.8759496496382,0,0.876222466652823,0.8759496496382,0.1240503503618,0.8759496496382,0.8759496496382,"all","linear"
"2909",6,1.60005476290647,1.55786257429099,"Exp2","mixed","IP",0,1.53831131277775,0.26475443426589,1.54051055575962,0.677619556678041,0,-0.0855776716024712,0.677619556678041,0.322380443321959,0.677619556678041,0.677619556678041,"all","linear"
"2910",6,1.60005476290647,1.74187487754261,"Exp2","mixed","IP",0,1.53831131277775,0.26475443426589,1.53938509805932,0.677619556678041,0,-0.0923753877152284,0.677619556678041,0.322380443321959,0.677619556678041,0.677619556678041,"all","linear"
"2911",6,0.599959465297448,1.04592661589049,"Exp2","mixed","IP",0,0.653584831635018,0.101500222393195,0.65407675189136,0.911633807438005,0,0.873254781491782,0.911633807438005,0.0883661925619945,0.911633807438005,0.911633807438005,"all","linear"
"2912",6,1.31,1.42185876762233,"Exp2","mixed","IP",0,1.42818293833678,0.248391260964755,1.42782677869624,0.591893618938304,0,-0.0213226172429968,0.591893618938304,0.408106381061696,0.591893618938304,0.591893618938304,"all","linear"
"2913",6,0.542862864224572,1.06162290345492,"Exp2","mixed","IP",0,0.646563101030865,0.101135031242467,0.646543344806736,0.895052143525205,0,0.876271495504766,0.895052143525205,0.104947856474795,0.895052143525205,0.895052143525205,"all","linear"
"2914",6,1.60005476290647,1.41390861507534,"Exp2","mixed","IP",0,1.53831131277775,0.26475443426589,1.53787217083275,0.677619556678041,0,-0.091653761437713,0.677619556678041,0.322380443321959,0.677619556678041,0.677619556678041,"all","linear"
"2915",6,1.60005476290647,1.64589147262723,"Exp2","mixed","IP",0,1.53831131277775,0.26475443426589,1.53622716806428,0.677619556678041,0,-0.0907458054390226,0.677619556678041,0.322380443321959,0.677619556678041,0.677619556678041,"all","linear"
"2916",6,0.4912,0.548880516014833,"Exp2","mixed","IP",0,0.637880248849525,0.100715632741834,0.637646231856841,0.8759496496382,0,0.881446122891333,0.8759496496382,0.1240503503618,0.8759496496382,0.8759496496382,"all","linear"
"2917",6,0.7328,0.701922274297431,"Exp2","mixed","IP",0,0.663455352559791,0.102085245250373,0.663738486573697,0.938103819290974,0,0.867977579545617,0.938103819290974,0.0618961807090262,0.938103819290974,0.938103819290974,"all","linear"
"2918",6,0.663061306494331,0.677600959131269,"Exp2","mixed","IP",0,0.659148257946744,0.101815388609686,0.659213269799145,0.925907563380809,0,0.865509466502129,0.925907563380809,0.074092436619191,0.925907563380809,0.925907563380809,"all","linear"
"2919",6,1.44778166151097,1.38800647506832,"Exp2","mixed","IP",0,1.48688750026163,0.256869746406804,1.48744097928772,0.635725418581999,0,-0.0611257224363223,0.635725418581999,0.364274581418001,0.635725418581999,0.635725418581999,"all","linear"
"2920",6,1.31,1.44592661589013,"Exp2","mixed","IP",0,1.42818293833678,0.248391260964755,1.42549596332735,0.591893618938304,0,-0.0206077213500864,0.591893618938304,0.408106381061696,0.591893618938304,0.591893618938304,"all","linear"
"2921",6,1.954332247557,1.26188196839576,"Exp2","mixed","IP",0,1.61818296746108,0.278556116501048,1.61521929499224,0.753605331634834,0,-0.136843952182035,0.753605331634834,0.246394668365166,0.753605331634834,0.753605331634834,"all","linear"
"2922",6,0.663061306494331,1.18991727338016,"Exp2","mixed","IP",0,0.659148257946744,0.101815388609686,0.658566198130505,0.925907563380809,0,0.867666763603892,0.925907563380809,0.074092436619191,0.925907563380809,0.925907563380809,"all","linear"
"2923",6,1.954332247557,1.34223564024524,"Exp2","mixed","IP",0,1.61818296746108,0.278556116501048,1.61944800292298,0.753605331634834,0,-0.142021939109197,0.753605331634834,0.246394668365166,0.753605331634834,0.753605331634834,"all","linear"
"2924",6,0.663061306494331,0.741912508824498,"Exp2","mixed","IP",0,0.659148257946744,0.101815388609686,0.659707075241951,0.925907563380809,0,0.869862637514998,0.925907563380809,0.074092436619191,0.925907563380809,0.925907563380809,"all","linear"
"2925",6,0.599959465297448,0.621891422866611,"Exp2","mixed","IP",0,0.653584831635018,0.101500222393195,0.653920416927572,0.911633807438005,0,0.869244713930463,0.911633807438005,0.0883661925619945,0.911633807438005,0.911633807438005,"all","linear"
"2926",6,0.542862864224572,0.854000858365907,"Exp2","mixed","IP",0,0.646563101030865,0.101135031242467,0.647875888917201,0.895052143525205,0,0.877473420190946,0.895052143525205,0.104947856474795,0.895052143525205,0.895052143525205,"all","linear"
"2927",6,0.7328,1.07788179423369,"Exp2","mixed","IP",0,0.663455352559791,0.102085245250373,0.663629165148224,0.938103819290974,0,0.865735581309351,0.938103819290974,0.0618961807090262,0.938103819290974,0.938103819290974,"all","linear"
"2928",6,1.60005476290647,1.3419193508762,"Exp2","mixed","IP",0,1.53831131277775,0.26475443426589,1.53871158840349,0.677619556678041,0,-0.0888464935173114,0.677619556678041,0.322380443321959,0.677619556678041,0.677619556678041,"all","linear"
"2929",6,0.542862864224572,0.709908814116716,"Exp2","mixed","IP",0,0.646563101030865,0.101135031242467,0.64578500851128,0.895052143525205,0,0.87463690545527,0.895052143525205,0.104947856474795,0.895052143525205,0.895052143525205,"all","linear"
"2930",6,0.663061306494331,0.949975866218665,"Exp2","mixed","IP",0,0.659148257946744,0.101815388609686,0.658907095002511,0.925907563380809,0,0.868924400492911,0.925907563380809,0.074092436619191,0.925907563380809,0.925907563380809,"all","linear"
"2931",6,1.31,1.10989419700672,"Exp2","mixed","IP",0,1.42818293833678,0.248391260964755,1.42636051989861,0.591893618938304,0,-0.0234780484566817,0.591893618938304,0.408106381061696,0.591893618938304,0.591893618938304,"all","linear"
"2932",6,0.7328,1.10988517793976,"Exp2","mixed","IP",0,0.663455352559791,0.102085245250373,0.663617392288404,0.938103819290974,0,0.862276098012088,0.938103819290974,0.0618961807090262,0.938103819290974,0.938103819290974,"all","linear"
"2933",6,0.4912,0.845921639853259,"Exp2","mixed","IP",0,0.637880248849525,0.100715632741834,0.636819568282667,0.8759496496382,0,0.885795647938833,0.8759496496382,0.1240503503618,0.8759496496382,0.8759496496382,"all","linear"
"2934",6,1.44778166151097,1.55788745447717,"Exp2","mixed","IP",0,1.48688750026163,0.256869746406804,1.48609654580699,0.635725418581999,0,-0.0571063728953416,0.635725418581999,0.364274581418001,0.635725418581999,0.635725418581999,"all","linear"
"2935",6,1.60005476290647,1.75758267219408,"Exp2","mixed","IP",0,1.53831131277775,0.26475443426589,1.53960470827308,0.677619556678041,0,-0.0833914375796439,0.677619556678041,0.322380443321959,0.677619556678041,0.677619556678041,"all","linear"
"2936",6,1.76834346805288,1.15792757377767,"Exp2","mixed","IP",0,1.58209250689318,0.271992804564036,1.58212205542765,0.717047187612041,0,-0.11355966549271,0.717047187612041,0.282952812387959,0.717047187612041,0.717047187612041,"all","linear"
"2937",6,1.44778166151097,1.02636145934684,"Exp2","mixed","IP",0,1.48688750026163,0.256869746406804,1.48920555867562,0.635725418581999,0,-0.0491101017475517,0.635725418581999,0.364274581418001,0.635725418581999,0.635725418581999,"all","linear"
"2938",6,1.76834346805288,1.78989270419606,"Exp2","mixed","IP",0,1.58209250689318,0.271992804564036,1.58377064016784,0.717047187612041,0,-0.115719672758412,0.717047187612041,0.282952812387959,0.717047187612041,0.717047187612041,"all","linear"
"2939",6,0.599959465297448,0.821881470791595,"Exp2","mixed","IP",0,0.653584831635018,0.101500222393195,0.65309437172784,0.911633807438005,0,0.872133877652671,0.911633807438005,0.0883661925619945,0.911633807438005,0.911633807438005,"all","linear"
"2940",6,1.44778166151097,1.47789765535344,"Exp2","mixed","IP",0,1.48688750026163,0.256869746406804,1.4879908167783,0.635725418581999,0,-0.0589177685579415,0.635725418581999,0.364274581418001,0.635725418581999,0.635725418581999,"all","linear"
"2941",6,0.7328,0.789934378507496,"Exp2","mixed","IP",0,0.663455352559791,0.102085245250373,0.663635986070319,0.938103819290974,0,0.860529104144228,0.938103819290974,0.0618961807090262,0.938103819290974,0.938103819290974,"all","linear"
"2942",6,1.31,1.11788540186171,"Exp2","mixed","IP",0,1.42818293833678,0.248391260964755,1.42705390824105,0.591893618938304,0,-0.0219506780125066,0.591893618938304,0.408106381061696,0.591893618938304,0.591893618938304,"all","linear"
"2943",6,1.76834346805288,1.16597040501892,"Exp2","mixed","IP",0,1.58209250689318,0.271992804564036,1.58131818459669,0.717047187612041,0,-0.113187026825232,0.717047187612041,0.282952812387959,0.717047187612041,0.717047187612041,"all","linear"
"2944",6,1.44778166151097,1.26194914489861,"Exp2","mixed","IP",0,1.48688750026163,0.256869746406804,1.48517785513753,0.635725418581999,0,-0.0585876293080749,0.635725418581999,0.364274581418001,0.635725418581999,0.635725418581999,"all","linear"
"2945",6,1.954332247557,1.2617454383726,"Exp2","mixed","IP",0,1.61818296746108,0.278556116501048,1.61861662655473,0.753605331634834,0,-0.137187290968475,0.753605331634834,0.246394668365166,0.753605331634834,0.753605331634834,"all","linear"
"2946",6,1.954332247557,1.23798952544075,"Exp2","mixed","IP",0,1.61818296746108,0.278556116501048,1.61616644191677,0.753605331634834,0,-0.138942527068163,0.753605331634834,0.246394668365166,0.753605331634834,0.753605331634834,"all","linear"
"2947",6,1.60005476290647,1.14198403936007,"Exp2","mixed","IP",0,1.53831131277775,0.26475443426589,1.5393316974755,0.677619556678041,0,-0.0907612278225565,0.677619556678041,0.322380443321959,0.677619556678041,0.677619556678041,"all","linear"
"2948",6,1.44778166151097,1.13388149567163,"Exp2","mixed","IP",0,1.48688750026163,0.256869746406804,1.48781018769375,0.635725418581999,0,-0.0619333881338517,0.635725418581999,0.364274581418001,0.635725418581999,0.635725418581999,"all","linear"
"2949",6,0.7328,0.629995521566343,"Exp2","mixed","IP",0,0.663455352559791,0.102085245250373,0.663184221052772,0.938103819290974,0,0.863436219814304,0.938103819290974,0.0618961807090262,0.938103819290974,0.938103819290974,"all","linear"
"2950",6,0.663061306494331,0.877882416239117,"Exp2","mixed","IP",0,0.659148257946744,0.101815388609686,0.658932689211634,0.925907563380809,0,0.864531304570989,0.925907563380809,0.074092436619191,0.925907563380809,0.925907563380809,"all","linear"
"2951",6,1.60005476290647,0.973975604976658,"Exp2","mixed","IP",0,1.53831131277775,0.26475443426589,1.53796632517944,0.677619556678041,0,-0.0850191681673029,0.677619556678041,0.322380443321959,0.677619556678041,0.677619556678041,"all","linear"
"2952",6,0.542862864224572,0.653905691653563,"Exp2","mixed","IP",0,0.646563101030865,0.101135031242467,0.646092096534992,0.895052143525205,0,0.868570340817027,0.895052143525205,0.104947856474795,0.895052143525205,0.895052143525205,"all","linear"
"2953",6,0.599959465297448,0.645913864794238,"Exp2","mixed","IP",0,0.653584831635018,0.101500222393195,0.653746485282793,0.911633807438005,0,0.87137301081413,0.911633807438005,0.0883661925619945,0.911633807438005,0.911633807438005,"all","linear"
"2954",6,0.7328,0.709896374023629,"Exp2","mixed","IP",0,0.663455352559791,0.102085245250373,0.663096049300851,0.938103819290974,0,0.870239315689785,0.938103819290974,0.0618961807090262,0.938103819290974,0.938103819290974,"all","linear"
"2955",6,0.4912,0.626370478414174,"Exp2","mixed","IP",0,0.637880248849525,0.100715632741834,0.637601225887264,0.8759496496382,0,0.878783984672553,0.8759496496382,0.1240503503618,0.8759496496382,0.8759496496382,"all","linear"
"2956",6,0.663061306494331,0.725899620887503,"Exp2","mixed","IP",0,0.659148257946744,0.101815388609686,0.658650312365876,0.925907563380809,0,0.870797227986695,0.925907563380809,0.074092436619191,0.925907563380809,0.925907563380809,"all","linear"
"2957",6,1.954332247557,1.11791681309751,"Exp2","mixed","IP",0,1.61818296746108,0.278556116501048,1.61957540796693,0.753605331634834,0,-0.140944514082563,0.753605331634834,0.246394668365166,0.753605331634834,0.753605331634834,"all","linear"
"2958",6,0.599959465297448,0.861887877440495,"Exp2","mixed","IP",0,0.653584831635018,0.101500222393195,0.65320012625113,0.911633807438005,0,0.871378292142545,0.911633807438005,0.0883661925619945,0.911633807438005,0.911633807438005,"all","linear"
"2959",6,1.31,1.07786624411801,"Exp2","mixed","IP",0,1.42818293833678,0.248391260964755,1.42763798932586,0.591893618938304,0,-0.0211377596006836,0.591893618938304,0.408106381061696,0.591893618938304,0.591893618938304,"all","linear"
"2960",6,0.4912,0.997936468444095,"Exp2","mixed","IP",0,0.637880248849525,0.100715632741834,0.63849870438242,0.8759496496382,0,0.881418535272472,0.8759496496382,0.1240503503618,0.8759496496382,0.8759496496382,"all","linear"
"2961",6,1.31,1.23794411910148,"Exp2","mixed","IP",0,1.42818293833678,0.248391260964755,1.42943609430587,0.591893618938304,0,-0.022855905504187,0.591893618938304,0.408106381061696,0.591893618938304,0.591893618938304,"all","linear"
"2962",6,0.4912,0.741932101970633,"Exp2","mixed","IP",0,0.637880248849525,0.100715632741834,0.63823126734415,0.8759496496382,0,0.878638813458073,0.8759496496382,0.1240503503618,0.8759496496382,0.8759496496382,"all","linear"
"2963",6,0.542862864224572,0.805802961363952,"Exp2","mixed","IP",0,0.646563101030865,0.101135031242467,0.64629641474854,0.895052143525205,0,0.877659400646311,0.895052143525205,0.104947856474795,0.895052143525205,0.895052143525205,"all","linear"
"2964",6,1.76834346805288,1.34992921586945,"Exp2","mixed","IP",0,1.58209250689318,0.271992804564036,1.58201748006132,0.717047187612041,0,-0.109528833944526,0.717047187612041,0.282952812387959,0.717047187612041,0.717047187612041,"all","linear"
"2965",6,1.76834346805288,1.10188153299168,"Exp2","mixed","IP",0,1.58209250689318,0.271992804564036,1.58298924177007,0.717047187612041,0,-0.115070877049449,0.717047187612041,0.282952812387959,0.717047187612041,0.717047187612041,"all","linear"
"2966",6,0.542862864224572,0.717818847362651,"Exp2","mixed","IP",0,0.646563101030865,0.101135031242467,0.646377637845443,0.895052143525205,0,0.875165039951805,0.895052143525205,0.104947856474795,0.895052143525205,0.895052143525205,"all","linear"
"2967",6,0.599959465297448,0.797953573572158,"Exp2","mixed","IP",0,0.653584831635018,0.101500222393195,0.653946236405433,0.911633807438005,0,0.87262478954206,0.911633807438005,0.0883661925619945,0.911633807438005,0.911633807438005,"all","linear"
"2968",6,1.60005476290647,0.86193297277805,"Exp2","mixed","IP",0,1.53831131277775,0.26475443426589,1.53882338293603,0.677619556678041,0,-0.0960535763842585,0.677619556678041,0.322380443321959,0.677619556678041,0.677619556678041,"all","linear"
"2969",6,0.663061306494331,1.16591411359605,"Exp2","mixed","IP",0,0.659148257946744,0.101815388609686,0.658589834526555,0.925907563380809,0,0.866582397331404,0.925907563380809,0.074092436619191,0.925907563380809,0.925907563380809,"all","linear"
"2970",6,1.954332247557,1.23791177485873,"Exp2","mixed","IP",0,1.61818296746108,0.278556116501048,1.61818258074741,0.753605331634834,0,-0.140880042687489,0.753605331634834,0.246394668365166,0.753605331634834,0.753605331634834,"all","linear"
"2971",6,1.76834346805288,1.95793254981436,"Exp2","mixed","IP",0,1.58209250689318,0.271992804564036,1.5826160101034,0.717047187612041,0,-0.111552733012537,0.717047187612041,0.282952812387959,0.717047187612041,0.717047187612041,"all","linear"
"2972",6,0.663061306494331,1.22187960477731,"Exp2","mixed","IP",0,0.659148257946744,0.101815388609686,0.659868335142982,0.925907563380809,0,0.869479546297419,0.925907563380809,0.074092436619191,0.925907563380809,0.925907563380809,"all","linear"
"2973",6,0.599959465297448,1.19791438727862,"Exp2","mixed","IP",0,0.653584831635018,0.101500222393195,0.653269697871726,0.911633807438005,0,0.871702619919101,0.911633807438005,0.0883661925619945,0.911633807438005,0.911633807438005,"all","linear"
"2974",6,1.76834346805288,1.50987491486285,"Exp2","mixed","IP",0,1.58209250689318,0.271992804564036,1.58175599016005,0.717047187612041,0,-0.1099460340679,0.717047187612041,0.282952812387959,0.717047187612041,0.717047187612041,"all","linear"
"2975",6,1.31,0.973924911597351,"Exp2","mixed","IP",0,1.42818293833678,0.248391260964755,1.42927646552189,0.591893618938304,0,-0.0235459807594073,0.591893618938304,0.408106381061696,0.591893618938304,0.591893618938304,"all","linear"
"2976",6,0.663061306494331,0.8858941472472,"Exp2","mixed","IP",0,0.659148257946744,0.101815388609686,0.658884826206744,0.925907563380809,0,0.86304578200392,0.925907563380809,0.074092436619191,0.925907563380809,0.925907563380809,"all","linear"
"2977",6,0.663061306494331,0.925915171003908,"Exp2","mixed","IP",0,0.659148257946744,0.101815388609686,0.659616992127505,0.925907563380809,0,0.86191716071702,0.925907563380809,0.074092436619191,0.925907563380809,0.925907563380809,"all","linear"
"2978",6,0.4912,0.717868918737622,"Exp2","mixed","IP",0,0.637880248849525,0.100715632741834,0.637772124471658,0.8759496496382,0,0.879046739766066,0.8759496496382,0.1240503503618,0.8759496496382,0.8759496496382,"all","linear"
"2979",6,0.7328,0.677869354140967,"Exp2","mixed","IP",0,0.663455352559791,0.102085245250373,0.663440153251444,0.938103819290974,0,0.865779771743634,0.938103819290974,0.0618961807090262,0.938103819290974,0.938103819290974,"all","linear"
"2980",6,0.663061306494331,0.837880985628544,"Exp2","mixed","IP",0,0.659148257946744,0.101815388609686,0.659283962619552,0.925907563380809,0,0.868986563575146,0.925907563380809,0.074092436619191,0.925907563380809,0.925907563380809,"all","linear"
"2981",6,1.44778166151097,1.5012987146265,"Exp2","mixed","IP",0,1.48688750026163,0.256869746406804,1.48639775012024,0.635725418581999,0,-0.0615062700250102,0.635725418581999,0.364274581418001,0.635725418581999,0.635725418581999,"all","linear"
"2982",6,0.542862864224572,1.34994663199996,"Exp2","mixed","IP",0,0.646563101030865,0.101135031242467,0.646359622085048,0.895052143525205,0,0.879430826255454,0.895052143525205,0.104947856474795,0.895052143525205,0.895052143525205,"all","linear"
"2983",6,0.7328,0.901952130521749,"Exp2","mixed","IP",0,0.663455352559791,0.102085245250373,0.663472760461535,0.938103819290974,0,0.862814992170114,0.938103819290974,0.0618961807090262,0.938103819290974,0.938103819290974,"all","linear"
"2984",6,1.31,1.26983149893749,"Exp2","mixed","IP",0,1.42818293833678,0.248391260964755,1.42869315681192,0.591893618938304,0,-0.0279972823058284,0.591893618938304,0.408106381061696,0.591893618938304,0.591893618938304,"all","linear"
"2985",6,0.4912,1.06191711165866,"Exp2","mixed","IP",0,0.637880248849525,0.100715632741834,0.638164263510749,0.8759496496382,0,0.880682110058407,0.8759496496382,0.1240503503618,0.8759496496382,0.8759496496382,"all","linear"
"2986",6,1.31,1.43796464525531,"Exp2","mixed","IP",0,1.42818293833678,0.248391260964755,1.42833105037522,0.591893618938304,0,-0.0259462270630981,0.591893618938304,0.408106381061696,0.591893618938304,0.591893618938304,"all","linear"
"2987",6,0.542862864224572,0.99792744937622,"Exp2","mixed","IP",0,0.646563101030865,0.101135031242467,0.646930569730272,0.895052143525205,0,0.874518390220999,0.895052143525205,0.104947856474795,0.895052143525205,0.895052143525205,"all","linear"
"2988",6,1.44778166151097,1.30190703518383,"Exp2","mixed","IP",0,1.48688750026163,0.256869746406804,1.4872902585163,0.635725418581999,0,-0.0577320468302296,0.635725418581999,0.364274581418001,0.635725418581999,0.635725418581999,"all","linear"
"2989",6,1.60005476290647,1.8699300866765,"Exp2","mixed","IP",0,1.53831131277775,0.26475443426589,1.53711305704735,0.677619556678041,0,-0.0907590034726844,0.677619556678041,0.322380443321959,0.677619556678041,0.677619556678041,"all","linear"
"2990",6,1.44778166151097,1.62988853676507,"Exp2","mixed","IP",0,1.48688750026163,0.256869746406804,1.4862185951868,0.635725418581999,0,-0.0540058702151132,0.635725418581999,0.364274581418001,0.635725418581999,0.635725418581999,"all","linear"
"2991",6,1.31,1.51794635831811,"Exp2","mixed","IP",0,1.42818293833678,0.248391260964755,1.42584231606035,0.591893618938304,0,-0.0260670898956262,0.591893618938304,0.408106381061696,0.591893618938304,0.591893618938304,"all","linear"
"2992",6,1.60005476290647,1.91787731580098,"Exp2","mixed","IP",0,1.53831131277775,0.26475443426589,1.53925345663185,0.677619556678041,0,-0.0872351012354589,0.677619556678041,0.322380443321959,0.677619556678041,0.677619556678041,"all","linear"
"2993",6,1.76834346805288,1.64586068339668,"Exp2","mixed","IP",0,1.58209250689318,0.271992804564036,1.5787048999703,0.717047187612041,0,-0.115426003270222,0.717047187612041,0.282952812387959,0.717047187612041,0.717047187612041,"all","linear"
"2994",6,1.954332247557,1.27787526318571,"Exp2","mixed","IP",0,1.61818296746108,0.278556116501048,1.61667081860413,0.753605331634834,0,-0.14071263108642,0.753605331634834,0.246394668365166,0.753605331634834,0.753605331634834,"all","linear"
"2995",6,0.542862864224572,1.35787314836944,"Exp2","mixed","IP",0,0.646563101030865,0.101135031242467,0.646234302100846,0.895052143525205,0,0.875585926123232,0.895052143525205,0.104947856474795,0.895052143525205,0.895052143525205,"all","linear"
"2996",6,0.542862864224572,1.14987883349204,"Exp2","mixed","IP",0,0.646563101030865,0.101135031242467,0.646282123190862,0.895052143525205,0,0.872079270089055,0.895052143525205,0.104947856474795,0.895052143525205,0.895052143525205,"all","linear"
"2997",6,1.60005476290647,1.22194771428804,"Exp2","mixed","IP",0,1.53831131277775,0.26475443426589,1.53922811216387,0.677619556678041,0,-0.0907917414092016,0.677619556678041,0.322380443321959,0.677619556678041,0.677619556678041,"all","linear"
"2998",6,1.44778166151097,1.3499600051,"Exp2","mixed","IP",0,1.48688750026163,0.256869746406804,1.48706222804566,0.635725418581999,0,-0.0590839197900278,0.635725418581999,0.364274581418001,0.635725418581999,0.635725418581999,"all","linear"
"2999",6,0.599959465297448,1.08550135130463,"Exp2","mixed","IP",0,0.653584831635018,0.101500222393195,0.654018709315297,0.911633807438005,0,0.867725792406257,0.911633807438005,0.0883661925619945,0.911633807438005,0.911633807438005,"all","linear"
"3000",6,0.7328,0.969976737025718,"Exp2","mixed","IP",0,0.663455352559791,0.102085245250373,0.664438834435547,0.938103819290974,0,0.869950057736986,0.938103819290974,0.0618961807090262,0.938103819290974,0.938103819290974,"all","linear"
"3001",6,0.599959465297448,0.893799826460963,"Exp2","mixed","IP",0,0.653584831635018,0.101500222393195,0.652928732191014,0.911633807438005,0,0.872113522159642,0.911633807438005,0.0883661925619945,0.911633807438005,0.911633807438005,"all","linear"
"3002",6,0.599959465297448,1.05386401734086,"Exp2","mixed","IP",0,0.653584831635018,0.101500222393195,0.654180576149548,0.911633807438005,0,0.864065089767185,0.911633807438005,0.0883661925619945,0.911633807438005,0.911633807438005,"all","linear"
"3003",6,1.954332247557,1.66993133068536,"Exp2","mixed","IP",0,1.61818296746108,0.278556116501048,1.61843176702755,0.753605331634834,0,-0.14049485811827,0.753605331634834,0.246394668365166,0.753605331634834,0.753605331634834,"all","linear"
"3004",6,0.7328,1.19797689874667,"Exp2","mixed","IP",0,0.663455352559791,0.102085245250373,0.663372098538714,0.938103819290974,0,0.863360148279944,0.938103819290974,0.0618961807090262,0.938103819290974,0.938103819290974,"all","linear"
"3005",6,1.76834346805288,1.34190566677353,"Exp2","mixed","IP",0,1.58209250689318,0.271992804564036,1.58232550069526,0.717047187612041,0,-0.116973435352327,0.717047187612041,0.282952812387959,0.717047187612041,0.717047187612041,"all","linear"
"3006",6,1.954332247557,1.49387944305636,"Exp2","mixed","IP",0,1.61818296746108,0.278556116501048,1.61683172957944,0.753605331634834,0,-0.137561096957194,0.753605331634834,0.246394668365166,0.753605331634834,0.753605331634834,"all","linear"
"3007",6,0.599959465297448,1.2058962620622,"Exp2","mixed","IP",0,0.653584831635018,0.101500222393195,0.653796121375006,0.911633807438005,0,0.871468976542961,0.911633807438005,0.0883661925619945,0.911633807438005,0.911633807438005,"all","linear"
"3008",6,1.76834346805288,1.65390227062744,"Exp2","mixed","IP",0,1.58209250689318,0.271992804564036,1.58244449451004,0.717047187612041,0,-0.114258819647129,0.717047187612041,0.282952812387959,0.717047187612041,0.717047187612041,"all","linear"
"3009",6,0.4912,1.05387241440349,"Exp2","mixed","IP",0,0.637880248849525,0.100715632741834,0.637265361771362,0.8759496496382,0,0.877261757902046,0.8759496496382,0.1240503503618,0.8759496496382,0.8759496496382,"all","linear"
"3010",7,1.76834346805288,1.02190810446336,"Exp2","mixed","IP",0,1.69989775056743,0.188835886217269,1.69974790247042,0.63351051855485,0,0.249386736867477,0.63351051855485,0.36648948144515,0.63351051855485,0.63351051855485,"all","linear"
"3011",7,1.954332247557,1.23797023067891,"Exp2","mixed","IP",0,1.75506291181776,0.195027059735727,1.7550035966286,0.677888891930874,0,0.217304426260606,0.677888891930874,0.322111108069126,0.677888891930874,0.677888891930874,"all","linear"
"3012",7,1.954332247557,1.43793166613614,"Exp2","mixed","IP",0,1.75506291181776,0.195027059735727,1.75536995424807,0.677888891930874,0,0.213755107725586,0.677888891930874,0.322111108069126,0.677888891930874,0.677888891930874,"all","linear"
"3013",7,1.954332247557,1.43787070931285,"Exp2","mixed","IP",0,1.75506291181776,0.195027059735727,1.75420970249584,0.677888891930874,0,0.22216053917136,0.677888891930874,0.322111108069126,0.677888891930874,0.677888891930874,"all","linear"
"3014",7,1.76834346805288,1.26189952074492,"Exp2","mixed","IP",0,1.69989775056743,0.188835886217269,1.70153181760508,0.63351051855485,0,0.250047558637226,0.63351051855485,0.36648948144515,0.63351051855485,0.63351051855485,"all","linear"
"3015",7,0.663061306494331,0.581898960939725,"Exp2","mixed","IP",0,0.666851092691604,0.0785943692916583,0.667230894602878,0.703437905472124,0,1.13577127195314,0.703437905472124,0.296562094527876,0.703437905472124,0.703437905472124,"all","linear"
"3016",7,0.599959465297448,0.63790678580699,"Exp2","mixed","IP",0,0.645170977314193,0.0769955243779301,0.645892522535328,0.660904273943554,0,1.14859374453365,0.660904273943554,0.339095726056446,0.660904273943554,0.660904273943554,"all","linear"
"3017",7,0.7328,0.662002774159191,"Exp2","mixed","IP",0,0.685057515847416,0.080047982133521,0.685748411746107,0.742767125406045,0,1.11218949682552,0.742767125406045,0.257232874593955,0.742767125406045,0.742767125406045,"all","linear"
"3018",7,0.599959465297448,0.669926229791599,"Exp2","mixed","IP",0,0.645170977314193,0.0769955243779301,0.645451087493832,0.660904273943554,0,1.14296970870482,0.660904273943554,0.339095726056446,0.660904273943554,0.660904273943554,"all","linear"
"3019",7,1.31,1.10191612837662,"Exp2","mixed","IP",0,1.48132935294441,0.167243612359476,1.47965749119301,0.489429870029079,0,0.366361470892243,0.489429870029079,0.510570129970921,0.489429870029079,0.489429870029079,"all","linear"
"3020",7,0.542862864224572,0.71796892445127,"Exp2","mixed","IP",0,0.620078614247414,0.0752624823365927,0.620679007991112,0.615662015651838,0,1.16950443242472,0.615662015651838,0.384337984348162,0.615662015651838,0.615662015651838,"all","linear"
"3021",7,1.31,1.19789795328688,"Exp2","mixed","IP",0,1.48132935294441,0.167243612359476,1.48054560036082,0.489429870029079,0,0.370282241036218,0.489429870029079,0.510570129970921,0.489429870029079,0.489429870029079,"all","linear"
"3022",7,0.663061306494331,0.869871182047063,"Exp2","mixed","IP",0,0.666851092691604,0.0785943692916583,0.666648583086427,0.703437905472124,0,1.13107797565845,0.703437905472124,0.296562094527876,0.703437905472124,0.703437905472124,"all","linear"
"3023",7,0.599959465297448,0.685979025874985,"Exp2","mixed","IP",0,0.645170977314193,0.0769955243779301,0.64469188909249,0.660904273943554,0,1.14712875364186,0.660904273943554,0.339095726056446,0.660904273943554,0.660904273943554,"all","linear"
"3024",7,1.44778166151097,1.52587962891266,"Exp2","mixed","IP",0,1.56213060436139,0.174877292714875,1.56295897035566,0.538467898041156,0,0.323295013344983,0.538467898041156,0.461532101958844,0.538467898041156,0.538467898041156,"all","linear"
"3025",7,1.60005476290647,1.4539188403287,"Exp2","mixed","IP",0,1.63536039827023,0.182100683450406,1.63547367924591,0.586784293346802,0,0.285007898316062,0.586784293346802,0.413215706653198,0.586784293346802,0.586784293346802,"all","linear"
"3026",7,0.542862864224572,0.66990259346494,"Exp2","mixed","IP",0,0.620078614247414,0.0752624823365927,0.62050068449582,0.615662015651838,0,1.16860641045536,0.615662015651838,0.384337984348162,0.615662015651838,0.615662015651838,"all","linear"
"3027",7,0.663061306494331,0.701968999099336,"Exp2","mixed","IP",0,0.666851092691604,0.0785943692916583,0.666820966896583,0.703437905472124,0,1.12375530048569,0.703437905472124,0.296562094527876,0.703437905472124,0.703437905472124,"all","linear"
"3028",7,1.76834346805288,1.38996547853458,"Exp2","mixed","IP",0,1.69989775056743,0.188835886217269,1.69994422693602,0.63351051855485,0,0.243000382251755,0.63351051855485,0.36648948144515,0.63351051855485,0.63351051855485,"all","linear"
"3029",7,0.542862864224572,0.725889581051888,"Exp2","mixed","IP",0,0.620078614247414,0.0752624823365927,0.620034801464572,0.615662015651838,0,1.17112934209471,0.615662015651838,0.384337984348162,0.615662015651838,0.615662015651838,"all","linear"
"3030",7,1.31,1.14998401438061,"Exp2","mixed","IP",0,1.48132935294441,0.167243612359476,1.48217932907876,0.489429870029079,0,0.36669256594569,0.489429870029079,0.510570129970921,0.489429870029079,0.489429870029079,"all","linear"
"3031",7,1.954332247557,1.34995540199452,"Exp2","mixed","IP",0,1.75506291181776,0.195027059735727,1.75396553505367,0.677888891930874,0,0.21868922235977,0.677888891930874,0.322111108069126,0.677888891930874,0.677888891930874,"all","linear"
"3032",7,0.4912,0.525920059459168,"Exp2","mixed","IP",0,0.591797511042063,0.0734129984497976,0.591495538112648,0.568374395874166,0,1.1999913916748,0.568374395874166,0.431625604125834,0.568374395874166,0.568374395874166,"all","linear"
"3033",7,1.44778166151097,1.69394664411084,"Exp2","mixed","IP",0,1.56213060436139,0.174877292714875,1.56296972584845,0.538467898041156,0,0.330530285236895,0.538467898041156,0.461532101958844,0.538467898041156,0.538467898041156,"all","linear"
"3034",7,0.663061306494331,0.533952677607886,"Exp2","mixed","IP",0,0.666851092691604,0.0785943692916583,0.667541533691721,0.703437905472124,0,1.12865965895725,0.703437905472124,0.296562094527876,0.703437905472124,0.703437905472124,"all","linear"
"3035",7,1.60005476290647,1.42992579439306,"Exp2","mixed","IP",0,1.63536039827023,0.182100683450406,1.63600149490093,0.586784293346802,0,0.287473201748682,0.586784293346802,0.413215706653198,0.586784293346802,0.586784293346802,"all","linear"
"3036",7,1.76834346805288,1.42187202797504,"Exp2","mixed","IP",0,1.69989775056743,0.188835886217269,1.70074301347687,0.63351051855485,0,0.251951533760894,0.63351051855485,0.36648948144515,0.63351051855485,0.63351051855485,"all","linear"
"3037",7,0.4912,0.645945935029886,"Exp2","mixed","IP",0,0.591797511042063,0.0734129984497976,0.591820427889296,0.568374395874166,0,1.19268018573989,0.568374395874166,0.431625604125834,0.568374395874166,0.568374395874166,"all","linear"
"3038",7,1.44778166151097,1.23796587662946,"Exp2","mixed","IP",0,1.56213060436139,0.174877292714875,1.56150035413563,0.538467898041156,0,0.320514456610988,0.538467898041156,0.461532101958844,0.538467898041156,0.538467898041156,"all","linear"
"3039",7,0.4912,0.581906425039051,"Exp2","mixed","IP",0,0.591797511042063,0.0734129984497976,0.591271588493086,0.568374395874166,0,1.19147286254883,0.568374395874166,0.431625604125834,0.568374395874166,0.568374395874166,"all","linear"
"3040",7,0.542862864224572,0.581921042248723,"Exp2","mixed","IP",0,0.620078614247414,0.0752624823365927,0.619941121331607,0.615662015651838,0,1.17552637840756,0.615662015651838,0.384337984348162,0.615662015651838,0.615662015651838,"all","linear"
"3041",7,0.599959465297448,0.598001206701156,"Exp2","mixed","IP",0,0.645170977314193,0.0769955243779301,0.645813641150112,0.660904273943554,0,1.14490952863815,0.660904273943554,0.339095726056446,0.660904273943554,0.660904273943554,"all","linear"
"3042",7,0.7328,0.709898052809876,"Exp2","mixed","IP",0,0.685057515847416,0.080047982133521,0.684406616380641,0.742767125406045,0,1.11050868011609,0.742767125406045,0.257232874593955,0.742767125406045,0.742767125406045,"all","linear"
"3043",7,0.4912,0.613913428853266,"Exp2","mixed","IP",0,0.591797511042063,0.0734129984497976,0.591580200709156,0.568374395874166,0,1.19846344649835,0.568374395874166,0.431625604125834,0.568374395874166,0.568374395874166,"all","linear"
"3044",7,1.31,1.53387617054977,"Exp2","mixed","IP",0,1.48132935294441,0.167243612359476,1.48076819952679,0.489429870029079,0,0.373092714459397,0.489429870029079,0.510570129970921,0.489429870029079,0.489429870029079,"all","linear"
"3045",7,0.7328,0.861862822246621,"Exp2","mixed","IP",0,0.685057515847416,0.080047982133521,0.68467605159432,0.742767125406045,0,1.10476840473391,0.742767125406045,0.257232874593955,0.742767125406045,0.742767125406045,"all","linear"
"3046",7,0.7328,0.741994314856129,"Exp2","mixed","IP",0,0.685057515847416,0.080047982133521,0.684505934353906,0.742767125406045,0,1.10648883562351,0.742767125406045,0.257232874593955,0.742767125406045,0.742767125406045,"all","linear"
"3047",7,1.76834346805288,0.925961734043085,"Exp2","mixed","IP",0,1.69989775056743,0.188835886217269,1.69913305573003,0.63351051855485,0,0.250054946374632,0.63351051855485,0.36648948144515,0.63351051855485,0.63351051855485,"all","linear"
"3048",7,1.76834346805288,1.8138826394279,"Exp2","mixed","IP",0,1.69989775056743,0.188835886217269,1.7007516688469,0.63351051855485,0,0.24908708657788,0.63351051855485,0.36648948144515,0.63351051855485,0.63351051855485,"all","linear"
"3049",7,0.7328,0.901940386698698,"Exp2","mixed","IP",0,0.685057515847416,0.080047982133521,0.685201039598119,0.742767125406045,0,1.10381755321767,0.742767125406045,0.257232874593955,0.742767125406045,0.742767125406045,"all","linear"
"3050",7,0.4912,0.629934502518154,"Exp2","mixed","IP",0,0.591797511042063,0.0734129984497976,0.592369577562983,0.568374395874166,0,1.20073648744838,0.568374395874166,0.431625604125834,0.568374395874166,0.568374395874166,"all","linear"
"3051",7,1.954332247557,1.41398682586441,"Exp2","mixed","IP",0,1.75506291181776,0.195027059735727,1.75523075014738,0.677888891930874,0,0.216363229689189,0.677888891930874,0.322111108069126,0.677888891930874,0.677888891930874,"all","linear"
"3052",7,1.60005476290647,1.28583440888906,"Exp2","mixed","IP",0,1.63536039827023,0.182100683450406,1.63373267335209,0.586784293346802,0,0.282574365577215,0.586784293346802,0.413215706653198,0.586784293346802,0.586784293346802,"all","linear"
"3053",7,1.60005476290647,1.30991298101435,"Exp2","mixed","IP",0,1.63536039827023,0.182100683450406,1.6353076241068,0.586784293346802,0,0.287806435538236,0.586784293346802,0.413215706653198,0.586784293346802,0.586784293346802,"all","linear"
"3054",7,1.76834346805288,1.85396238093381,"Exp2","mixed","IP",0,1.69989775056743,0.188835886217269,1.69926307988525,0.63351051855485,0,0.249695567951625,0.63351051855485,0.36648948144515,0.63351051855485,0.63351051855485,"all","linear"
"3055",7,1.954332247557,1.58189864993619,"Exp2","mixed","IP",0,1.75506291181776,0.195027059735727,1.75506732940256,0.677888891930874,0,0.217487772514433,0.677888891930874,0.322111108069126,0.677888891930874,0.677888891930874,"all","linear"
"3056",7,0.663061306494331,0.693952553192503,"Exp2","mixed","IP",0,0.666851092691604,0.0785943692916583,0.667517023043056,0.703437905472124,0,1.13104557298828,0.703437905472124,0.296562094527876,0.703437905472124,0.703437905472124,"all","linear"
"3057",7,0.599959465297448,0.989896435596165,"Exp2","mixed","IP",0,0.645170977314193,0.0769955243779301,0.644727090313876,0.660904273943554,0,1.14610174517527,0.660904273943554,0.339095726056446,0.660904273943554,0.660904273943554,"all","linear"
"3058",7,0.4912,0.445895552344155,"Exp2","mixed","IP",0,0.591797511042063,0.0734129984497976,0.591909699341665,0.568374395874166,0,1.19600869787718,0.568374395874166,0.431625604125834,0.568374395874166,0.568374395874166,"all","linear"
"3059",7,0.7328,0.653891160953208,"Exp2","mixed","IP",0,0.685057515847416,0.080047982133521,0.684707016917009,0.742767125406045,0,1.11255662904384,0.742767125406045,0.257232874593955,0.742767125406045,0.742767125406045,"all","linear"
"3060",7,0.542862864224572,0.66187059735239,"Exp2","mixed","IP",0,0.620078614247414,0.0752624823365927,0.620140080680683,0.615662015651838,0,1.17202844753682,0.615662015651838,0.384337984348162,0.615662015651838,0.615662015651838,"all","linear"
"3061",7,1.31,1.47793583359453,"Exp2","mixed","IP",0,1.48132935294441,0.167243612359476,1.48089477703454,0.489429870029079,0,0.37323780149414,0.489429870029079,0.510570129970921,0.489429870029079,0.489429870029079,"all","linear"
"3062",7,1.954332247557,1.58999377992586,"Exp2","mixed","IP",0,1.75506291181776,0.195027059735727,1.75619948248452,0.677888891930874,0,0.220292689049551,0.677888891930874,0.322111108069126,0.677888891930874,0.677888891930874,"all","linear"
"3063",7,0.542862864224572,0.709932263271185,"Exp2","mixed","IP",0,0.620078614247414,0.0752624823365927,0.619707401328661,0.615662015651838,0,1.16924371103911,0.615662015651838,0.384337984348162,0.615662015651838,0.615662015651838,"all","linear"
"3064",7,1.60005476290647,1.26191040589765,"Exp2","mixed","IP",0,1.63536039827023,0.182100683450406,1.63479824214076,0.586784293346802,0,0.284747100340934,0.586784293346802,0.413215706653198,0.586784293346802,0.586784293346802,"all","linear"
"3065",7,0.599959465297448,0.613905031743343,"Exp2","mixed","IP",0,0.645170977314193,0.0769955243779301,0.645195572054127,0.660904273943554,0,1.14998218823973,0.660904273943554,0.339095726056446,0.660904273943554,0.660904273943554,"all","linear"
"3066",7,0.663061306494331,0.805895738943946,"Exp2","mixed","IP",0,0.666851092691604,0.0785943692916583,0.666844431859409,0.703437905472124,0,1.12559485219287,0.703437905472124,0.296562094527876,0.703437905472124,0.703437905472124,"all","linear"
"3067",7,1.31,1.43788097245852,"Exp2","mixed","IP",0,1.48132935294441,0.167243612359476,1.48142693905605,0.489429870029079,0,0.371870290463053,0.489429870029079,0.510570129970921,0.489429870029079,0.489429870029079,"all","linear"
"3068",7,0.542862864224572,0.677922460425179,"Exp2","mixed","IP",0,0.620078614247414,0.0752624823365927,0.620087859159741,0.615662015651838,0,1.17295288731315,0.615662015651838,0.384337984348162,0.615662015651838,0.615662015651838,"all","linear"
"3069",7,0.7328,0.829915220238036,"Exp2","mixed","IP",0,0.685057515847416,0.080047982133521,0.685305959388337,0.742767125406045,0,1.10629384410697,0.742767125406045,0.257232874593955,0.742767125406045,0.742767125406045,"all","linear"
"3070",7,1.44778166151097,1.13394987855281,"Exp2","mixed","IP",0,1.56213060436139,0.174877292714875,1.56184964269322,0.538467898041156,0,0.325545306764268,0.538467898041156,0.461532101958844,0.538467898041156,0.538467898041156,"all","linear"
"3071",7,1.76834346805288,1.29390870158386,"Exp2","mixed","IP",0,1.69989775056743,0.188835886217269,1.70042569159859,0.63351051855485,0,0.250665172812778,0.63351051855485,0.36648948144515,0.63351051855485,0.63351051855485,"all","linear"
"3072",7,1.44778166151097,1.1979187905672,"Exp2","mixed","IP",0,1.56213060436139,0.174877292714875,1.56304827958362,0.538467898041156,0,0.330327715004481,0.538467898041156,0.461532101958844,0.538467898041156,0.538467898041156,"all","linear"
"3073",7,0.4912,0.6859532125236,"Exp2","mixed","IP",0,0.591797511042063,0.0734129984497976,0.591408138158625,0.568374395874166,0,1.19642870998956,0.568374395874166,0.431625604125834,0.568374395874166,0.568374395874166,"all","linear"
"3074",7,1.44778166151097,1.43793446518248,"Exp2","mixed","IP",0,1.56213060436139,0.174877292714875,1.56166939400559,0.538467898041156,0,0.321542405492567,0.538467898041156,0.461532101958844,0.538467898041156,0.538467898041156,"all","linear"
"3075",7,1.31,1.09388506527466,"Exp2","mixed","IP",0,1.48132935294441,0.167243612359476,1.48046849336426,0.489429870029079,0,0.375528948483734,0.489429870029079,0.510570129970921,0.489429870029079,0.489429870029079,"all","linear"
"3076",7,0.599959465297448,0.669906636525411,"Exp2","mixed","IP",0,0.645170977314193,0.0769955243779301,0.645375345517018,0.660904273943554,0,1.14758545207538,0.660904273943554,0.339095726056446,0.660904273943554,0.660904273943554,"all","linear"
"3077",7,0.542862864224572,0.629923306347337,"Exp2","mixed","IP",0,0.620078614247414,0.0752624823365927,0.619568526414909,0.615662015651838,0,1.16744785231471,0.615662015651838,0.384337984348162,0.615662015651838,0.615662015651838,"all","linear"
"3078",7,1.60005476290647,1.20595327472256,"Exp2","mixed","IP",0,1.63536039827023,0.182100683450406,1.63424461538534,0.586784293346802,0,0.283536486607546,0.586784293346802,0.413215706653198,0.586784293346802,0.586784293346802,"all","linear"
"3079",7,0.663061306494331,0.749982770357747,"Exp2","mixed","IP",0,0.666851092691604,0.0785943692916583,0.666365229384451,0.703437905472124,0,1.13059825695491,0.703437905472124,0.296562094527876,0.703437905472124,0.703437905472124,"all","linear"
"3080",7,0.542862864224572,0.861895477690268,"Exp2","mixed","IP",0,0.620078614247414,0.0752624823365927,0.620061920382513,0.615662015651838,0,1.17496320119177,0.615662015651838,0.384337984348162,0.615662015651838,0.615662015651838,"all","linear"
"3081",7,1.954332247557,1.42989376094192,"Exp2","mixed","IP",0,1.75506291181776,0.195027059735727,1.75538800024269,0.677888891930874,0,0.222856003313708,0.677888891930874,0.322111108069126,0.677888891930874,0.677888891930874,"all","linear"
"3082",7,0.599959465297448,0.917926005873596,"Exp2","mixed","IP",0,0.645170977314193,0.0769955243779301,0.644701806252694,0.660904273943554,0,1.15386133937678,0.660904273943554,0.339095726056446,0.660904273943554,0.660904273943554,"all","linear"
"3083",7,1.954332247557,1.22198056845809,"Exp2","mixed","IP",0,1.75506291181776,0.195027059735727,1.75541326153473,0.677888891930874,0,0.219151702855073,0.677888891930874,0.322111108069126,0.677888891930874,0.677888891930874,"all","linear"
"3084",7,1.76834346805288,1.31791729775432,"Exp2","mixed","IP",0,1.69989775056743,0.188835886217269,1.69924934987443,0.63351051855485,0,0.249987719701635,0.63351051855485,0.36648948144515,0.63351051855485,0.63351051855485,"all","linear"
"3085",7,0.599959465297448,0.61396007949952,"Exp2","mixed","IP",0,0.645170977314193,0.0769955243779301,0.645360809277354,0.660904273943554,0,1.14119000829952,0.660904273943554,0.339095726056446,0.660904273943554,0.660904273943554,"all","linear"
"3086",7,1.31,1.31786815907981,"Exp2","mixed","IP",0,1.48132935294441,0.167243612359476,1.48135095807729,0.489429870029079,0,0.370630914699783,0.489429870029079,0.510570129970921,0.489429870029079,0.489429870029079,"all","linear"
"3087",7,1.60005476290647,1.10198330529965,"Exp2","mixed","IP",0,1.63536039827023,0.182100683450406,1.63477960763314,0.586784293346802,0,0.283058476770714,0.586784293346802,0.413215706653198,0.586784293346802,0.586784293346802,"all","linear"
"3088",7,0.4912,0.509968339771149,"Exp2","mixed","IP",0,0.591797511042063,0.0734129984497976,0.592352107897967,0.568374395874166,0,1.1915510008514,0.568374395874166,0.431625604125834,0.568374395874166,0.568374395874166,"all","linear"
"3089",7,0.4912,0.510000684211263,"Exp2","mixed","IP",0,0.591797511042063,0.0734129984497976,0.591898851736046,0.568374395874166,0,1.19651254115637,0.568374395874166,0.431625604125834,0.568374395874166,0.568374395874166,"all","linear"
"3090",7,0.599959465297448,0.605881432740716,"Exp2","mixed","IP",0,0.645170977314193,0.0769955243779301,0.644603128422406,0.660904273943554,0,1.14137819625573,0.660904273943554,0.339095726056446,0.660904273943554,0.660904273943554,"all","linear"
"3091",7,0.4912,0.605942389578559,"Exp2","mixed","IP",0,0.591797511042063,0.0734129984497976,0.591712636104949,0.568374395874166,0,1.19104224859906,0.568374395874166,0.431625604125834,0.568374395874166,0.568374395874166,"all","linear"
"3092",7,0.7328,0.677905977194314,"Exp2","mixed","IP",0,0.685057515847416,0.080047982133521,0.684979334496623,0.742767125406045,0,1.1056462689052,0.742767125406045,0.257232874593955,0.742767125406045,0.742767125406045,"all","linear"
"3093",7,0.599959465297448,0.693952553192503,"Exp2","mixed","IP",0,0.645170977314193,0.0769955243779301,0.64489418866448,0.660904273943554,0,1.14665728445573,0.660904273943554,0.339095726056446,0.660904273943554,0.660904273943554,"all","linear"
"3094",7,0.7328,0.661900142760715,"Exp2","mixed","IP",0,0.685057515847416,0.080047982133521,0.685099126875809,0.742767125406045,0,1.10713891185507,0.742767125406045,0.257232874593955,0.742767125406045,0.742767125406045,"all","linear"
"3095",7,0.7328,0.717923828837229,"Exp2","mixed","IP",0,0.685057515847416,0.080047982133521,0.68471980665394,0.742767125406045,0,1.10212713621076,0.742767125406045,0.257232874593955,0.742767125406045,0.742767125406045,"all","linear"
"3096",7,1.44778166151097,1.41389290257939,"Exp2","mixed","IP",0,1.56213060436139,0.174877292714875,1.56229618554937,0.538467898041156,0,0.326227690635799,0.538467898041156,0.461532101958844,0.538467898041156,0.538467898041156,"all","linear"
"3097",7,1.31,1.48584871509229,"Exp2","mixed","IP",0,1.48132935294441,0.167243612359476,1.48199676830942,0.489429870029079,0,0.374358717447779,0.489429870029079,0.510570129970921,0.489429870029079,0.489429870029079,"all","linear"
"3098",7,1.60005476290647,1.40595887281233,"Exp2","mixed","IP",0,1.63536039827023,0.182100683450406,1.6356378519313,0.586784293346802,0,0.284288790885404,0.586784293346802,0.413215706653198,0.586784293346802,0.586784293346802,"all","linear"
"3099",7,1.31,1.39797197229927,"Exp2","mixed","IP",0,1.48132935294441,0.167243612359476,1.4812252496969,0.489429870029079,0,0.367416490900954,0.489429870029079,0.510570129970921,0.489429870029079,0.489429870029079,"all","linear"
"3100",7,1.76834346805288,1.0538927159796,"Exp2","mixed","IP",0,1.69989775056743,0.188835886217269,1.69993454492044,0.63351051855485,0,0.247683465917912,0.63351051855485,0.36648948144515,0.63351051855485,0.63351051855485,"all","linear"
"3101",7,0.542862864224572,0.733899184866459,"Exp2","mixed","IP",0,0.620078614247414,0.0752624823365927,0.620084611729786,0.615662015651838,0,1.17372656335676,0.615662015651838,0.384337984348162,0.615662015651838,0.615662015651838,"all","linear"
"3102",7,0.663061306494331,0.661918803001754,"Exp2","mixed","IP",0,0.666851092691604,0.0785943692916583,0.667208642459255,0.703437905472124,0,1.12667845826313,0.703437905472124,0.296562094527876,0.703437905472124,0.703437905472124,"all","linear"
"3103",7,1.60005476290647,1.33399901723897,"Exp2","mixed","IP",0,1.63536039827023,0.182100683450406,1.63516483267634,0.586784293346802,0,0.284897880117555,0.586784293346802,0.413215706653198,0.586784293346802,0.586784293346802,"all","linear"
"3104",7,1.60005476290647,1.19789266621228,"Exp2","mixed","IP",0,1.63536039827023,0.182100683450406,1.63543415858189,0.586784293346802,0,0.288683472118792,0.586784293346802,0.413215706653198,0.586784293346802,0.586784293346802,"all","linear"
"3105",7,0.542862864224572,0.677962579982704,"Exp2","mixed","IP",0,0.620078614247414,0.0752624823365927,0.619885589599613,0.615662015651838,0,1.17255071725795,0.615662015651838,0.384337984348162,0.615662015651838,0.615662015651838,"all","linear"
"3106",7,1.44778166151097,1.26195114746224,"Exp2","mixed","IP",0,1.56213060436139,0.174877292714875,1.56249503060018,0.538467898041156,0,0.327280569698865,0.538467898041156,0.461532101958844,0.538467898041156,0.538467898041156,"all","linear"
"3107",7,1.954332247557,1.4938928403717,"Exp2","mixed","IP",0,1.75506291181776,0.195027059735727,1.75592622482986,0.677888891930874,0,0.216920820827519,0.677888891930874,0.322111108069126,0.677888891930874,0.677888891930874,"all","linear"
"3108",7,0.663061306494331,0.845893997306121,"Exp2","mixed","IP",0,0.666851092691604,0.0785943692916583,0.666429421596947,0.703437905472124,0,1.12160782538206,0.703437905472124,0.296562094527876,0.703437905472124,0.703437905472124,"all","linear"
"3109",7,0.7328,0.773901175285573,"Exp2","mixed","IP",0,0.685057515847416,0.080047982133521,0.684581531934728,0.742767125406045,0,1.10910994808244,0.742767125406045,0.257232874593955,0.742767125406045,0.742767125406045,"all","linear"
"3110",7,1.44778166151097,1.31792942692118,"Exp2","mixed","IP",0,1.56213060436139,0.174877292714875,1.56332678776351,0.538467898041156,0,0.324660413134381,0.538467898041156,0.461532101958844,0.538467898041156,0.538467898041156,"all","linear"
"3111",7,0.663061306494331,0.781995061246562,"Exp2","mixed","IP",0,0.666851092691604,0.0785943692916583,0.666629233716905,0.703437905472124,0,1.12490937036636,0.703437905472124,0.296562094527876,0.703437905472124,0.703437905472124,"all","linear"
"3112",7,0.663061306494331,0.733856577280676,"Exp2","mixed","IP",0,0.666851092691604,0.0785943692916583,0.666948694044332,0.703437905472124,0,1.12910662443588,0.703437905472124,0.296562094527876,0.703437905472124,0.703437905472124,"all","linear"
"3113",7,1.44778166151097,1.61394141922938,"Exp2","mixed","IP",0,1.56213060436139,0.174877292714875,1.56259924596663,0.538467898041156,0,0.327057911757661,0.538467898041156,0.461532101958844,0.538467898041156,0.538467898041156,"all","linear"
"3114",7,1.60005476290647,1.2618945446884,"Exp2","mixed","IP",0,1.63536039827023,0.182100683450406,1.63728153235421,0.586784293346802,0,0.282884440701067,0.586784293346802,0.413215706653198,0.586784293346802,0.586784293346802,"all","linear"
"3115",7,1.44778166151097,1.15786392941664,"Exp2","mixed","IP",0,1.56213060436139,0.174877292714875,1.56276981017228,0.538467898041156,0,0.327095211605745,0.538467898041156,0.461532101958844,0.538467898041156,0.538467898041156,"all","linear"
"3116",7,1.954332247557,1.35789502985426,"Exp2","mixed","IP",0,1.75506291181776,0.195027059735727,1.75478937825355,0.677888891930874,0,0.218188333105157,0.677888891930874,0.322111108069126,0.677888891930874,0.677888891930874,"all","linear"
"3117",7,0.663061306494331,0.781937214458594,"Exp2","mixed","IP",0,0.666851092691604,0.0785943692916583,0.666406141185881,0.703437905472124,0,1.1293914754023,0.703437905472124,0.296562094527876,0.703437905472124,0.703437905472124,"all","linear"
"3118",7,0.4912,0.549874540884048,"Exp2","mixed","IP",0,0.591797511042063,0.0734129984497976,0.591689391653698,0.568374395874166,0,1.19165364503064,0.568374395874166,0.431625604125834,0.568374395874166,0.568374395874166,"all","linear"
"3119",7,0.599959465297448,0.589879952356569,"Exp2","mixed","IP",0,0.645170977314193,0.0769955243779301,0.645539018126568,0.660904273943554,0,1.14211524318911,0.660904273943554,0.339095726056446,0.660904273943554,0.660904273943554,"all","linear"
"3120",7,1.44778166151097,1.46193217618566,"Exp2","mixed","IP",0,1.56213060436139,0.174877292714875,1.56230617388108,0.538467898041156,0,0.331704297585572,0.538467898041156,0.461532101958844,0.538467898041156,0.538467898041156,"all","linear"
"3121",7,0.663061306494331,0.629818497924134,"Exp2","mixed","IP",0,0.666851092691604,0.0785943692916583,0.666471640246547,0.703437905472124,0,1.11603317000871,0.703437905472124,0.296562094527876,0.703437905472124,0.703437905472124,"all","linear"
"3122",7,1.60005476290647,1.42987478969735,"Exp2","mixed","IP",0,1.63536039827023,0.182100683450406,1.63469459192374,0.586784293346802,0,0.293054578875442,0.586784293346802,0.413215706653198,0.586784293346802,0.586784293346802,"all","linear"
"3123",7,1.60005476290647,1.20591968626832,"Exp2","mixed","IP",0,1.63536039827023,0.182100683450406,1.63494320827158,0.586784293346802,0,0.282712149020341,0.586784293346802,0.413215706653198,0.586784293346802,0.586784293346802,"all","linear"
"3124",7,1.76834346805288,1.38991602884198,"Exp2","mixed","IP",0,1.69989775056743,0.188835886217269,1.70034108804104,0.63351051855485,0,0.247596666468181,0.63351051855485,0.36648948144515,0.63351051855485,0.63351051855485,"all","linear"
"3125",7,1.954332247557,1.34990906236635,"Exp2","mixed","IP",0,1.75506291181776,0.195027059735727,1.75644721087143,0.677888891930874,0,0.216751448918679,0.677888891930874,0.322111108069126,0.677888891930874,0.677888891930874,"all","linear"
"3126",7,0.4912,0.59792656567879,"Exp2","mixed","IP",0,0.591797511042063,0.0734129984497976,0.592371276738863,0.568374395874166,0,1.19320057141209,0.568374395874166,0.431625604125834,0.568374395874166,0.568374395874166,"all","linear"
"3127",7,1.31,1.05390733317472,"Exp2","mixed","IP",0,1.48132935294441,0.167243612359476,1.48168537382266,0.489429870029079,0,0.363059520134616,0.489429870029079,0.510570129970921,0.489429870029079,0.489429870029079,"all","linear"
"3128",7,1.31,1.23786013516656,"Exp2","mixed","IP",0,1.48132935294441,0.167243612359476,1.48196423149986,0.489429870029079,0,0.367936668520773,0.489429870029079,0.510570129970921,0.489429870029079,0.489429870029079,"all","linear"
"3129",7,1.954332247557,1.76596248045098,"Exp2","mixed","IP",0,1.75506291181776,0.195027059735727,1.75372293224579,0.677888891930874,0,0.211976523304038,0.677888891930874,0.322111108069126,0.677888891930874,0.677888891930874,"all","linear"
"3130",7,1.60005476290647,1.08587950450601,"Exp2","mixed","IP",0,1.63536039827023,0.182100683450406,1.63588232370621,0.586784293346802,0,0.285921750479977,0.586784293346802,0.413215706653198,0.586784293346802,0.586784293346802,"all","linear"
"3131",7,0.4912,0.598024843027815,"Exp2","mixed","IP",0,0.591797511042063,0.0734129984497976,0.591322572025735,0.568374395874166,0,1.19893368539947,0.568374395874166,0.431625604125834,0.568374395874166,0.568374395874166,"all","linear"
"3132",7,0.7328,0.669947378075449,"Exp2","mixed","IP",0,0.685057515847416,0.080047982133521,0.68455501962286,0.742767125406045,0,1.11143328950965,0.742767125406045,0.257232874593955,0.742767125406045,0.742767125406045,"all","linear"
"3133",7,0.542862864224572,0.669888598276884,"Exp2","mixed","IP",0,0.620078614247414,0.0752624823365927,0.620178954692023,0.615662015651838,0,1.16736027625332,0.615662015651838,0.384337984348162,0.615662015651838,0.615662015651838,"all","linear"
"3134",7,0.7328,0.757935460409499,"Exp2","mixed","IP",0,0.685057515847416,0.080047982133521,0.685161887139969,0.742767125406045,0,1.1017264050814,0.742767125406045,0.257232874593955,0.742767125406045,0.742767125406045,"all","linear"
"3135",7,1.31,0.933889854728477,"Exp2","mixed","IP",0,1.48132935294441,0.167243612359476,1.48067305101946,0.489429870029079,0,0.375249030177331,0.489429870029079,0.510570129970921,0.489429870029079,0.489429870029079,"all","linear"
"3136",7,0.542862864224572,0.629954406773322,"Exp2","mixed","IP",0,0.620078614247414,0.0752624823365927,0.61935781844033,0.615662015651838,0,1.16811432215575,0.615662015651838,0.384337984348162,0.615662015651838,0.615662015651838,"all","linear"
"3137",7,0.599959465297448,0.573903041324229,"Exp2","mixed","IP",0,0.645170977314193,0.0769955243779301,0.645750577308165,0.660904273943554,0,1.14224262628567,0.660904273943554,0.339095726056446,0.660904273943554,0.660904273943554,"all","linear"
"3138",7,1.76834346805288,1.58196800388396,"Exp2","mixed","IP",0,1.69989775056743,0.188835886217269,1.70122212462403,0.63351051855485,0,0.250298977327901,0.63351051855485,0.36648948144515,0.63351051855485,0.63351051855485,"all","linear"
"3139",7,0.542862864224572,0.717934713989962,"Exp2","mixed","IP",0,0.620078614247414,0.0752624823365927,0.620597182741894,0.615662015651838,0,1.16995694879602,0.615662015651838,0.384337984348162,0.615662015651838,0.615662015651838,"all","linear"
"3140",7,0.7328,0.685894121721503,"Exp2","mixed","IP",0,0.685057515847416,0.080047982133521,0.684675652401439,0.742767125406045,0,1.10563777260547,0.742767125406045,0.257232874593955,0.742767125406045,0.742767125406045,"all","linear"
"3141",7,1.954332247557,1.52591010733158,"Exp2","mixed","IP",0,1.75506291181776,0.195027059735727,1.75516674213995,0.677888891930874,0,0.216682838143393,0.677888891930874,0.322111108069126,0.677888891930874,0.677888891930874,"all","linear"
"3142",7,1.76834346805288,1.55788663272688,"Exp2","mixed","IP",0,1.69989775056743,0.188835886217269,1.69962421859555,0.63351051855485,0,0.253506270913203,0.63351051855485,0.36648948144515,0.63351051855485,0.63351051855485,"all","linear"
"3143",7,1.31,1.43788470451545,"Exp2","mixed","IP",0,1.48132935294441,0.167243612359476,1.48132359570891,0.489429870029079,0,0.36891656625635,0.489429870029079,0.510570129970921,0.489429870029079,0.489429870029079,"all","linear"
"3144",7,0.599959465297448,0.902210027416004,"Exp2","mixed","IP",0,0.645170977314193,0.0769955243779301,0.645171210593306,0.660904273943554,0,1.14562306293716,0.660904273943554,0.339095726056446,0.660904273943554,0.660904273943554,"all","linear"
"3145",7,1.44778166151097,1.48594916948059,"Exp2","mixed","IP",0,1.56213060436139,0.174877292714875,1.56284504189754,0.538467898041156,0,0.33088328728464,0.538467898041156,0.461532101958844,0.538467898041156,0.538467898041156,"all","linear"
"3146",7,0.4912,0.629991105277441,"Exp2","mixed","IP",0,0.591797511042063,0.0734129984497976,0.592103087684563,0.568374395874166,0,1.19581990406614,0.568374395874166,0.431625604125834,0.568374395874166,0.568374395874166,"all","linear"
"3147",7,1.76834346805288,1.36587042319297,"Exp2","mixed","IP",0,1.69989775056743,0.188835886217269,1.69952231550249,0.63351051855485,0,0.251239332599682,0.63351051855485,0.36648948144515,0.63351051855485,0.63351051855485,"all","linear"
"3148",7,1.44778166151097,1.52594276277523,"Exp2","mixed","IP",0,1.56213060436139,0.174877292714875,1.56255135478565,0.538467898041156,0,0.324741422022805,0.538467898041156,0.461532101958844,0.538467898041156,0.538467898041156,"all","linear"
"3149",7,0.663061306494331,0.685908116909559,"Exp2","mixed","IP",0,0.666851092691604,0.0785943692916583,0.667179120195402,0.703437905472124,0,1.13010496045569,0.703437905472124,0.296562094527876,0.703437905472124,0.703437905472124,"all","linear"
"3150",8,1.60005476290647,1.26993866995872,"Exp2","mixed","IP",0,1.60226906799657,0.272038302690775,1.60220697138317,0.749895821319909,0,-0.119268798035588,0.749895821319909,0.250104178680091,0.749895821319909,0.749895821319909,"all","linear"
"3151",8,1.31,1.37381720413396,"Exp2","mixed","IP",0,1.50691582452047,0.257490418485032,1.50964964915061,0.672068115133879,0,-0.0621546263874379,0.672068115133879,0.327931884866121,0.672068115133879,0.672068115133879,"all","linear"
"3152",8,0.542862864224572,0.926013049738685,"Exp2","mixed","IP",0,0.660238607716951,0.0971803671464836,0.660560316837898,0.808801512808523,0,0.910011765654579,0.808801512808523,0.191198487191477,0.808801512808523,0.808801512808523,"all","linear"
"3153",8,1.31,1.30989929681891,"Exp2","mixed","IP",0,1.50691582452047,0.257490418485032,1.50635525246138,0.672068115133879,0,-0.0609522262271056,0.672068115133879,0.327931884866121,0.672068115133879,0.672068115133879,"all","linear"
"3154",8,1.60005476290647,0.885977159845424,"Exp2","mixed","IP",0,1.60226906799657,0.272038302690775,1.60053568968518,0.749895821319909,0,-0.115923228040919,0.749895821319909,0.250104178680091,0.749895821319909,0.749895821319909,"all","linear"
"3155",8,1.954332247557,1.5099574546166,"Exp2","mixed","IP",0,1.66804464835518,0.283645415298403,1.66965017088512,0.814887126133343,0,-0.155527741285869,0.814887126133343,0.185112873866657,0.814887126133343,0.814887126133343,"all","linear"
"3156",8,1.76834346805288,1.62986266051666,"Exp2","mixed","IP",0,1.6387076958113,0.278202012126198,1.63862361138748,0.78408438687668,0,-0.137101435413593,0.78408438687668,0.21591561312332,0.78408438687668,0.78408438687668,"all","linear"
"3157",8,0.599959465297448,0.773876294942966,"Exp2","mixed","IP",0,0.673723544848738,0.0984440345955597,0.673342195099587,0.836786612216401,0,0.900462918179134,0.836786612216401,0.163213387783599,0.836786612216401,0.836786612216401,"all","linear"
"3158",8,1.76834346805288,1.34187675522844,"Exp2","mixed","IP",0,1.6387076958113,0.278202012126198,1.64021437117046,0.78408438687668,0,-0.139104042081731,0.78408438687668,0.21591561312332,0.78408438687668,0.78408438687668,"all","linear"
"3159",8,0.663061306494331,0.925983193328648,"Exp2","mixed","IP",0,0.684736230079546,0.0995478281907671,0.684571352733707,0.86149516864476,0,0.890830385423386,0.86149516864476,0.13850483135524,0.86149516864476,0.86149516864476,"all","linear"
"3160",8,1.44778166151097,1.16602841334861,"Exp2","mixed","IP",0,1.55837196774985,0.265134238080659,1.55802647594591,0.712461922565581,0,-0.091551395097862,0.712461922565581,0.287538077434419,0.712461922565581,0.712461922565581,"all","linear"
"3161",8,0.542862864224572,0.701974908175544,"Exp2","mixed","IP",0,0.660238607716951,0.0971803671464836,0.661198500200516,0.808801512808523,0,0.919488956966632,0.808801512808523,0.191198487191477,0.808801512808523,0.808801512808523,"all","linear"
"3162",8,1.954332247557,1.46991627765237,"Exp2","mixed","IP",0,1.66804464835518,0.283645415298403,1.66895782372091,0.814887126133343,0,-0.162177743286369,0.814887126133343,0.185112873866657,0.814887126133343,0.814887126133343,"all","linear"
"3163",8,1.76834346805288,1.54991901448921,"Exp2","mixed","IP",0,1.6387076958113,0.278202012126198,1.64010309808748,0.78408438687668,0,-0.137296083462171,0.78408438687668,0.21591561312332,0.78408438687668,0.78408438687668,"all","linear"
"3164",8,1.44778166151097,1.54989879921231,"Exp2","mixed","IP",0,1.55837196774985,0.265134238080659,1.55853461350834,0.712461922565581,0,-0.0822444487114321,0.712461922565581,0.287538077434419,0.712461922565581,0.712461922565581,"all","linear"
"3165",8,0.542862864224572,0.645906437477606,"Exp2","mixed","IP",0,0.660238607716951,0.0971803671464836,0.659782282751891,0.808801512808523,0,0.917232126639605,0.808801512808523,0.191198487191477,0.808801512808523,0.808801512808523,"all","linear"
"3166",8,0.599959465297448,0.589952727352284,"Exp2","mixed","IP",0,0.673723544848738,0.0984440345955597,0.673635400872592,0.836786612216401,0,0.898207330855795,0.836786612216401,0.163213387783599,0.836786612216401,0.836786612216401,"all","linear"
"3167",8,0.663061306494331,0.621912147515104,"Exp2","mixed","IP",0,0.684736230079546,0.0995478281907671,0.684370835285251,0.86149516864476,0,0.888038006435321,0.86149516864476,0.13850483135524,0.86149516864476,0.86149516864476,"all","linear"
"3168",8,0.4912,0.525809963954089,"Exp2","mixed","IP",0,0.644086736422443,0.0957485087543365,0.644353182473433,0.777476782044966,0,0.929549126854232,0.777476782044966,0.222523217955034,0.777476782044966,0.777476782044966,"all","linear"
"3169",8,0.599959465297448,0.57395560103032,"Exp2","mixed","IP",0,0.673723544848738,0.0984440345955597,0.673789958061022,0.836786612216401,0,0.894514192607259,0.836786612216401,0.163213387783599,0.836786612216401,0.836786612216401,"all","linear"
"3170",8,0.7328,0.75791431210564,"Exp2","mixed","IP",0,0.693517607758068,0.10050308988579,0.693374790693306,0.883079939783331,0,0.881475620453595,0.883079939783331,0.116920060216669,0.883079939783331,0.883079939783331,"all","linear"
"3171",8,1.31,1.62191961161807,"Exp2","mixed","IP",0,1.50691582452047,0.257490418485032,1.50682996475806,0.672068115133879,0,-0.0572947337817361,0.672068115133879,0.327931884866121,0.672068115133879,0.672068115133879,"all","linear"
"3172",8,0.7328,0.733949878551357,"Exp2","mixed","IP",0,0.693517607758068,0.10050308988579,0.693861314938605,0.883079939783331,0,0.877441139665562,0.883079939783331,0.116920060216669,0.883079939783331,0.883079939783331,"all","linear"
"3173",8,1.954332247557,1.6858975427549,"Exp2","mixed","IP",0,1.66804464835518,0.283645415298403,1.66728388039722,0.814887126133343,0,-0.158434461046914,0.814887126133343,0.185112873866657,0.814887126133343,0.814887126133343,"all","linear"
"3174",8,0.7328,0.661994377041992,"Exp2","mixed","IP",0,0.693517607758068,0.10050308988579,0.693827758508902,0.883079939783331,0,0.880942648560627,0.883079939783331,0.116920060216669,0.883079939783331,0.883079939783331,"all","linear"
"3175",8,0.7328,0.84588217914461,"Exp2","mixed","IP",0,0.693517607758068,0.10050308988579,0.693353716163047,0.883079939783331,0,0.877021115178031,0.883079939783331,0.116920060216669,0.883079939783331,0.883079939783331,"all","linear"
"3176",8,0.542862864224572,0.837824991680463,"Exp2","mixed","IP",0,0.660238607716951,0.0971803671464836,0.65988662878209,0.808801512808523,0,0.916609587505551,0.808801512808523,0.191198487191477,0.808801512808523,0.808801512808523,"all","linear"
"3177",8,1.60005476290647,1.60597877706823,"Exp2","mixed","IP",0,1.60226906799657,0.272038302690775,1.60387765997437,0.749895821319909,0,-0.11768343232935,0.749895821319909,0.250104178680091,0.749895821319909,0.749895821319909,"all","linear"
"3178",8,1.44778166151097,1.67791841736107,"Exp2","mixed","IP",0,1.55837196774985,0.265134238080659,1.56107660343399,0.712461922565581,0,-0.0909307413792268,0.712461922565581,0.287538077434419,0.712461922565581,0.712461922565581,"all","linear"
"3179",8,1.44778166151097,1.50194629578436,"Exp2","mixed","IP",0,1.55837196774985,0.265134238080659,1.55923184119511,0.712461922565581,0,-0.085319283247551,0.712461922565581,0.287538077434419,0.712461922565581,0.712461922565581,"all","linear"
"3180",8,1.60005476290647,0.909958387628649,"Exp2","mixed","IP",0,1.60226906799657,0.272038302690775,1.60087076979679,0.749895821319909,0,-0.117068953214591,0.749895821319909,0.250104178680091,0.749895821319909,0.749895821319909,"all","linear"
"3181",8,0.663061306494331,0.613867711224884,"Exp2","mixed","IP",0,0.684736230079546,0.0995478281907671,0.685413723033797,0.86149516864476,0,0.887445515427418,0.86149516864476,0.13850483135524,0.86149516864476,0.86149516864476,"all","linear"
"3182",8,0.4912,0.733810237637954,"Exp2","mixed","IP",0,0.644086736422443,0.0957485087543365,0.644436862549413,0.777476782044966,0,0.931353370173831,0.777476782044966,0.222523217955034,0.777476782044966,0.777476782044966,"all","linear"
"3183",8,1.76834346805288,1.25398663925625,"Exp2","mixed","IP",0,1.6387076958113,0.278202012126198,1.63777562786821,0.78408438687668,0,-0.1393977468756,0.78408438687668,0.21591561312332,0.78408438687668,0.78408438687668,"all","linear"
"3184",8,0.4912,0.581977645013467,"Exp2","mixed","IP",0,0.644086736422443,0.0957485087543365,0.6436842008897,0.777476782044966,0,0.930775053563692,0.777476782044966,0.222523217955034,0.777476782044966,0.777476782044966,"all","linear"
"3185",8,1.44778166151097,1.17386603180421,"Exp2","mixed","IP",0,1.55837196774985,0.265134238080659,1.56097653423104,0.712461922565581,0,-0.0905507927095017,0.712461922565581,0.287538077434419,0.712461922565581,0.712461922565581,"all","linear"
"3186",8,0.663061306494331,0.741719387073317,"Exp2","mixed","IP",0,0.684736230079546,0.0995478281907671,0.684534637900592,0.86149516864476,0,0.895161234352048,0.86149516864476,0.13850483135524,0.86149516864476,0.86149516864476,"all","linear"
"3187",8,1.44778166151097,1.79793278575926,"Exp2","mixed","IP",0,1.55837196774985,0.265134238080659,1.55745089245802,0.712461922565581,0,-0.0904073698149478,0.712461922565581,0.287538077434419,0.712461922565581,0.712461922565581,"all","linear"
"3188",8,0.599959465297448,0.693961261309596,"Exp2","mixed","IP",0,0.673723544848738,0.0984440345955597,0.673563928895649,0.836786612216401,0,0.900400291903509,0.836786612216401,0.163213387783599,0.836786612216401,0.836786612216401,"all","linear"
"3189",8,0.4912,1.04596210724048,"Exp2","mixed","IP",0,0.644086736422443,0.0957485087543365,0.645007843532402,0.777476782044966,0,0.92969220170057,0.777476782044966,0.222523217955034,0.777476782044966,0.777476782044966,"all","linear"
"3190",8,0.4912,0.821936094844204,"Exp2","mixed","IP",0,0.644086736422443,0.0957485087543365,0.643870179877503,0.777476782044966,0,0.93044269484059,0.777476782044966,0.222523217955034,0.777476782044966,0.777476782044966,"all","linear"
"3191",8,1.76834346805288,1.06990819154089,"Exp2","mixed","IP",0,1.6387076958113,0.278202012126198,1.63906539603807,0.78408438687668,0,-0.130998521878545,0.78408438687668,0.21591561312332,0.78408438687668,0.78408438687668,"all","linear"
"3192",8,1.76834346805288,0.886022877473806,"Exp2","mixed","IP",0,1.6387076958113,0.278202012126198,1.63834516049072,0.78408438687668,0,-0.137409668764883,0.78408438687668,0.21591561312332,0.78408438687668,0.78408438687668,"all","linear"
"3193",8,1.954332247557,0.925944628801517,"Exp2","mixed","IP",0,1.66804464835518,0.283645415298403,1.67119653099036,0.814887126133343,0,-0.151987628199436,0.814887126133343,0.185112873866657,0.814887126133343,0.814887126133343,"all","linear"
"3194",8,1.60005476290647,0.885868930363358,"Exp2","mixed","IP",0,1.60226906799657,0.272038302690775,1.60296983180585,0.749895821319909,0,-0.114848507162029,0.749895821319909,0.250104178680091,0.749895821319909,0.749895821319909,"all","linear"
"3195",8,1.60005476290647,0.965904944658178,"Exp2","mixed","IP",0,1.60226906799657,0.272038302690775,1.60331311692212,0.749895821319909,0,-0.119298812193146,0.749895821319909,0.250104178680091,0.749895821319909,0.749895821319909,"all","linear"
"3196",8,1.954332247557,0.910029607606702,"Exp2","mixed","IP",0,1.66804464835518,0.283645415298403,1.66650691625213,0.814887126133343,0,-0.156108706779262,0.814887126133343,0.185112873866657,0.814887126133343,0.814887126133343,"all","linear"
"3197",8,0.663061306494331,0.573996964598336,"Exp2","mixed","IP",0,0.684736230079546,0.0995478281907671,0.684398020064656,0.86149516864476,0,0.888556157336019,0.86149516864476,0.13850483135524,0.86149516864476,0.86149516864476,"all","linear"
"3198",8,1.44778166151097,1.79788147005456,"Exp2","mixed","IP",0,1.55837196774985,0.265134238080659,1.56008409133925,0.712461922565581,0,-0.0882746947293817,0.712461922565581,0.287538077434419,0.712461922565581,0.712461922565581,"all","linear"
"3199",8,1.44778166151097,1.19787804900807,"Exp2","mixed","IP",0,1.55837196774985,0.265134238080659,1.55983943571348,0.712461922565581,0,-0.090027490966205,0.712461922565581,0.287538077434419,0.712461922565581,0.712461922565581,"all","linear"
"3200",8,1.954332247557,1.98985942607396,"Exp2","mixed","IP",0,1.66804464835518,0.283645415298403,1.66716294246752,0.814887126133343,0,-0.155139661117695,0.814887126133343,0.185112873866657,0.814887126133343,0.814887126133343,"all","linear"
"3201",8,0.7328,0.557913068087146,"Exp2","mixed","IP",0,0.693517607758068,0.10050308988579,0.693847417217038,0.883079939783331,0,0.88238358247137,0.883079939783331,0.116920060216669,0.883079939783331,0.883079939783331,"all","linear"
"3202",8,1.31,1.09389315137378,"Exp2","mixed","IP",0,1.50691582452047,0.257490418485032,1.50863741738229,0.672068115133879,0,-0.0568768346038275,0.672068115133879,0.327931884866121,0.672068115133879,0.672068115133879,"all","linear"
"3203",8,0.599959465297448,0.645853877756963,"Exp2","mixed","IP",0,0.673723544848738,0.0984440345955597,0.674081957521996,0.836786612216401,0,0.903078598395832,0.836786612216401,0.163213387783599,0.836786612216401,0.836786612216401,"all","linear"
"3204",8,1.76834346805288,1.06196763067601,"Exp2","mixed","IP",0,1.6387076958113,0.278202012126198,1.6405461417039,0.78408438687668,0,-0.14040956175902,0.78408438687668,0.21591561312332,0.78408438687668,0.78408438687668,"all","linear"
"3205",8,0.7328,0.693889108320946,"Exp2","mixed","IP",0,0.693517607758068,0.10050308988579,0.693253321260722,0.883079939783331,0,0.882687117843857,0.883079939783331,0.116920060216669,0.883079939783331,0.883079939783331,"all","linear"
"3206",8,1.31,0.734028251627024,"Exp2","mixed","IP",0,1.50691582452047,0.257490418485032,1.50796563214006,0.672068115133879,0,-0.0554264269983494,0.672068115133879,0.327931884866121,0.672068115133879,0.672068115133879,"all","linear"
"3207",8,0.663061306494331,0.557924575246943,"Exp2","mixed","IP",0,0.684736230079546,0.0995478281907671,0.684975745594239,0.86149516864476,0,0.889692853737574,0.86149516864476,0.13850483135524,0.86149516864476,0.86149516864476,"all","linear"
"3208",8,0.663061306494331,0.829993904315415,"Exp2","mixed","IP",0,0.684736230079546,0.0995478281907671,0.684356477068589,0.86149516864476,0,0.889210967114412,0.86149516864476,0.13850483135524,0.86149516864476,0.86149516864476,"all","linear"
"3209",8,0.542862864224572,0.773993232547582,"Exp2","mixed","IP",0,0.660238607716951,0.0971803671464836,0.660545231632731,0.808801512808523,0,0.916338719560504,0.808801512808523,0.191198487191477,0.808801512808523,0.808801512808523,"all","linear"
"3210",8,1.954332247557,0.973953424001593,"Exp2","mixed","IP",0,1.66804464835518,0.283645415298403,1.66737581413612,0.814887126133343,0,-0.154473468762869,0.814887126133343,0.185112873866657,0.814887126133343,0.814887126133343,"all","linear"
"3211",8,0.4912,0.654003744492002,"Exp2","mixed","IP",0,0.644086736422443,0.0957485087543365,0.643815429293851,0.777476782044966,0,0.92974939774804,0.777476782044966,0.222523217955034,0.777476782044966,0.777476782044966,"all","linear"
"3212",8,0.542862864224572,0.749887914062128,"Exp2","mixed","IP",0,0.660238607716951,0.0971803671464836,0.660301211766718,0.808801512808523,0,0.915151378766053,0.808801512808523,0.191198487191477,0.808801512808523,0.808801512808523,"all","linear"
"3213",8,1.31,1.4299596938472,"Exp2","mixed","IP",0,1.50691582452047,0.257490418485032,1.50490852570349,0.672068115133879,0,-0.0605975750242079,0.672068115133879,0.327931884866121,0.672068115133879,0.672068115133879,"all","linear"
"3214",8,0.599959465297448,0.757930795331049,"Exp2","mixed","IP",0,0.673723544848738,0.0984440345955597,0.672809653342261,0.836786612216401,0,0.904689899110131,0.836786612216401,0.163213387783599,0.836786612216401,0.836786612216401,"all","linear"
"3215",8,0.542862864224572,1.18190735805001,"Exp2","mixed","IP",0,0.660238607716951,0.0971803671464836,0.659871670683884,0.808801512808523,0,0.910727114661203,0.808801512808523,0.191198487191477,0.808801512808523,0.808801512808523,"all","linear"
"3216",8,0.542862864224572,0.517978565585508,"Exp2","mixed","IP",0,0.660238607716951,0.0971803671464836,0.660047579922282,0.808801512808523,0,0.911010093298452,0.808801512808523,0.191198487191477,0.808801512808523,0.808801512808523,"all","linear"
"3217",8,1.60005476290647,1.73389140975087,"Exp2","mixed","IP",0,1.60226906799657,0.272038302690775,1.60205644633487,0.749895821319909,0,-0.118863612675158,0.749895821319909,0.250104178680091,0.749895821319909,0.749895821319909,"all","linear"
"3218",8,0.4912,0.957876369584483,"Exp2","mixed","IP",0,0.644086736422443,0.0957485087543365,0.644782106709723,0.777476782044966,0,0.930494094636257,0.777476782044966,0.222523217955034,0.777476782044966,0.777476782044966,"all","linear"
"3219",8,0.7328,0.97402993104879,"Exp2","mixed","IP",0,0.693517607758068,0.10050308988579,0.694074970894667,0.883079939783331,0,0.881227169832109,0.883079939783331,0.116920060216669,0.883079939783331,0.883079939783331,"all","linear"
"3220",8,0.599959465297448,0.710064751086975,"Exp2","mixed","IP",0,0.673723544848738,0.0984440345955597,0.673923054746746,0.836786612216401,0,0.903635759643679,0.836786612216401,0.163213387783599,0.836786612216401,0.836786612216401,"all","linear"
"3221",8,1.44778166151097,1.41396785459801,"Exp2","mixed","IP",0,1.55837196774985,0.265134238080659,1.5576559930635,0.712461922565581,0,-0.0822321642751299,0.712461922565581,0.287538077434419,0.712461922565581,0.712461922565581,"all","linear"
"3222",8,1.76834346805288,1.52591757142909,"Exp2","mixed","IP",0,1.6387076958113,0.278202012126198,1.63896964025933,0.78408438687668,0,-0.136875102208438,0.78408438687668,0.21591561312332,0.78408438687668,0.78408438687668,"all","linear"
"3223",8,1.44778166151097,1.55790435996823,"Exp2","mixed","IP",0,1.55837196774985,0.265134238080659,1.55867135338305,0.712461922565581,0,-0.0916808578942298,0.712461922565581,0.287538077434419,0.712461922565581,0.712461922565581,"all","linear"
"3224",8,0.4912,0.590004976069395,"Exp2","mixed","IP",0,0.644086736422443,0.0957485087543365,0.644454694277332,0.777476782044966,0,0.930504765992854,0.777476782044966,0.222523217955034,0.777476782044966,0.777476782044966,"all","linear"
"3225",8,0.663061306494331,0.6299674689526,"Exp2","mixed","IP",0,0.684736230079546,0.0995478281907671,0.685133012206986,0.86149516864476,0,0.888844903083521,0.86149516864476,0.13850483135524,0.86149516864476,0.86149516864476,"all","linear"
"3226",8,1.76834346805288,1.57390552934521,"Exp2","mixed","IP",0,1.6387076958113,0.278202012126198,1.63753581915052,0.78408438687668,0,-0.133721002604588,0.78408438687668,0.21591561312332,0.78408438687668,0.78408438687668,"all","linear"
"3227",8,1.954332247557,2.13391629009311,"Exp2","mixed","IP",0,1.66804464835518,0.283645415298403,1.66595065655996,0.814887126133343,0,-0.154081445729387,0.814887126133343,0.185112873866657,0.814887126133343,0.814887126133343,"all","linear"
"3228",8,0.542862864224572,1.14195264027148,"Exp2","mixed","IP",0,0.660238607716951,0.0971803671464836,0.6601109193095,0.808801512808523,0,0.917029656031025,0.808801512808523,0.191198487191477,0.808801512808523,0.808801512808523,"all","linear"
"3229",8,0.663061306494331,0.717956795288046,"Exp2","mixed","IP",0,0.684736230079546,0.0995478281907671,0.685590111683957,0.86149516864476,0,0.886715801430152,0.86149516864476,0.13850483135524,0.86149516864476,0.86149516864476,"all","linear"
"3230",8,0.7328,0.765929513992887,"Exp2","mixed","IP",0,0.693517607758068,0.10050308988579,0.692987669339583,0.883079939783331,0,0.879864917645192,0.883079939783331,0.116920060216669,0.883079939783331,0.883079939783331,"all","linear"
"3231",8,1.44778166151097,1.10195469289829,"Exp2","mixed","IP",0,1.55837196774985,0.265134238080659,1.55863762981187,0.712461922565581,0,-0.0882844303695641,0.712461922565581,0.287538077434419,0.712461922565581,0.712461922565581,"all","linear"
"3232",8,0.7328,0.917859761957516,"Exp2","mixed","IP",0,0.693517607758068,0.10050308988579,0.693339067424862,0.883079939783331,0,0.883903153280887,0.883079939783331,0.116920060216669,0.883079939783331,0.883079939783331,"all","linear"
"3233",8,1.44778166151097,0.997853168666552,"Exp2","mixed","IP",0,1.55837196774985,0.265134238080659,1.55878798451915,0.712461922565581,0,-0.0869394273438334,0.712461922565581,0.287538077434419,0.712461922565581,0.712461922565581,"all","linear"
"3234",8,1.954332247557,1.51791978577967,"Exp2","mixed","IP",0,1.66804464835518,0.283645415298403,1.66748990529129,0.814887126133343,0,-0.156299896111254,0.814887126133343,0.185112873866657,0.814887126133343,0.814887126133343,"all","linear"
"3235",8,1.954332247557,1.20602169565791,"Exp2","mixed","IP",0,1.66804464835518,0.283645415298403,1.66873745636013,0.814887126133343,0,-0.159000801615599,0.814887126133343,0.185112873866657,0.814887126133343,0.814887126133343,"all","linear"
"3236",8,0.542862864224572,1.12597199717493,"Exp2","mixed","IP",0,0.660238607716951,0.0971803671464836,0.660267269598887,0.808801512808523,0,0.919676881999437,0.808801512808523,0.191198487191477,0.808801512808523,0.808801512808523,"all","linear"
"3237",8,1.76834346805288,0.957804216595832,"Exp2","mixed","IP",0,1.6387076958113,0.278202012126198,1.63854616943346,0.78408438687668,0,-0.135368306187425,0.78408438687668,0.21591561312332,0.78408438687668,0.78408438687668,"all","linear"
"3238",8,0.4912,0.893858629902752,"Exp2","mixed","IP",0,0.644086736422443,0.0957485087543365,0.644761999325475,0.777476782044966,0,0.924082282864902,0.777476782044966,0.222523217955034,0.777476782044966,0.777476782044966,"all","linear"
"3239",8,0.599959465297448,0.893982720603162,"Exp2","mixed","IP",0,0.673723544848738,0.0984440345955597,0.674048190892807,0.836786612216401,0,0.904383018812489,0.836786612216401,0.163213387783599,0.836786612216401,0.836786612216401,"all","linear"
"3240",8,0.599959465297448,0.598008048789779,"Exp2","mixed","IP",0,0.673723544848738,0.0984440345955597,0.673804687807714,0.836786612216401,0,0.908658860927162,0.836786612216401,0.163213387783599,0.836786612216401,0.836786612216401,"all","linear"
"3241",8,1.60005476290647,1.04586227487198,"Exp2","mixed","IP",0,1.60226906799657,0.272038302690775,1.60316124856553,0.749895821319909,0,-0.117249249201517,0.749895821319909,0.250104178680091,0.749895821319909,0.749895821319909,"all","linear"
"3242",8,0.599959465297448,0.622051477424975,"Exp2","mixed","IP",0,0.673723544848738,0.0984440345955597,0.673412928404906,0.836786612216401,0,0.906457750183983,0.836786612216401,0.163213387783599,0.836786612216401,0.836786612216401,"all","linear"
"3243",8,1.31,0.95002444493548,"Exp2","mixed","IP",0,1.50691582452047,0.257490418485032,1.508197089953,0.672068115133879,0,-0.0683138853814343,0.672068115133879,0.327931884866121,0.672068115133879,0.672068115133879,"all","linear"
"3244",8,1.60005476290647,0.917988828727175,"Exp2","mixed","IP",0,1.60226906799657,0.272038302690775,1.60066666613247,0.749895821319909,0,-0.113947662094869,0.749895821319909,0.250104178680091,0.749895821319909,0.749895821319909,"all","linear"
"3245",8,0.4912,0.893987696670592,"Exp2","mixed","IP",0,0.644086736422443,0.0957485087543365,0.644913370711476,0.777476782044966,0,0.932233070064087,0.777476782044966,0.222523217955034,0.777476782044966,0.777476782044966,"all","linear"
"3246",8,0.4912,0.654034844917987,"Exp2","mixed","IP",0,0.644086736422443,0.0957485087543365,0.643454628464862,0.777476782044966,0,0.933517146027185,0.777476782044966,0.222523217955034,0.777476782044966,0.777476782044966,"all","linear"
"3247",8,0.7328,1.18983765577468,"Exp2","mixed","IP",0,0.693517607758068,0.10050308988579,0.692896373616719,0.883079939783331,0,0.880477306949954,0.883079939783331,0.116920060216669,0.883079939783331,0.883079939783331,"all","linear"
"3248",8,1.31,1.38993313408355,"Exp2","mixed","IP",0,1.50691582452047,0.257490418485032,1.50550091885123,0.672068115133879,0,-0.0580871056352176,0.672068115133879,0.327931884866121,0.672068115133879,0.672068115133879,"all","linear"
"3249",8,1.60005476290647,1.42194977903091,"Exp2","mixed","IP",0,1.60226906799657,0.272038302690775,1.60191541158976,0.749895821319909,0,-0.113865543986099,0.749895821319909,0.250104178680091,0.749895821319909,0.749895821319909,"all","linear"
"3250",8,0.663061306494331,0.773854213641243,"Exp2","mixed","IP",0,0.684736230079546,0.0995478281907671,0.684338915308112,0.86149516864476,0,0.895558755204515,0.86149516864476,0.13850483135524,0.86149516864476,0.86149516864476,"all","linear"
"3251",8,1.31,0.74991683745975,"Exp2","mixed","IP",0,1.50691582452047,0.257490418485032,1.50818239956159,0.672068115133879,0,-0.0613606638992266,0.672068115133879,0.327931884866121,0.672068115133879,0.672068115133879,"all","linear"
"3252",8,1.76834346805288,1.65384326629101,"Exp2","mixed","IP",0,1.6387076958113,0.278202012126198,1.63871378351334,0.78408438687668,0,-0.132533276503317,0.78408438687668,0.21591561312332,0.78408438687668,0.78408438687668,"all","linear"
"3253",8,0.599959465297448,0.613924936009425,"Exp2","mixed","IP",0,0.673723544848738,0.0984440345955597,0.673560173918963,0.836786612216401,0,0.896487561758554,0.836786612216401,0.163213387783599,0.836786612216401,0.836786612216401,"all","linear"
"3254",8,0.599959465297448,0.637953436440512,"Exp2","mixed","IP",0,0.673723544848738,0.0984440345955597,0.673987675893639,0.836786612216401,0,0.903083204338222,0.836786612216401,0.163213387783599,0.836786612216401,0.836786612216401,"all","linear"
"3255",8,0.663061306494331,0.60584286820631,"Exp2","mixed","IP",0,0.684736230079546,0.0995478281907671,0.684472827230049,0.86149516864476,0,0.893515729366558,0.86149516864476,0.13850483135524,0.86149516864476,0.86149516864476,"all","linear"
"3256",8,0.7328,0.877928058493126,"Exp2","mixed","IP",0,0.693517607758068,0.10050308988579,0.693703923723673,0.883079939783331,0,0.880099309924813,0.883079939783331,0.116920060216669,0.883079939783331,0.883079939783331,"all","linear"
"3257",8,0.4912,0.589906076711486,"Exp2","mixed","IP",0,0.644086736422443,0.0957485087543365,0.643791517574466,0.777476782044966,0,0.929880705322364,0.777476782044966,0.222523217955034,0.777476782044966,0.777476782044966,"all","linear"
"3258",8,1.76834346805288,0.837911761869691,"Exp2","mixed","IP",0,1.6387076958113,0.278202012126198,1.64057380842246,0.78408438687668,0,-0.133904778745912,0.78408438687668,0.21591561312332,0.78408438687668,0.78408438687668,"all","linear"
"3259",8,0.542862864224572,0.861865621278412,"Exp2","mixed","IP",0,0.660238607716951,0.0971803671464836,0.6602799810297,0.808801512808523,0,0.912997085223574,0.808801512808523,0.191198487191477,0.808801512808523,0.808801512808523,"all","linear"
"3260",8,0.542862864224572,0.661993444029576,"Exp2","mixed","IP",0,0.660238607716951,0.0971803671464836,0.66061905655205,0.808801512808523,0,0.921672675063308,0.808801512808523,0.191198487191477,0.808801512808523,0.808801512808523,"all","linear"
"3261",8,0.663061306494331,0.845871293995515,"Exp2","mixed","IP",0,0.684736230079546,0.0995478281907671,0.684702079948275,0.86149516864476,0,0.893407196385931,0.86149516864476,0.13850483135524,0.86149516864476,0.86149516864476,"all","linear"
"3262",8,0.542862864224572,0.877947962766484,"Exp2","mixed","IP",0,0.660238607716951,0.0971803671464836,0.660062677881946,0.808801512808523,0,0.909961173118628,0.808801512808523,0.191198487191477,0.808801512808523,0.808801512808523,"all","linear"
"3263",8,0.599959465297448,0.781898027920761,"Exp2","mixed","IP",0,0.673723544848738,0.0984440345955597,0.673999877457355,0.836786612216401,0,0.901910559653688,0.836786612216401,0.163213387783599,0.836786612216401,0.836786612216401,"all","linear"
"3264",8,1.31,0.757867661464843,"Exp2","mixed","IP",0,1.50691582452047,0.257490418485032,1.50712127828048,0.672068115133879,0,-0.062376047131335,0.672068115133879,0.327931884866121,0.672068115133879,0.672068115133879,"all","linear"
"3265",8,1.31,1.5178771781957,"Exp2","mixed","IP",0,1.50691582452047,0.257490418485032,1.50635351773867,0.672068115133879,0,-0.0611415395631532,0.672068115133879,0.327931884866121,0.672068115133879,0.672068115133879,"all","linear"
"3266",8,1.60005476290647,1.58187998967333,"Exp2","mixed","IP",0,1.60226906799657,0.272038302690775,1.60177961836704,0.749895821319909,0,-0.114799613962358,0.749895821319909,0.250104178680091,0.749895821319909,0.749895821319909,"all","linear"
"3267",8,1.31,1.09388506526557,"Exp2","mixed","IP",0,1.50691582452047,0.257490418485032,1.50700360671477,0.672068115133879,0,-0.0629111037114849,0.672068115133879,0.327931884866121,0.672068115133879,0.672068115133879,"all","linear"
"3268",8,0.4912,0.717962704367892,"Exp2","mixed","IP",0,0.644086736422443,0.0957485087543365,0.644095597356901,0.777476782044966,0,0.930883785060466,0.777476782044966,0.222523217955034,0.777476782044966,0.777476782044966,"all","linear"
"3269",8,1.44778166151097,0.925869676771981,"Exp2","mixed","IP",0,1.55837196774985,0.265134238080659,1.55853356428869,0.712461922565581,0,-0.0850041447941295,0.712461922565581,0.287538077434419,0.712461922565581,0.712461922565581,"all","linear"
"3270",8,0.7328,1.08598866700413,"Exp2","mixed","IP",0,0.693517607758068,0.10050308988579,0.693577932620805,0.883079939783331,0,0.875942315621453,0.883079939783331,0.116920060216669,0.883079939783331,0.883079939783331,"all","linear"
"3271",8,1.954332247557,1.1659410211505,"Exp2","mixed","IP",0,1.66804464835518,0.283645415298403,1.67093090938315,0.814887126133343,0,-0.154853774458554,0.814887126133343,0.185112873866657,0.814887126133343,0.814887126133343,"all","linear"
"3272",8,1.44778166151097,1.40586588252154,"Exp2","mixed","IP",0,1.55837196774985,0.265134238080659,1.55998239793268,0.712461922565581,0,-0.0860190186489179,0.712461922565581,0.287538077434419,0.712461922565581,0.712461922565581,"all","linear"
"3273",8,0.7328,0.613933022121273,"Exp2","mixed","IP",0,0.693517607758068,0.10050308988579,0.693036797174681,0.883079939783331,0,0.880971360650636,0.883079939783331,0.116920060216669,0.883079939783331,0.883079939783331,"all","linear"
"3274",8,0.542862864224572,0.805975356021008,"Exp2","mixed","IP",0,0.660238607716951,0.0971803671464836,0.660397083286442,0.808801512808523,0,0.908865227978695,0.808801512808523,0.191198487191477,0.808801512808523,0.808801512808523,"all","linear"
"3275",8,0.7328,0.749911861390501,"Exp2","mixed","IP",0,0.693517607758068,0.10050308988579,0.693504855860531,0.883079939783331,0,0.874370803175605,0.883079939783331,0.116920060216669,0.883079939783331,0.883079939783331,"all","linear"
"3276",8,1.60005476290647,0.965879131301335,"Exp2","mixed","IP",0,1.60226906799657,0.272038302690775,1.60192113174952,0.749895821319909,0,-0.115101265779918,0.749895821319909,0.250104178680091,0.749895821319909,0.749895821319909,"all","linear"
"3277",8,1.954332247557,0.941913764738274,"Exp2","mixed","IP",0,1.66804464835518,0.283645415298403,1.66885675057768,0.814887126133343,0,-0.160229069620508,0.814887126133343,0.185112873866657,0.814887126133343,0.814887126133343,"all","linear"
"3278",8,0.599959465297448,0.949978727307098,"Exp2","mixed","IP",0,0.673723544848738,0.0984440345955597,0.673474539147616,0.836786612216401,0,0.903813464676697,0.836786612216401,0.163213387783599,0.836786612216401,0.836786612216401,"all","linear"
"3279",8,0.663061306494331,0.789896124575534,"Exp2","mixed","IP",0,0.684736230079546,0.0995478281907671,0.685315544815144,0.86149516864476,0,0.890024524263778,0.86149516864476,0.13850483135524,0.86149516864476,0.86149516864476,"all","linear"
"3280",8,0.4912,0.741866181084333,"Exp2","mixed","IP",0,0.644086736422443,0.0957485087543365,0.643611943690309,0.777476782044966,0,0.931171488971072,0.777476782044966,0.222523217955034,0.777476782044966,0.777476782044966,"all","linear"
"3281",8,0.663061306494331,0.837912072875042,"Exp2","mixed","IP",0,0.684736230079546,0.0995478281907671,0.684832339057361,0.86149516864476,0,0.885118336686201,0.86149516864476,0.13850483135524,0.86149516864476,0.86149516864476,"all","linear"
"3282",8,1.76834346805288,1.26183700888396,"Exp2","mixed","IP",0,1.6387076958113,0.278202012126198,1.63957268246332,0.78408438687668,0,-0.141409048898073,0.78408438687668,0.21591561312332,0.78408438687668,0.78408438687668,"all","linear"
"3283",8,1.31,1.06997754549047,"Exp2","mixed","IP",0,1.50691582452047,0.257490418485032,1.50653892649391,0.672068115133879,0,-0.0606383215718701,0.672068115133879,0.327931884866121,0.672068115133879,0.672068115133879,"all","linear"
"3284",8,1.954332247557,1.37397861534737,"Exp2","mixed","IP",0,1.66804464835518,0.283645415298403,1.66791295743817,0.814887126133343,0,-0.160304640566165,0.814887126133343,0.185112873866657,0.814887126133343,0.814887126133343,"all","linear"
"3285",8,1.954332247557,1.66188428153328,"Exp2","mixed","IP",0,1.66804464835518,0.283645415298403,1.66886598998144,0.814887126133343,0,-0.161102574952976,0.814887126133343,0.185112873866657,0.814887126133343,0.814887126133343,"all","linear"
"3286",9,1.76834346805288,1.15783780505626,"Exp2","mixed","IP",0,1.71130883066929,0.184445353874822,1.71204854883564,0.133896962880951,0,0.274322369446857,0.133896962880951,0.866103037119049,0.133896962880951,0.133896962880951,"all","linear"
"3287",9,1.44778166151097,1.61401388322975,"Exp2","mixed","IP",0,1.43800628320544,0.163380285421892,1.43745827722186,0.0948951866393795,0,0.395119212987016,0.0948951866393795,0.90510481336062,0.0948951866393795,0.0948951866393795,"all","linear"
"3288",9,1.44778166151097,1.39780776204498,"Exp2","mixed","IP",0,1.43800628320544,0.163380285421892,1.4384156375178,0.0948951866393795,0,0.394897423528564,0.0948951866393795,0.90510481336062,0.0948951866393795,0.0948951866393795,"all","linear"
"3289",9,0.7328,0.605892006879003,"Exp2","mixed","IP",0,0.725366838260827,0.109415638291733,0.725421282270092,0.473297696462906,0,0.795228957928961,0.473297696462906,0.526702303537094,0.473297696462906,0.473297696462906,"all","linear"
"3290",9,1.31,1.30187041074259,"Exp2","mixed","IP",0,1.31283671826979,0.154329200142431,1.31254059077147,0.0793936757398362,0,0.44833983641591,0.0793936757398362,0.920606324260164,0.0793936757398362,0.0793936757398362,"all","linear"
"3291",9,0.663061306494331,0.717870647106793,"Exp2","mixed","IP",0,0.685865397853467,0.108121169845953,0.686195684163932,0.426558292507883,0,0.806705198814627,0.426558292507883,0.573441707492117,0.426558292507883,0.426558292507883,"all","linear"
"3292",9,0.599959465297448,0.606041288925553,"Exp2","mixed","IP",0,0.644159125671259,0.106867579320789,0.643678663386798,0.380980268106505,0,0.818976392642363,0.380980268106505,0.619019731893495,0.380980268106505,0.380980268106505,"all","linear"
"3293",9,0.599959465297448,0.542045630545545,"Exp2","mixed","IP",0,0.644159125671259,0.106867579320789,0.644053657476574,0.380980268106505,0,0.817002672821314,0.380980268106505,0.619019731893495,0.380980268106505,0.380980268106505,"all","linear"
"3294",9,1.76834346805288,1.38991509583593,"Exp2","mixed","IP",0,1.71130883066929,0.184445353874822,1.7107206446677,0.133896962880951,0,0.269365706064575,0.133896962880951,0.866103037119049,0.133896962880951,0.133896962880951,"all","linear"
"3295",9,1.60005476290647,1.66986496194841,"Exp2","mixed","IP",0,1.5710880443492,0.173416670992414,1.57228508560606,0.112976230010326,0,0.331545851466849,0.112976230010326,0.887023769989674,0.112976230010326,0.112976230010326,"all","linear"
"3296",9,1.954332247557,1.83804145064823,"Exp2","mixed","IP",0,1.85748694594964,0.196450431282422,1.85776877781221,0.157884343139793,0,0.209633750554097,0.157884343139793,0.842115656860207,0.157884343139793,0.157884343139793,"all","linear"
"3297",9,0.599959465297448,0.605905380061813,"Exp2","mixed","IP",0,0.644159125671259,0.106867579320789,0.644632004652742,0.380980268106505,0,0.818694223544829,0.380980268106505,0.619019731893495,0.380980268106505,0.380980268106505,"all","linear"
"3298",9,1.60005476290647,1.44597237038124,"Exp2","mixed","IP",0,1.5710880443492,0.173416670992414,1.57123709853355,0.112976230010326,0,0.333732072671987,0.112976230010326,0.887023769989674,0.112976230010326,0.112976230010326,"all","linear"
"3299",9,0.4912,0.669847856714114,"Exp2","mixed","IP",0,0.557448991735257,0.104553137139551,0.557657092564448,0.296044601571524,0,0.838540400158742,0.296044601571524,0.703955398428476,0.296044601571524,0.296044601571524,"all","linear"
"3300",9,0.663061306494331,0.653855084453426,"Exp2","mixed","IP",0,0.685865397853467,0.108121169845953,0.685554180489183,0.426558292507883,0,0.81008379448529,0.426558292507883,0.573441707492117,0.426558292507883,0.426558292507883,"all","linear"
"3301",9,1.31,1.31789148439202,"Exp2","mixed","IP",0,1.31283671826979,0.154329200142431,1.31224821992069,0.0793936757398362,0,0.45338470066558,0.0793936757398362,0.920606324260164,0.0793936757398362,0.0793936757398362,"all","linear"
"3302",9,0.663061306494331,0.709867885388121,"Exp2","mixed","IP",0,0.685865397853467,0.108121169845953,0.686377471535799,0.426558292507883,0,0.808338456692766,0.426558292507883,0.573441707492117,0.426558292507883,0.426558292507883,"all","linear"
"3303",9,1.76834346805288,1.91787437915809,"Exp2","mixed","IP",0,1.71130883066929,0.184445353874822,1.71147496754383,0.133896962880951,0,0.271463396684085,0.133896962880951,0.866103037119049,0.133896962880951,0.133896962880951,"all","linear"
"3304",9,1.60005476290647,1.48590873890862,"Exp2","mixed","IP",0,1.5710880443492,0.173416670992414,1.57092774517693,0.112976230010326,0,0.33614894204057,0.112976230010326,0.887023769989674,0.112976230010326,0.112976230010326,"all","linear"
"3305",9,1.31,1.33386684041398,"Exp2","mixed","IP",0,1.31283671826979,0.154329200142431,1.31265719140953,0.0793936757398362,0,0.452849090098077,0.0793936757398362,0.920606324260164,0.0793936757398362,0.0793936757398362,"all","linear"
"3306",9,0.542862864224572,0.581865061470126,"Exp2","mixed","IP",0,0.601075509376271,0.105673205595223,0.60169412553073,0.337275068552988,0,0.828855333684994,0.337275068552988,0.662724931447012,0.337275068552988,0.337275068552988,"all","linear"
"3307",9,1.44778166151097,1.22188602315782,"Exp2","mixed","IP",0,1.43800628320544,0.163380285421892,1.43846691660057,0.0948951866393795,0,0.395202839855012,0.0948951866393795,0.90510481336062,0.0948951866393795,0.0948951866393795,"all","linear"
"3308",9,0.4912,0.565906810682463,"Exp2","mixed","IP",0,0.557448991735257,0.104553137139551,0.558469262530056,0.296044601571524,0,0.844746644909137,0.296044601571524,0.703955398428476,0.296044601571524,0.296044601571524,"all","linear"
"3309",9,0.7328,0.645858853824393,"Exp2","mixed","IP",0,0.725366838260827,0.109415638291733,0.72570581858073,0.473297696462906,0,0.79589960851211,0.473297696462906,0.526702303537094,0.473297696462906,0.473297696462906,"all","linear"
"3310",9,1.954332247557,1.82981569887306,"Exp2","mixed","IP",0,1.85748694594964,0.196450431282422,1.85777583324595,0.157884343139793,0,0.211692506650432,0.157884343139793,0.842115656860207,0.157884343139793,0.157884343139793,"all","linear"
"3311",9,1.954332247557,1.70190462121172,"Exp2","mixed","IP",0,1.85748694594964,0.196450431282422,1.85720753376026,0.157884343139793,0,0.206856685571845,0.157884343139793,0.842115656860207,0.157884343139793,0.157884343139793,"all","linear"
"3312",9,0.4912,0.653929414472259,"Exp2","mixed","IP",0,0.557448991735257,0.104553137139551,0.55774304798716,0.296044601571524,0,0.84442419507428,0.296044601571524,0.703955398428476,0.296044601571524,0.296044601571524,"all","linear"
"3313",9,0.4912,0.509991976089623,"Exp2","mixed","IP",0,0.557448991735257,0.104553137139551,0.556913171968119,0.296044601571524,0,0.841958853383375,0.296044601571524,0.703955398428476,0.296044601571524,0.296044601571524,"all","linear"
"3314",9,1.44778166151097,1.65391697430186,"Exp2","mixed","IP",0,1.43800628320544,0.163380285421892,1.43675236164231,0.0948951866393795,0,0.394113095505146,0.0948951866393795,0.90510481336062,0.0948951866393795,0.0948951866393795,"all","linear"
"3315",9,1.31,1.50193416661659,"Exp2","mixed","IP",0,1.31283671826979,0.154329200142431,1.31332785469333,0.0793936757398362,0,0.452339304542212,0.0793936757398362,0.920606324260164,0.0793936757398362,0.0793936757398362,"all","linear"
"3316",9,0.542862864224572,0.589910741776293,"Exp2","mixed","IP",0,0.601075509376271,0.105673205595223,0.60108267090308,0.337275068552988,0,0.833201165693191,0.337275068552988,0.662724931447012,0.337275068552988,0.337275068552988,"all","linear"
"3317",9,0.542862864224572,0.573885625070943,"Exp2","mixed","IP",0,0.601075509376271,0.105673205595223,0.602403654623559,0.337275068552988,0,0.834395928143914,0.337275068552988,0.662724931447012,0.337275068552988,0.337275068552988,"all","linear"
"3318",9,0.7328,0.597883025076044,"Exp2","mixed","IP",0,0.725366838260827,0.109415638291733,0.725506722533118,0.473297696462906,0,0.799064994207109,0.473297696462906,0.526702303537094,0.473297696462906,0.473297696462906,"all","linear"
"3319",9,1.954332247557,1.94193211398942,"Exp2","mixed","IP",0,1.85748694594964,0.196450431282422,1.85783302216994,0.157884343139793,0,0.208664115573139,0.157884343139793,0.842115656860207,0.157884343139793,0.157884343139793,"all","linear"
"3320",9,0.663061306494331,0.725846040449142,"Exp2","mixed","IP",0,0.685865397853467,0.108121169845953,0.686492152140848,0.426558292507883,0,0.811160139464716,0.426558292507883,0.573441707492117,0.426558292507883,0.426558292507883,"all","linear"
"3321",9,0.663061306494331,0.605886719806222,"Exp2","mixed","IP",0,0.685865397853467,0.108121169845953,0.684804951590906,0.426558292507883,0,0.809155880645706,0.426558292507883,0.573441707492117,0.426558292507883,0.426558292507883,"all","linear"
"3322",9,0.7328,0.925941829762451,"Exp2","mixed","IP",0,0.725366838260827,0.109415638291733,0.72586899410741,0.473297696462906,0,0.796555846912447,0.473297696462906,0.526702303537094,0.473297696462906,0.473297696462906,"all","linear"
"3323",9,1.954332247557,1.86983759357372,"Exp2","mixed","IP",0,1.85748694594964,0.196450431282422,1.85654895552685,0.157884343139793,0,0.217921633829846,0.157884343139793,0.842115656860207,0.157884343139793,0.157884343139793,"all","linear"
"3324",9,1.44778166151097,1.45391946233576,"Exp2","mixed","IP",0,1.43800628320544,0.163380285421892,1.4391230931588,0.0948951866393795,0,0.392576610023094,0.0948951866393795,0.90510481336062,0.0948951866393795,0.0948951866393795,"all","linear"
"3325",9,1.76834346805288,1.83789901069576,"Exp2","mixed","IP",0,1.71130883066929,0.184445353874822,1.7115285435638,0.133896962880951,0,0.271505874746303,0.133896962880951,0.866103037119049,0.133896962880951,0.133896962880951,"all","linear"
"3326",9,0.4912,0.541889506404914,"Exp2","mixed","IP",0,0.557448991735257,0.104553137139551,0.557803777676239,0.296044601571524,0,0.847355029073445,0.296044601571524,0.703955398428476,0.296044601571524,0.296044601571524,"all","linear"
"3327",9,0.542862864224572,0.645896174336485,"Exp2","mixed","IP",0,0.601075509376271,0.105673205595223,0.60087768186793,0.337275068552988,0,0.827518823004251,0.337275068552988,0.662724931447012,0.337275068552988,0.337275068552988,"all","linear"
"3328",9,1.60005476290647,1.34991652645567,"Exp2","mixed","IP",0,1.5710880443492,0.173416670992414,1.57028486053184,0.112976230010326,0,0.335116037610465,0.112976230010326,0.887023769989674,0.112976230010326,0.112976230010326,"all","linear"
"3329",9,1.954332247557,1.98198199907256,"Exp2","mixed","IP",0,1.85748694594964,0.196450431282422,1.85601353917141,0.157884343139793,0,0.209145960332597,0.157884343139793,0.842115656860207,0.157884343139793,0.157884343139793,"all","linear"
"3330",9,0.599959465297448,0.55792892930549,"Exp2","mixed","IP",0,0.644159125671259,0.106867579320789,0.644587079212287,0.380980268106505,0,0.823549196448116,0.380980268106505,0.619019731893495,0.380980268106505,0.380980268106505,"all","linear"
"3331",9,1.954332247557,1.77401189280226,"Exp2","mixed","IP",0,1.85748694594964,0.196450431282422,1.85779751094295,0.157884343139793,0,0.209254912682924,0.157884343139793,0.842115656860207,0.157884343139793,0.157884343139793,"all","linear"
"3332",9,0.599959465297448,0.637906474797092,"Exp2","mixed","IP",0,0.644159125671259,0.106867579320789,0.643605598026292,0.380980268106505,0,0.817653087125251,0.380980268106505,0.619019731893495,0.380980268106505,0.380980268106505,"all","linear"
"3333",9,1.76834346805288,1.20590786809589,"Exp2","mixed","IP",0,1.71130883066929,0.184445353874822,1.71212576788366,0.133896962880951,0,0.270147197292402,0.133896962880951,0.866103037119049,0.133896962880951,0.133896962880951,"all","linear"
"3334",9,0.542862864224572,0.645879380106635,"Exp2","mixed","IP",0,0.601075509376271,0.105673205595223,0.600998952707443,0.337275068552988,0,0.826672390040758,0.337275068552988,0.662724931447012,0.337275068552988,0.337275068552988,"all","linear"
"3335",9,1.31,1.11796705842789,"Exp2","mixed","IP",0,1.31283671826979,0.154329200142431,1.31251573283024,0.0793936757398362,0,0.449819155913554,0.0793936757398362,0.920606324260164,0.0793936757398362,0.0793936757398362,"all","linear"
"3336",9,1.76834346805288,1.8458517007266,"Exp2","mixed","IP",0,1.71130883066929,0.184445353874822,1.71035387555451,0.133896962880951,0,0.274755413033425,0.133896962880951,0.866103037119049,0.133896962880951,0.133896962880951,"all","linear"
"3337",9,0.7328,0.677828537128335,"Exp2","mixed","IP",0,0.725366838260827,0.109415638291733,0.725137315927048,0.473297696462906,0,0.794801469128883,0.473297696462906,0.526702303537094,0.473297696462906,0.473297696462906,"all","linear"
"3338",9,1.60005476290647,1.68583814094109,"Exp2","mixed","IP",0,1.5710880443492,0.173416670992414,1.57235444643181,0.112976230010326,0,0.329429661920621,0.112976230010326,0.887023769989674,0.112976230010326,0.112976230010326,"all","linear"
"3339",9,0.7328,0.621984300504664,"Exp2","mixed","IP",0,0.725366838260827,0.109415638291733,0.725718119556675,0.473297696462906,0,0.790113608332959,0.473297696462906,0.526702303537094,0.473297696462906,0.473297696462906,"all","linear"
"3340",9,0.7328,0.742030702340344,"Exp2","mixed","IP",0,0.725366838260827,0.109415638291733,0.725243918452229,0.473297696462906,0,0.790616262232015,0.473297696462906,0.526702303537094,0.473297696462906,0.473297696462906,"all","linear"
"3341",9,1.60005476290647,1.5418885733925,"Exp2","mixed","IP",0,1.5710880443492,0.173416670992414,1.57127316127408,0.112976230010326,0,0.338534125504592,0.112976230010326,0.887023769989674,0.112976230010326,0.112976230010326,"all","linear"
"3342",9,0.663061306494331,0.749838775389435,"Exp2","mixed","IP",0,0.685865397853467,0.108121169845953,0.686273143591572,0.426558292507883,0,0.807184316546335,0.426558292507883,0.573441707492117,0.426558292507883,0.426558292507883,"all","linear"
"3343",9,1.31,1.30184242036012,"Exp2","mixed","IP",0,1.31283671826979,0.154329200142431,1.31293928129446,0.0793936757398362,0,0.453094881535661,0.0793936757398362,0.920606324260164,0.0793936757398362,0.0793936757398362,"all","linear"
"3344",9,0.599959465297448,0.653899558063131,"Exp2","mixed","IP",0,0.644159125671259,0.106867579320789,0.643837250327651,0.380980268106505,0,0.816238046696419,0.380980268106505,0.619019731893495,0.380980268106505,0.380980268106505,"all","linear"
"3345",9,1.44778166151097,1.42185181268815,"Exp2","mixed","IP",0,1.43800628320544,0.163380285421892,1.43860152749211,0.0948951866393795,0,0.394611258190416,0.0948951866393795,0.90510481336062,0.0948951866393795,0.0948951866393795,"all","linear"
"3346",9,0.4912,0.461973539757309,"Exp2","mixed","IP",0,0.557448991735257,0.104553137139551,0.55658587122404,0.296044601571524,0,0.840365633590476,0.296044601571524,0.703955398428476,0.296044601571524,0.296044601571524,"all","linear"
"3347",9,1.954332247557,2.13376887407048,"Exp2","mixed","IP",0,1.85748694594964,0.196450431282422,1.85747492838354,0.157884343139793,0,0.213065745906901,0.157884343139793,0.842115656860207,0.157884343139793,0.157884343139793,"all","linear"
"3348",9,0.4912,0.502029955930993,"Exp2","mixed","IP",0,0.557448991735257,0.104553137139551,0.557825694294525,0.296044601571524,0,0.844465783153822,0.296044601571524,0.703955398428476,0.296044601571524,0.296044601571524,"all","linear"
"3349",9,1.44778166151097,1.41383909883461,"Exp2","mixed","IP",0,1.43800628320544,0.163380285421892,1.43755125144152,0.0948951866393795,0,0.389270226006057,0.0948951866393795,0.90510481336062,0.0948951866393795,0.0948951866393795,"all","linear"
"3350",9,0.4912,0.461940262301141,"Exp2","mixed","IP",0,0.557448991735257,0.104553137139551,0.557433278441085,0.296044601571524,0,0.837114092052996,0.296044601571524,0.703955398428476,0.296044601571524,0.296044601571524,"all","linear"
"3351",9,1.31,1.30998420098331,"Exp2","mixed","IP",0,1.31283671826979,0.154329200142431,1.31270101179354,0.0793936757398362,0,0.447111232068788,0.0793936757398362,0.920606324260164,0.0793936757398362,0.0793936757398362,"all","linear"
"3352",9,0.542862864224572,0.621862697837059,"Exp2","mixed","IP",0,0.601075509376271,0.105673205595223,0.601413149379562,0.337275068552988,0,0.832704259742056,0.337275068552988,0.662724931447012,0.337275068552988,0.337275068552988,"all","linear"
"3353",9,1.60005476290647,1.47794049866479,"Exp2","mixed","IP",0,1.5710880443492,0.173416670992414,1.5712274358221,0.112976230010326,0,0.335452242107126,0.112976230010326,0.887023769989674,0.112976230010326,0.112976230010326,"all","linear"
"3354",9,1.31,1.28589660974285,"Exp2","mixed","IP",0,1.31283671826979,0.154329200142431,1.31235898205964,0.0793936757398362,0,0.454999811699609,0.0793936757398362,0.920606324260164,0.0793936757398362,0.0793936757398362,"all","linear"
"3355",9,1.44778166151097,1.33403105066554,"Exp2","mixed","IP",0,1.43800628320544,0.163380285421892,1.43681440408577,0.0948951866393795,0,0.392997857628911,0.0948951866393795,0.90510481336062,0.0948951866393795,0.0948951866393795,"all","linear"
"3356",9,0.663061306494331,0.597400346458926,"Exp2","mixed","IP",0,0.685865397853467,0.108121169845953,0.686235406804217,0.426558292507883,0,0.809270683399554,0.426558292507883,0.573441707492117,0.426558292507883,0.426558292507883,"all","linear"
"3357",9,1.76834346805288,1.4378287237314,"Exp2","mixed","IP",0,1.71130883066929,0.184445353874822,1.71176868675021,0.133896962880951,0,0.26678577955223,0.133896962880951,0.866103037119049,0.133896962880951,0.133896962880951,"all","linear"
"3358",9,0.7328,0.725921925490184,"Exp2","mixed","IP",0,0.725366838260827,0.109415638291733,0.725753720792077,0.473297696462906,0,0.799367571306062,0.473297696462906,0.526702303537094,0.473297696462906,0.473297696462906,"all","linear"
"3359",9,1.31,1.27790659919901,"Exp2","mixed","IP",0,1.31283671826979,0.154329200142431,1.31327337250497,0.0793936757398362,0,0.451696882384312,0.0793936757398362,0.920606324260164,0.0793936757398362,0.0793936757398362,"all","linear"
"3360",9,1.44778166151097,1.29396250532591,"Exp2","mixed","IP",0,1.43800628320544,0.163380285421892,1.43816278659986,0.0948951866393795,0,0.396529623158827,0.0948951866393795,0.90510481336062,0.0948951866393795,0.0948951866393795,"all","linear"
"3361",9,0.4912,0.661950214437638,"Exp2","mixed","IP",0,0.557448991735257,0.104553137139551,0.556636270525821,0.296044601571524,0,0.845516388146577,0.296044601571524,0.703955398428476,0.296044601571524,0.296044601571524,"all","linear"
"3362",9,1.60005476290647,1.84009376778522,"Exp2","mixed","IP",0,1.5710880443492,0.173416670992414,1.57158164062258,0.112976230010326,0,0.333256528664485,0.112976230010326,0.887023769989674,0.112976230010326,0.112976230010326,"all","linear"
"3363",9,1.60005476290647,1.47789509204176,"Exp2","mixed","IP",0,1.5710880443492,0.173416670992414,1.57093009361153,0.112976230010326,0,0.332786812328499,0.112976230010326,0.887023769989674,0.112976230010326,0.112976230010326,"all","linear"
"3364",9,0.4912,0.565920183865273,"Exp2","mixed","IP",0,0.557448991735257,0.104553137139551,0.557125627520036,0.296044601571524,0,0.847281249047802,0.296044601571524,0.703955398428476,0.296044601571524,0.296044601571524,"all","linear"
"3365",9,1.76834346805288,1.70993879436082,"Exp2","mixed","IP",0,1.71130883066929,0.184445353874822,1.71119433289762,0.133896962880951,0,0.274370810473106,0.133896962880951,0.866103037119049,0.133896962880951,0.133896962880951,"all","linear"
"3366",9,0.542862864224572,0.645910169528179,"Exp2","mixed","IP",0,0.601075509376271,0.105673205595223,0.600312628874108,0.337275068552988,0,0.834938257085189,0.337275068552988,0.662724931447012,0.337275068552988,0.337275068552988,"all","linear"
"3367",9,1.76834346805288,1.86625295842805,"Exp2","mixed","IP",0,1.71130883066929,0.184445353874822,1.71160396193235,0.133896962880951,0,0.275695656342446,0.133896962880951,0.866103037119049,0.133896962880951,0.133896962880951,"all","linear"
"3368",9,0.599959465297448,0.581890563818888,"Exp2","mixed","IP",0,0.644159125671259,0.106867579320789,0.644089651676524,0.380980268106505,0,0.816954234166701,0.380980268106505,0.619019731893495,0.380980268106505,0.380980268106505,"all","linear"
"3369",9,0.542862864224572,0.581873769589038,"Exp2","mixed","IP",0,0.601075509376271,0.105673205595223,0.601164033385846,0.337275068552988,0,0.83426761073478,0.337275068552988,0.662724931447012,0.337275068552988,0.337275068552988,"all","linear"
"3370",9,0.663061306494331,0.565861404059433,"Exp2","mixed","IP",0,0.685865397853467,0.108121169845953,0.686869904387785,0.426558292507883,0,0.802262401335811,0.426558292507883,0.573441707492117,0.426558292507883,0.426558292507883,"all","linear"
"3371",9,1.954332247557,1.54995540198797,"Exp2","mixed","IP",0,1.85748694594964,0.196450431282422,1.85750404014889,0.157884343139793,0,0.207687632355247,0.157884343139793,0.842115656860207,0.157884343139793,0.157884343139793,"all","linear"
"3372",9,1.76834346805288,1.84596055221937,"Exp2","mixed","IP",0,1.71130883066929,0.184445353874822,1.71046860890688,0.133896962880951,0,0.272550885058653,0.133896962880951,0.866103037119049,0.133896962880951,0.133896962880951,"all","linear"
"3373",9,1.31,1.17397706032534,"Exp2","mixed","IP",0,1.31283671826979,0.154329200142431,1.31209677667122,0.0793936757398362,0,0.447065798811497,0.0793936757398362,0.920606324260164,0.0793936757398362,0.0793936757398362,"all","linear"
"3374",9,0.542862864224572,0.533922821182387,"Exp2","mixed","IP",0,0.601075509376271,0.105673205595223,0.60059734349681,0.337275068552988,0,0.831194077211803,0.337275068552988,0.662724931447012,0.337275068552988,0.337275068552988,"all","linear"
"3375",9,1.31,1.49392549581808,"Exp2","mixed","IP",0,1.31283671826979,0.154329200142431,1.31248091943814,0.0793936757398362,0,0.45001667979134,0.0793936757398362,0.920606324260164,0.0793936757398362,0.0793936757398362,"all","linear"
"3376",9,0.599959465297448,0.717905790588702,"Exp2","mixed","IP",0,0.644159125671259,0.106867579320789,0.644721221559157,0.380980268106505,0,0.823599191008806,0.380980268106505,0.619019731893495,0.380980268106505,0.380980268106505,"all","linear"
"3377",9,0.599959465297448,0.589890526499403,"Exp2","mixed","IP",0,0.644159125671259,0.106867579320789,0.644917096636763,0.380980268106505,0,0.821037410698076,0.380980268106505,0.619019731893495,0.380980268106505,0.380980268106505,"all","linear"
"3378",9,0.663061306494331,0.709890588699636,"Exp2","mixed","IP",0,0.685865397853467,0.108121169845953,0.686050183341611,0.426558292507883,0,0.804269393721799,0.426558292507883,0.573441707492117,0.426558292507883,0.426558292507883,"all","linear"
"3379",9,1.44778166151097,1.24597268138587,"Exp2","mixed","IP",0,1.43800628320544,0.163380285421892,1.43896967861828,0.0948951866393795,0,0.395135293659884,0.0948951866393795,0.90510481336062,0.0948951866393795,0.0948951866393795,"all","linear"
"3380",9,0.663061306494331,0.653908577186485,"Exp2","mixed","IP",0,0.685865397853467,0.108121169845953,0.685485700916201,0.426558292507883,0,0.805680219733212,0.426558292507883,0.573441707492117,0.426558292507883,0.426558292507883,"all","linear"
"3381",9,0.7328,0.621840927538869,"Exp2","mixed","IP",0,0.725366838260827,0.109415638291733,0.725140502857794,0.473297696462906,0,0.800050513003412,0.473297696462906,0.526702303537094,0.473297696462906,0.473297696462906,"all","linear"
"3382",9,1.954332247557,1.91789335041722,"Exp2","mixed","IP",0,1.85748694594964,0.196450431282422,1.85660516639152,0.157884343139793,0,0.21217841304462,0.157884343139793,0.842115656860207,0.157884343139793,0.157884343139793,"all","linear"
"3383",9,1.60005476290647,1.48589194467786,"Exp2","mixed","IP",0,1.5710880443492,0.173416670992414,1.57133891458969,0.112976230010326,0,0.337691513361623,0.112976230010326,0.887023769989674,0.112976230010326,0.112976230010326,"all","linear"
"3384",9,1.31,1.37384985958124,"Exp2","mixed","IP",0,1.31283671826979,0.154329200142431,1.31285479698842,0.0793936757398362,0,0.443906879619613,0.0793936757398362,0.920606324260164,0.0793936757398362,0.0793936757398362,"all","linear"
"3385",9,1.954332247557,1.92591383937815,"Exp2","mixed","IP",0,1.85748694594964,0.196450431282422,1.85772213172127,0.157884343139793,0,0.215810899993524,0.157884343139793,0.842115656860207,0.157884343139793,0.157884343139793,"all","linear"
"3386",9,0.542862864224572,0.645909858523737,"Exp2","mixed","IP",0,0.601075509376271,0.105673205595223,0.60088512032048,0.337275068552988,0,0.830444964101669,0.337275068552988,0.662724931447012,0.337275068552988,0.337275068552988,"all","linear"
"3387",9,0.7328,0.717818398390591,"Exp2","mixed","IP",0,0.725366838260827,0.109415638291733,0.726098159504242,0.473297696462906,0,0.797970243392705,0.473297696462906,0.526702303537094,0.473297696462906,0.473297696462906,"all","linear"
"3388",9,1.44778166151097,1.31772509711118,"Exp2","mixed","IP",0,1.43800628320544,0.163380285421892,1.43827679975136,0.0948951866393795,0,0.387017578857709,0.0948951866393795,0.90510481336062,0.0948951866393795,0.0948951866393795,"all","linear"
"3389",9,1.60005476290647,1.53395609863765,"Exp2","mixed","IP",0,1.5710880443492,0.173416670992414,1.57200370337313,0.112976230010326,0,0.339457544226781,0.112976230010326,0.887023769989674,0.112976230010326,0.112976230010326,"all","linear"
"3390",9,0.4912,0.542009865055661,"Exp2","mixed","IP",0,0.557448991735257,0.104553137139551,0.557078423578214,0.296044601571524,0,0.838594441302628,0.296044601571524,0.703955398428476,0.296044601571524,0.296044601571524,"all","linear"
"3391",9,0.599959465297448,0.461919114010925,"Exp2","mixed","IP",0,0.644159125671259,0.106867579320789,0.644550183658273,0.380980268106505,0,0.821811304285446,0.380980268106505,0.619019731893495,0.380980268106505,0.380980268106505,"all","linear"
"3392",9,0.4912,0.429984574187984,"Exp2","mixed","IP",0,0.557448991735257,0.104553137139551,0.558632543903469,0.296044601571524,0,0.84339065355876,0.296044601571524,0.703955398428476,0.296044601571524,0.296044601571524,"all","linear"
"3393",9,1.954332247557,1.74178345395103,"Exp2","mixed","IP",0,1.85748694594964,0.196450431282422,1.85709077131361,0.157884343139793,0,0.214751848356592,0.157884343139793,0.842115656860207,0.157884343139793,0.157884343139793,"all","linear"
"3394",9,1.76834346805288,1.42997617707351,"Exp2","mixed","IP",0,1.71130883066929,0.184445353874822,1.71131789352808,0.133896962880951,0,0.273797260699792,0.133896962880951,0.866103037119049,0.133896962880951,0.133896962880951,"all","linear"
"3395",9,0.542862864224572,0.6619219130489,"Exp2","mixed","IP",0,0.601075509376271,0.105673205595223,0.601269965049387,0.337275068552988,0,0.833866236134414,0.337275068552988,0.662724931447012,0.337275068552988,0.337275068552988,"all","linear"
"3396",9,1.76834346805288,1.47784564236372,"Exp2","mixed","IP",0,1.71130883066929,0.184445353874822,1.7112577582269,0.133896962880951,0,0.276101256828617,0.133896962880951,0.866103037119049,0.133896962880951,0.133896962880951,"all","linear"
"3397",9,0.663061306494331,0.637940374262143,"Exp2","mixed","IP",0,0.685865397853467,0.108121169845953,0.685714163517164,0.426558292507883,0,0.80044893264058,0.426558292507883,0.573441707492117,0.426558292507883,0.426558292507883,"all","linear"
"3398",9,0.7328,0.76593169102398,"Exp2","mixed","IP",0,0.725366838260827,0.109415638291733,0.724846300933825,0.473297696462906,0,0.795546626868431,0.473297696462906,0.526702303537094,0.473297696462906,0.473297696462906,"all","linear"
"3399",9,0.4912,0.478049972164627,"Exp2","mixed","IP",0,0.557448991735257,0.104553137139551,0.556695367355383,0.296044601571524,0,0.837949242917375,0.296044601571524,0.703955398428476,0.296044601571524,0.296044601571524,"all","linear"
"3400",9,1.76834346805288,1.5340329166911,"Exp2","mixed","IP",0,1.71130883066929,0.184445353874822,1.71235405667639,0.133896962880951,0,0.273639225113927,0.133896962880951,0.866103037119049,0.133896962880951,0.133896962880951,"all","linear"
"3401",9,0.663061306494331,0.725994078477925,"Exp2","mixed","IP",0,0.685865397853467,0.108121169845953,0.685161384214929,0.426558292507883,0,0.808392389317988,0.426558292507883,0.573441707492117,0.426558292507883,0.426558292507883,"all","linear"
"3402",9,1.44778166151097,1.59802266599036,"Exp2","mixed","IP",0,1.43800628320544,0.163380285421892,1.43862528567604,0.0948951866393795,0,0.395108666281245,0.0948951866393795,0.90510481336062,0.0948951866393795,0.0948951866393795,"all","linear"
"3403",9,0.599959465297448,0.630007588503759,"Exp2","mixed","IP",0,0.644159125671259,0.106867579320789,0.642854312536508,0.380980268106505,0,0.816173393007878,0.380980268106505,0.619019731893495,0.380980268106505,0.380980268106505,"all","linear"
"3404",9,0.4912,0.509884679619063,"Exp2","mixed","IP",0,0.557448991735257,0.104553137139551,0.557498950048536,0.296044601571524,0,0.842523753856606,0.296044601571524,0.703955398428476,0.296044601571524,0.296044601571524,"all","linear"
"3405",9,0.7328,0.781879989674962,"Exp2","mixed","IP",0,0.725366838260827,0.109415638291733,0.725502229245819,0.473297696462906,0,0.796446245790945,0.473297696462906,0.526702303537094,0.473297696462906,0.473297696462906,"all","linear"
"3406",9,1.60005476290647,1.51780720223724,"Exp2","mixed","IP",0,1.5710880443492,0.173416670992414,1.57113149041793,0.112976230010326,0,0.334053937026742,0.112976230010326,0.887023769989674,0.112976230010326,0.112976230010326,"all","linear"
"3407",9,0.7328,0.797932474754816,"Exp2","mixed","IP",0,0.725366838260827,0.109415638291733,0.725420889359162,0.473297696462906,0,0.7979577704097,0.473297696462906,0.526702303537094,0.473297696462906,0.473297696462906,"all","linear"
"3408",9,0.542862864224572,0.605939590531307,"Exp2","mixed","IP",0,0.601075509376271,0.105673205595223,0.601543152898612,0.337275068552988,0,0.829231393075467,0.337275068552988,0.662724931447012,0.337275068552988,0.337275068552988,"all","linear"
"3409",9,1.31,1.35781976680846,"Exp2","mixed","IP",0,1.31283671826979,0.154329200142431,1.31217153860758,0.0793936757398362,0,0.454623522341665,0.0793936757398362,0.920606324260164,0.0793936757398362,0.0793936757398362,"all","linear"
"3410",9,0.542862864224572,0.573886247079827,"Exp2","mixed","IP",0,0.601075509376271,0.105673205595223,0.601074280565201,0.337275068552988,0,0.827449439090143,0.337275068552988,0.662724931447012,0.337275068552988,0.337275068552988,"all","linear"
"3411",9,1.31,1.07794236468908,"Exp2","mixed","IP",0,1.31283671826979,0.154329200142431,1.31249358510665,0.0793936757398362,0,0.445390118184557,0.0793936757398362,0.920606324260164,0.0793936757398362,0.0793936757398362,"all","linear"
"3412",9,0.663061306494331,0.630002612436328,"Exp2","mixed","IP",0,0.685865397853467,0.108121169845953,0.685327764825934,0.426558292507883,0,0.812132569377204,0.426558292507883,0.573441707492117,0.426558292507883,0.426558292507883,"all","linear"
"3413",9,1.954332247557,1.67793210154832,"Exp2","mixed","IP",0,1.85748694594964,0.196450431282422,1.85652765207257,0.157884343139793,0,0.208642412618142,0.157884343139793,0.842115656860207,0.157884343139793,0.157884343139793,"all","linear"
"3414",9,0.599959465297448,0.725981327303998,"Exp2","mixed","IP",0,0.644159125671259,0.106867579320789,0.644027289204557,0.380980268106505,0,0.823718832314906,0.380980268106505,0.619019731893495,0.380980268106505,0.380980268106505,"all","linear"
"3415",9,1.60005476290647,1.42192552069901,"Exp2","mixed","IP",0,1.5710880443492,0.173416670992414,1.57162102903408,0.112976230010326,0,0.339192495418167,0.112976230010326,0.887023769989674,0.112976230010326,0.112976230010326,"all","linear"
"3416",9,1.44778166151097,1.33380215152738,"Exp2","mixed","IP",0,1.43800628320544,0.163380285421892,1.43833791584863,0.0948951866393795,0,0.399934011082002,0.0948951866393795,0.90510481336062,0.0948951866393795,0.0948951866393795,"all","linear"
"3417",9,1.60005476290647,1.63004210997769,"Exp2","mixed","IP",0,1.5710880443492,0.173416670992414,1.57060816196891,0.112976230010326,0,0.334334270892395,0.112976230010326,0.887023769989674,0.112976230010326,0.112976230010326,"all","linear"
"3418",9,1.954332247557,1.82993885656197,"Exp2","mixed","IP",0,1.85748694594964,0.196450431282422,1.85727741905653,0.157884343139793,0,0.217376705487342,0.157884343139793,0.842115656860207,0.157884343139793,0.157884343139793,"all","linear"
"3419",9,1.44778166151097,1.6139246250068,"Exp2","mixed","IP",0,1.43800628320544,0.163380285421892,1.43916130447728,0.0948951866393795,0,0.391997134533618,0.0948951866393795,0.90510481336062,0.0948951866393795,0.0948951866393795,"all","linear"
"3420",9,0.599959465297448,0.533867462422677,"Exp2","mixed","IP",0,0.644159125671259,0.106867579320789,0.643553619220129,0.380980268106505,0,0.822374472913252,0.380980268106505,0.619019731893495,0.380980268106505,0.380980268106505,"all","linear"
"3421",9,0.663061306494331,0.653962069919544,"Exp2","mixed","IP",0,0.685865397853467,0.108121169845953,0.685265906293337,0.426558292507883,0,0.806638136054997,0.426558292507883,0.573441707492117,0.426558292507883,0.426558292507883,"all","linear"
"3422",9,0.542862864224572,0.733947390518551,"Exp2","mixed","IP",0,0.601075509376271,0.105673205595223,0.602126970002776,0.337275068552988,0,0.829567883602488,0.337275068552988,0.662724931447012,0.337275068552988,0.337275068552988,"all","linear"
"3423",9,1.76834346805288,1.70995994265013,"Exp2","mixed","IP",0,1.71130883066929,0.184445353874822,1.71252572997723,0.133896962880951,0,0.268970498828959,0.133896962880951,0.866103037119049,0.133896962880951,0.133896962880951,"all","linear"
"3424",9,0.7328,0.662028587511486,"Exp2","mixed","IP",0,0.725366838260827,0.109415638291733,0.725965196832184,0.473297696462906,0,0.795550550858316,0.473297696462906,0.526702303537094,0.473297696462906,0.473297696462906,"all","linear"
"3425",10,0.542862864224572,0.541891520539139,"Exp2","mixed","IP",0,0.615269752414243,0.103660075803018,0.615719054061738,0.604236353345354,0,0.850643958351402,0.604236353345354,0.395763646654646,0.604236353345354,0.604236353345354,"all","linear"
"3426",10,1.76834346805288,1.55785984078648,"Exp2","mixed","IP",0,1.72637496525254,0.244796294086979,1.72560685085282,0.178292845514073,0,-0.0115794887555267,0.178292845514073,0.821707154485927,0.178292845514073,0.178292845514073,"all","linear"
"3427",10,1.60005476290647,1.47627321579785,"Exp2","mixed","IP",0,1.58998920299774,0.228061642264616,1.58860340237693,0.152587986441998,0,0.0636453305905324,0.152587986441998,0.847412013558002,0.152587986441998,0.152587986441998,"all","linear"
"3428",10,0.4912,0.638003423493501,"Exp2","mixed","IP",0,0.586740087638327,0.102664785835487,0.587105630083795,0.557674534884816,0,0.853875939189236,0.557674534884816,0.442325465115184,0.557674534884816,0.557674534884816,"all","linear"
"3429",10,0.7328,0.589940474505056,"Exp2","mixed","IP",0,0.681895974208905,0.10638505019206,0.681561749172083,0.731071686564304,0,0.818935615096559,0.731071686564304,0.268928313435696,0.731071686564304,0.731071686564304,"all","linear"
"3430",10,0.542862864224572,0.70194761258972,"Exp2","mixed","IP",0,0.615269752414243,0.103660075803018,0.615801620804199,0.604236353345354,0,0.848053919870354,0.604236353345354,0.395763646654646,0.604236353345354,0.604236353345354,"all","linear"
"3431",10,1.954332247557,1.66173151700605,"Exp2","mixed","IP",0,1.86684054594205,0.262602708485985,1.86729325218646,0.207004105345791,0,-0.0790359947181784,0.207004105345791,0.792995894654209,0.207004105345791,0.207004105345791,"all","linear"
"3432",10,0.4912,0.853911782844079,"Exp2","mixed","IP",0,0.586740087638327,0.102664785835487,0.586921471484407,0.557674534884816,0,0.859750525425002,0.557674534884816,0.442325465115184,0.557674534884816,0.557674534884816,"all","linear"
"3433",10,0.599959465297448,0.62190355003986,"Exp2","mixed","IP",0,0.640788600469084,0.104621143480109,0.64056744527491,0.649070149187238,0,0.842649385891888,0.649070149187238,0.350929850812762,0.649070149187238,0.649070149187238,"all","linear"
"3434",10,1.31,1.65382464050708,"Exp2","mixed","IP",0,1.33482804847903,0.198062084958595,1.33511566191304,0.10987555546161,0,0.202852986858074,0.10987555546161,0.89012444453839,0.10987555546161,0.10987555546161,"all","linear"
"3435",10,0.663061306494331,0.709940325225034,"Exp2","mixed","IP",0,0.663034528623913,0.105533352094797,0.663693974025459,0.691520521683086,0,0.831626172209822,0.691520521683086,0.308479478316914,0.691520521683086,0.691520521683086,"all","linear"
"3436",10,0.599959465297448,0.725896205451136,"Exp2","mixed","IP",0,0.640788600469084,0.104621143480109,0.641188708584725,0.649070149187238,0,0.838893706558949,0.649070149187238,0.350929850812762,0.649070149187238,0.649070149187238,"all","linear"
"3437",10,1.44778166151097,1.34984156390965,"Exp2","mixed","IP",0,1.45911669734331,0.212469382436512,1.45904707259079,0.129826697981332,0,0.129125260250771,0.129826697981332,0.870173302018668,0.129826697981332,0.129826697981332,"all","linear"
"3438",10,0.7328,0.610822913522497,"Exp2","mixed","IP",0,0.681895974208905,0.10638505019206,0.68271362134344,0.731071686564304,0,0.821506559359824,0.731071686564304,0.268928313435696,0.731071686564304,0.731071686564304,"all","linear"
"3439",10,1.31,1.37395467603164,"Exp2","mixed","IP",0,1.33482804847903,0.198062084958595,1.33484803565209,0.10987555546161,0,0.205651159153421,0.10987555546161,0.89012444453839,0.10987555546161,0.10987555546161,"all","linear"
"3440",10,1.31,0.997858982425896,"Exp2","mixed","IP",0,1.33482804847903,0.198062084958595,1.33407935710267,0.10987555546161,0,0.203454719687636,0.10987555546161,0.89012444453839,0.10987555546161,0.10987555546161,"all","linear"
"3441",10,0.4912,0.806031080144749,"Exp2","mixed","IP",0,0.586740087638327,0.102664785835487,0.58761562682725,0.557674534884816,0,0.860241350744071,0.557674534884816,0.442325465115184,0.557674534884816,0.557674534884816,"all","linear"
"3442",10,0.599959465297448,0.573946030219304,"Exp2","mixed","IP",0,0.640788600469084,0.104621143480109,0.64087228055342,0.649070149187238,0,0.842374940491639,0.649070149187238,0.350929850812762,0.649070149187238,0.649070149187238,"all","linear"
"3443",10,0.663061306494331,0.773977814467798,"Exp2","mixed","IP",0,0.663034528623913,0.105533352094797,0.662618109040793,0.691520521683086,0,0.835856118882323,0.691520521683086,0.308479478316914,0.691520521683086,0.691520521683086,"all","linear"
"3444",10,1.60005476290647,1.2773576123127,"Exp2","mixed","IP",0,1.58998920299774,0.228061642264616,1.59096365083611,0.152587986441998,0,0.0621122428813374,0.152587986441998,0.847412013558002,0.152587986441998,0.152587986441998,"all","linear"
"3445",10,0.4912,0.701926775554966,"Exp2","mixed","IP",0,0.586740087638327,0.102664785835487,0.587002077698526,0.557674534884816,0,0.855323490821147,0.557674534884816,0.442325465115184,0.557674534884816,0.557674534884816,"all","linear"
"3446",10,0.663061306494331,0.780354879550941,"Exp2","mixed","IP",0,0.663034528623913,0.105533352094797,0.66285150625881,0.691520521683086,0,0.833378863014933,0.691520521683086,0.308479478316914,0.691520521683086,0.691520521683086,"all","linear"
"3447",10,1.954332247557,1.32585782799106,"Exp2","mixed","IP",0,1.86684054594205,0.262602708485985,1.86558638795114,0.207004105345791,0,-0.0827728164548124,0.207004105345791,0.792995894654209,0.207004105345791,0.207004105345791,"all","linear"
"3448",10,0.663061306494331,0.837886860508661,"Exp2","mixed","IP",0,0.663034528623913,0.105533352094797,0.663540456164338,0.691520521683086,0,0.831539775293791,0.691520521683086,0.308479478316914,0.691520521683086,0.691520521683086,"all","linear"
"3449",10,0.542862864224572,0.765972661813066,"Exp2","mixed","IP",0,0.615269752414243,0.103660075803018,0.614496323921527,0.604236353345354,0,0.84852068876747,0.604236353345354,0.395763646654646,0.604236353345354,0.604236353345354,"all","linear"
"3450",10,1.31,1.34192100338623,"Exp2","mixed","IP",0,1.33482804847903,0.198062084958595,1.33514224884836,0.10987555546161,0,0.201844680084686,0.10987555546161,0.89012444453839,0.10987555546161,0.10987555546161,"all","linear"
"3451",10,1.76834346805288,1.49391969469798,"Exp2","mixed","IP",0,1.72637496525254,0.244796294086979,1.72584794851012,0.178292845514073,0,-0.00882358637163158,0.178292845514073,0.821707154485927,0.178292845514073,0.178292845514073,"all","linear"
"3452",10,0.7328,0.813895038578266,"Exp2","mixed","IP",0,0.681895974208905,0.10638505019206,0.681351159343525,0.731071686564304,0,0.8269521875759,0.731071686564304,0.268928313435696,0.731071686564304,0.731071686564304,"all","linear"
"3453",10,1.60005476290647,1.34196329945371,"Exp2","mixed","IP",0,1.58998920299774,0.228061642264616,1.59084158560377,0.152587986441998,0,0.0618656491187348,0.152587986441998,0.847412013558002,0.152587986441998,0.152587986441998,"all","linear"
"3454",10,1.44778166151097,1.51785024953097,"Exp2","mixed","IP",0,1.45911669734331,0.212469382436512,1.46006535971394,0.129826697981332,0,0.138577585614992,0.129826697981332,0.870173302018668,0.129826697981332,0.129826697981332,"all","linear"
"3455",10,0.542862864224572,0.700275984947439,"Exp2","mixed","IP",0,0.615269752414243,0.103660075803018,0.615002567409696,0.604236353345354,0,0.852726231056648,0.604236353345354,0.395763646654646,0.604236353345354,0.604236353345354,"all","linear"
"3456",10,0.7328,0.757932677101053,"Exp2","mixed","IP",0,0.681895974208905,0.10638505019206,0.682209268254596,0.731071686564304,0,0.822351380834919,0.731071686564304,0.268928313435696,0.731071686564304,0.731071686564304,"all","linear"
"3457",10,1.60005476290647,1.5019192493437,"Exp2","mixed","IP",0,1.58998920299774,0.228061642264616,1.58957565787588,0.152587986441998,0,0.0577443291159706,0.152587986441998,0.847412013558002,0.152587986441998,0.152587986441998,"all","linear"
"3458",10,1.954332247557,1.27793700622897,"Exp2","mixed","IP",0,1.86684054594205,0.262602708485985,1.86915543629701,0.207004105345791,0,-0.0787144870262652,0.207004105345791,0.792995894654209,0.207004105345791,0.207004105345791,"all","linear"
"3459",10,1.44778166151097,1.44185603538426,"Exp2","mixed","IP",0,1.45911669734331,0.212469382436512,1.4568152039049,0.129826697981332,0,0.131919476927973,0.129826697981332,0.870173302018668,0.129826697981332,0.129826697981332,"all","linear"
"3460",10,1.76834346805288,1.47469768730662,"Exp2","mixed","IP",0,1.72637496525254,0.244796294086979,1.72542665302757,0.178292845514073,0,-0.0141236538204975,0.178292845514073,0.821707154485927,0.178292845514073,0.178292845514073,"all","linear"
"3461",10,1.60005476290647,0.909915507385449,"Exp2","mixed","IP",0,1.58998920299774,0.228061642264616,1.59100578674553,0.152587986441998,0,0.0575440575839377,0.152587986441998,0.847412013558002,0.152587986441998,0.152587986441998,"all","linear"
"3462",10,0.4912,0.517948836686628,"Exp2","mixed","IP",0,0.586740087638327,0.102664785835487,0.585852351158577,0.557674534884816,0,0.855544642218871,0.557674534884816,0.442325465115184,0.557674534884816,0.557674534884816,"all","linear"
"3463",10,0.663061306494331,0.773847816262787,"Exp2","mixed","IP",0,0.663034528623913,0.105533352094797,0.663370637596459,0.691520521683086,0,0.832659732584985,0.691520521683086,0.308479478316914,0.691520521683086,0.691520521683086,"all","linear"
"3464",10,0.7328,0.733957027196084,"Exp2","mixed","IP",0,0.681895974208905,0.10638505019206,0.68172022157419,0.731071686564304,0,0.82262460228636,0.731071686564304,0.268928313435696,0.731071686564304,0.731071686564304,"all","linear"
"3465",10,1.954332247557,1.39787279084521,"Exp2","mixed","IP",0,1.86684054594205,0.262602708485985,1.86862358542909,0.207004105345791,0,-0.0839876662806615,0.207004105345791,0.792995894654209,0.207004105345791,0.207004105345791,"all","linear"
"3466",10,1.31,1.50185020723438,"Exp2","mixed","IP",0,1.33482804847903,0.198062084958595,1.33545795441583,0.10987555546161,0,0.201262209477834,0.10987555546161,0.89012444453839,0.10987555546161,0.10987555546161,"all","linear"
"3467",10,1.954332247557,1.51789814360745,"Exp2","mixed","IP",0,1.86684054594205,0.262602708485985,1.86864991265231,0.207004105345791,0,-0.080388569399816,0.207004105345791,0.792995894654209,0.207004105345791,0.207004105345791,"all","linear"
"3468",10,0.4912,0.589980593567816,"Exp2","mixed","IP",0,0.586740087638327,0.102664785835487,0.586187221573018,0.557674534884816,0,0.860362572344867,0.557674534884816,0.442325465115184,0.557674534884816,0.557674534884816,"all","linear"
"3469",10,0.663061306494331,0.581922259829298,"Exp2","mixed","IP",0,0.663034528623913,0.105533352094797,0.663405868656115,0.691520521683086,0,0.833066105080483,0.691520521683086,0.308479478316914,0.691520521683086,0.691520521683086,"all","linear"
"3470",10,0.599959465297448,0.837904276537301,"Exp2","mixed","IP",0,0.640788600469084,0.104621143480109,0.640774166423994,0.649070149187238,0,0.837204761554839,0.649070149187238,0.350929850812762,0.649070149187238,0.649070149187238,"all","linear"
"3471",10,1.76834346805288,1.18989992004208,"Exp2","mixed","IP",0,1.72637496525254,0.244796294086979,1.72833426240492,0.178292845514073,0,-0.00400404821841376,0.178292845514073,0.821707154485927,0.178292845514073,0.178292845514073,"all","linear"
"3472",10,0.599959465297448,0.76409359684294,"Exp2","mixed","IP",0,0.640788600469084,0.104621143480109,0.641588263901937,0.649070149187238,0,0.841519317275581,0.649070149187238,0.350929850812762,0.649070149187238,0.649070149187238,"all","linear"
"3473",10,0.542862864224572,0.703548021119786,"Exp2","mixed","IP",0,0.615269752414243,0.103660075803018,0.615709249331724,0.604236353345354,0,0.847096662840737,0.604236353345354,0.395763646654646,0.604236353345354,0.604236353345354,"all","linear"
"3474",10,0.663061306494331,0.677926245611161,"Exp2","mixed","IP",0,0.663034528623913,0.105533352094797,0.663086249644808,0.691520521683086,0,0.828191155455115,0.691520521683086,0.308479478316914,0.691520521683086,0.691520521683086,"all","linear"
"3475",10,1.76834346805288,1.22133180673518,"Exp2","mixed","IP",0,1.72637496525254,0.244796294086979,1.72712390855872,0.178292845514073,0,-0.00410105553686332,0.178292845514073,0.821707154485927,0.178292845514073,0.178292845514073,"all","linear"
"3476",10,0.599959465297448,0.869931418170381,"Exp2","mixed","IP",0,0.640788600469084,0.104621143480109,0.641121980593381,0.649070149187238,0,0.837302515745661,0.649070149187238,0.350929850812762,0.649070149187238,0.649070149187238,"all","linear"
"3477",10,1.954332247557,0.958421632074533,"Exp2","mixed","IP",0,1.86684054594205,0.262602708485985,1.86701913732309,0.207004105345791,0,-0.078651215682992,0.207004105345791,0.792995894654209,0.207004105345791,0.207004105345791,"all","linear"
"3478",10,1.76834346805288,1.48586229395914,"Exp2","mixed","IP",0,1.72637496525254,0.244796294086979,1.72707861654063,0.178292845514073,0,-0.0120898632316316,0.178292845514073,0.821707154485927,0.178292845514073,0.178292845514073,"all","linear"
"3479",10,1.44778166151097,1.64585836291189,"Exp2","mixed","IP",0,1.45911669734331,0.212469382436512,1.46175152680499,0.129826697981332,0,0.128206061263182,0.129826697981332,0.870173302018668,0.129826697981332,0.129826697981332,"all","linear"
"3480",10,1.44778166151097,1.22988929626445,"Exp2","mixed","IP",0,1.45911669734331,0.212469382436512,1.45847784753966,0.129826697981332,0,0.131161845123609,0.129826697981332,0.870173302018668,0.129826697981332,0.129826697981332,"all","linear"
"3481",10,0.542862864224572,0.797964660392608,"Exp2","mixed","IP",0,0.615269752414243,0.103660075803018,0.614822708567245,0.604236353345354,0,0.845501872680563,0.604236353345354,0.395763646654646,0.604236353345354,0.604236353345354,"all","linear"
"3482",10,1.60005476290647,1.3338082445589,"Exp2","mixed","IP",0,1.58998920299774,0.228061642264616,1.59129859984384,0.152587986441998,0,0.0566443086605147,0.152587986441998,0.847412013558002,0.152587986441998,0.152587986441998,"all","linear"
"3483",10,0.7328,0.787644731075488,"Exp2","mixed","IP",0,0.681895974208905,0.10638505019206,0.682363031926046,0.731071686564304,0,0.815913656410064,0.731071686564304,0.268928313435696,0.731071686564304,0.731071686564304,"all","linear"
"3484",10,1.31,1.51786673255629,"Exp2","mixed","IP",0,1.33482804847903,0.198062084958595,1.3357774442777,0.10987555546161,0,0.20100095728136,0.10987555546161,0.89012444453839,0.10987555546161,0.10987555546161,"all","linear"
"3485",10,0.542862864224572,0.8859563405058,"Exp2","mixed","IP",0,0.615269752414243,0.103660075803018,0.615093976340716,0.604236353345354,0,0.853598375790132,0.604236353345354,0.395763646654646,0.604236353345354,0.604236353345354,"all","linear"
"3486",10,1.76834346805288,1.17389614573949,"Exp2","mixed","IP",0,1.72637496525254,0.244796294086979,1.72513313936324,0.178292845514073,0,-0.0131489122887742,0.178292845514073,0.821707154485927,0.178292845514073,0.178292845514073,"all","linear"
"3487",10,0.542862864224572,0.87800094792874,"Exp2","mixed","IP",0,0.615269752414243,0.103660075803018,0.615860293030841,0.604236353345354,0,0.849394927925401,0.604236353345354,0.395763646654646,0.604236353345354,0.604236353345354,"all","linear"
"3488",10,1.44778166151097,1.61386263232635,"Exp2","mixed","IP",0,1.45911669734331,0.212469382436512,1.45750668376241,0.129826697981332,0,0.127784392667466,0.129826697981332,0.870173302018668,0.129826697981332,0.129826697981332,"all","linear"
"3489",10,0.4912,0.477919341401503,"Exp2","mixed","IP",0,0.586740087638327,0.102664785835487,0.586816274321639,0.557674534884816,0,0.856654972007612,0.557674534884816,0.442325465115184,0.557674534884816,0.557674534884816,"all","linear"
"3490",10,0.599959465297448,0.717913133830734,"Exp2","mixed","IP",0,0.640788600469084,0.104621143480109,0.640643773689382,0.649070149187238,0,0.839261123666625,0.649070149187238,0.350929850812762,0.649070149187238,0.649070149187238,"all","linear"
"3491",10,1.954332247557,1.84873673466245,"Exp2","mixed","IP",0,1.86684054594205,0.262602708485985,1.87014510685939,0.207004105345791,0,-0.0752403175052034,0.207004105345791,0.792995894654209,0.207004105345791,0.207004105345791,"all","linear"
"3492",10,1.31,1.45384448233744,"Exp2","mixed","IP",0,1.33482804847903,0.198062084958595,1.33613022512739,0.10987555546161,0,0.201870198037433,0.10987555546161,0.89012444453839,0.10987555546161,0.10987555546161,"all","linear"
"3493",10,1.60005476290647,1.6409538851567,"Exp2","mixed","IP",0,1.58998920299774,0.228061642264616,1.59151206269051,0.152587986441998,0,0.0601435312108795,0.152587986441998,0.847412013558002,0.152587986441998,0.152587986441998,"all","linear"
"3494",10,1.60005476290647,1.51787046456229,"Exp2","mixed","IP",0,1.58998920299774,0.228061642264616,1.58978671820946,0.152587986441998,0,0.0622410833513516,0.152587986441998,0.847412013558002,0.152587986441998,0.152587986441998,"all","linear"
"3495",10,1.31,1.04595147645887,"Exp2","mixed","IP",0,1.33482804847903,0.198062084958595,1.33365028168983,0.10987555546161,0,0.203014071679181,0.10987555546161,0.89012444453839,0.10987555546161,0.10987555546161,"all","linear"
"3496",10,0.4912,0.789938670703123,"Exp2","mixed","IP",0,0.586740087638327,0.102664785835487,0.585994624577244,0.557674534884816,0,0.859231397091832,0.557674534884816,0.442325465115184,0.557674534884816,0.557674534884816,"all","linear"
"3497",10,1.76834346805288,1.27789875316739,"Exp2","mixed","IP",0,1.72637496525254,0.244796294086979,1.72421465881615,0.178292845514073,0,-0.0099159294801784,0.178292845514073,0.821707154485927,0.178292845514073,0.178292845514073,"all","linear"
"3498",10,0.599959465297448,0.653966767731617,"Exp2","mixed","IP",0,0.640788600469084,0.104621143480109,0.641120739584266,0.649070149187238,0,0.84028112051434,0.649070149187238,0.350929850812762,0.649070149187238,0.649070149187238,"all","linear"
"3499",10,0.7328,0.725957161548649,"Exp2","mixed","IP",0,0.681895974208905,0.10638505019206,0.682160882812076,0.731071686564304,0,0.82807009609678,0.731071686564304,0.268928313435696,0.731071686564304,0.731071686564304,"all","linear"
"3500",10,1.954332247557,1.69385755679832,"Exp2","mixed","IP",0,1.86684054594205,0.262602708485985,1.86682992255591,0.207004105345791,0,-0.0798205402791321,0.207004105345791,0.792995894654209,0.207004105345791,0.207004105345791,"all","linear"
"3501",10,0.7328,0.781929786040564,"Exp2","mixed","IP",0,0.681895974208905,0.10638505019206,0.682135078317209,0.731071686564304,0,0.825987456449039,0.731071686564304,0.268928313435696,0.731071686564304,0.731071686564304,"all","linear"
"3502",10,1.954332247557,1.12585714378838,"Exp2","mixed","IP",0,1.86684054594205,0.262602708485985,1.86764838918865,0.207004105345791,0,-0.0808558341190253,0.207004105345791,0.792995894654209,0.207004105345791,0.207004105345791,"all","linear"
"3503",10,1.76834346805288,1.06988887330408,"Exp2","mixed","IP",0,1.72637496525254,0.244796294086979,1.72819439066069,0.178292845514073,0,-0.0102556978444904,0.178292845514073,0.821707154485927,0.178292845514073,0.178292845514073,"all","linear"
"3504",10,1.60005476290647,1.31783805831219,"Exp2","mixed","IP",0,1.58998920299774,0.228061642264616,1.59070886392761,0.152587986441998,0,0.0601649502407544,0.152587986441998,0.847412013558002,0.152587986441998,0.152587986441998,"all","linear"
"3505",10,1.76834346805288,1.77381453921043,"Exp2","mixed","IP",0,1.72637496525254,0.244796294086979,1.72461365055608,0.178292845514073,0,-0.00290637211443309,0.178292845514073,0.821707154485927,0.178292845514073,0.178292845514073,"all","linear"
"3506",10,0.599959465297448,0.718007055978887,"Exp2","mixed","IP",0,0.640788600469084,0.104621143480109,0.640400631612112,0.649070149187238,0,0.839248187198617,0.649070149187238,0.350929850812762,0.649070149187238,0.649070149187238,"all","linear"
"3507",10,1.31,1.12590348286358,"Exp2","mixed","IP",0,1.33482804847903,0.198062084958595,1.33712264698321,0.10987555546161,0,0.204253880092658,0.10987555546161,0.89012444453839,0.10987555546161,0.10987555546161,"all","linear"
"3508",10,0.663061306494331,0.565932169549342,"Exp2","mixed","IP",0,0.663034528623913,0.105533352094797,0.662121739961147,0.691520521683086,0,0.838111108448227,0.691520521683086,0.308479478316914,0.691520521683086,0.691520521683086,"all","linear"
"3509",10,0.542862864224572,0.621944602104122,"Exp2","mixed","IP",0,0.615269752414243,0.103660075803018,0.614974611569888,0.604236353345354,0,0.843361655568423,0.604236353345354,0.395763646654646,0.604236353345354,0.604236353345354,"all","linear"
"3510",10,1.954332247557,1.58184326570517,"Exp2","mixed","IP",0,1.86684054594205,0.262602708485985,1.86505721019535,0.207004105345791,0,-0.0743671445710784,0.207004105345791,0.792995894654209,0.207004105345791,0.207004105345791,"all","linear"
"3511",10,1.31,1.13385918644053,"Exp2","mixed","IP",0,1.33482804847903,0.198062084958595,1.33523985204865,0.10987555546161,0,0.205304481294301,0.10987555546161,0.89012444453839,0.10987555546161,0.10987555546161,"all","linear"
"3512",10,1.44778166151097,1.00587253209414,"Exp2","mixed","IP",0,1.45911669734331,0.212469382436512,1.45995970636378,0.129826697981332,0,0.129528931043036,0.129826697981332,0.870173302018668,0.129826697981332,0.129826697981332,"all","linear"
"3513",10,0.4912,0.613970238497132,"Exp2","mixed","IP",0,0.586740087638327,0.102664785835487,0.587353764218146,0.557674534884816,0,0.866501606023047,0.557674534884816,0.442325465115184,0.557674534884816,0.557674534884816,"all","linear"
"3514",10,0.663061306494331,0.605946736812257,"Exp2","mixed","IP",0,0.663034528623913,0.105533352094797,0.66331087792192,0.691520521683086,0,0.832031236995906,0.691520521683086,0.308479478316914,0.691520521683086,0.691520521683086,"all","linear"
"3515",10,1.44778166151097,1.30187875707998,"Exp2","mixed","IP",0,1.45911669734331,0.212469382436512,1.45945650457368,0.129826697981332,0,0.129604969017635,0.129826697981332,0.870173302018668,0.129826697981332,0.129826697981332,"all","linear"
"3516",10,0.542862864224572,0.621911325051769,"Exp2","mixed","IP",0,0.615269752414243,0.103660075803018,0.615546544589648,0.604236353345354,0,0.847340127694046,0.604236353345354,0.395763646654646,0.604236353345354,0.604236353345354,"all","linear"
"3517",10,0.4912,0.629929228727633,"Exp2","mixed","IP",0,0.586740087638327,0.102664785835487,0.586119229911807,0.557674534884816,0,0.86135135630292,0.557674534884816,0.442325465115184,0.557674534884816,0.557674534884816,"all","linear"
"3518",10,1.60005476290647,1.30182650899769,"Exp2","mixed","IP",0,1.58998920299774,0.228061642264616,1.58980584818648,0.152587986441998,0,0.0607416283365339,0.152587986441998,0.847412013558002,0.152587986441998,0.152587986441998,"all","linear"
"3519",10,0.7328,0.773930542392918,"Exp2","mixed","IP",0,0.681895974208905,0.10638505019206,0.681289167473988,0.731071686564304,0,0.82450028723414,0.731071686564304,0.268928313435696,0.731071686564304,0.731071686564304,"all","linear"
"3520",10,1.76834346805288,1.70188292448802,"Exp2","mixed","IP",0,1.72637496525254,0.244796294086979,1.72640389709521,0.178292845514073,0,-0.0147806164150241,0.178292845514073,0.821707154485927,0.178292845514073,0.178292845514073,"all","linear"
"3521",10,1.60005476290647,1.8058199108109,"Exp2","mixed","IP",0,1.58998920299774,0.228061642264616,1.58900564340921,0.152587986441998,0,0.0620337237240266,0.152587986441998,0.847412013558002,0.152587986441998,0.152587986441998,"all","linear"
"3522",10,0.599959465297448,0.773918102375319,"Exp2","mixed","IP",0,0.640788600469084,0.104621143480109,0.640633782107693,0.649070149187238,0,0.845034044125262,0.649070149187238,0.350929850812762,0.649070149187238,0.649070149187238,"all","linear"
"3523",10,1.954332247557,1.46987780168638,"Exp2","mixed","IP",0,1.86684054594205,0.262602708485985,1.86536166464609,0.207004105345791,0,-0.0821371773518075,0.207004105345791,0.792995894654209,0.207004105345791,0.207004105345791,"all","linear"
"3524",10,0.599959465297448,1.00593100018705,"Exp2","mixed","IP",0,0.640788600469084,0.104621143480109,0.641279241419466,0.649070149187238,0,0.837779335504647,0.649070149187238,0.350929850812762,0.649070149187238,0.649070149187238,"all","linear"
"3525",10,0.4912,0.702281627116463,"Exp2","mixed","IP",0,0.586740087638327,0.102664785835487,0.587382061029008,0.557674534884816,0,0.863599023650049,0.557674534884816,0.442325465115184,0.557674534884816,0.557674534884816,"all","linear"
"3526",10,1.31,1.25388920420846,"Exp2","mixed","IP",0,1.33482804847903,0.198062084958595,1.33508589799318,0.10987555546161,0,0.198120097304688,0.10987555546161,0.89012444453839,0.10987555546161,0.10987555546161,"all","linear"
"3527",10,0.4912,0.613926698428259,"Exp2","mixed","IP",0,0.586740087638327,0.102664785835487,0.586501669191484,0.557674534884816,0,0.856915760524525,0.557674534884816,0.442325465115184,0.557674534884816,0.557674534884816,"all","linear"
"3528",10,0.663061306494331,0.597875963052502,"Exp2","mixed","IP",0,0.663034528623913,0.105533352094797,0.663226455964714,0.691520521683086,0,0.831037365709059,0.691520521683086,0.308479478316914,0.691520521683086,0.691520521683086,"all","linear"
"3529",10,0.663061306494331,0.693889900849172,"Exp2","mixed","IP",0,0.663034528623913,0.105533352094797,0.663441130318108,0.691520521683086,0,0.830858137211047,0.691520521683086,0.308479478316914,0.691520521683086,0.691520521683086,"all","linear"
"3530",10,0.542862864224572,0.709911402180296,"Exp2","mixed","IP",0,0.615269752414243,0.103660075803018,0.615366107374163,0.604236353345354,0,0.853810741601846,0.604236353345354,0.395763646654646,0.604236353345354,0.604236353345354,"all","linear"
"3531",10,1.44778166151097,1.5898459303553,"Exp2","mixed","IP",0,1.45911669734331,0.212469382436512,1.45921113979121,0.129826697981332,0,0.129110775951588,0.129826697981332,0.870173302018668,0.129826697981332,0.129826697981332,"all","linear"
"3532",10,1.31,1.54984193711061,"Exp2","mixed","IP",0,1.33482804847903,0.198062084958595,1.33525055922175,0.10987555546161,0,0.204453456883567,0.10987555546161,0.89012444453839,0.10987555546161,0.10987555546161,"all","linear"
"3533",10,1.31,0.877839227674485,"Exp2","mixed","IP",0,1.33482804847903,0.198062084958595,1.33582620246034,0.10987555546161,0,0.201507127270245,0.10987555546161,0.89012444453839,0.10987555546161,0.10987555546161,"all","linear"
"3534",10,0.599959465297448,0.67791753759775,"Exp2","mixed","IP",0,0.640788600469084,0.104621143480109,0.641004196203802,0.649070149187238,0,0.841305997274009,0.649070149187238,0.350929850812762,0.649070149187238,0.649070149187238,"all","linear"
"3535",10,0.7328,0.525913559278706,"Exp2","mixed","IP",0,0.681895974208905,0.10638505019206,0.681705618266232,0.731071686564304,0,0.821402884836464,0.731071686564304,0.268928313435696,0.731071686564304,0.731071686564304,"all","linear"
"3536",10,0.7328,0.517904985617861,"Exp2","mixed","IP",0,0.681895974208905,0.10638505019206,0.682301147846221,0.731071686564304,0,0.820733864563224,0.731071686564304,0.268928313435696,0.731071686564304,0.731071686564304,"all","linear"
"3537",10,0.599959465297448,0.621897952030849,"Exp2","mixed","IP",0,0.640788600469084,0.104621143480109,0.640792377030423,0.649070149187238,0,0.842170193683561,0.649070149187238,0.350929850812762,0.649070149187238,0.649070149187238,"all","linear"
"3538",10,0.663061306494331,0.70992819620551,"Exp2","mixed","IP",0,0.663034528623913,0.105533352094797,0.662104544744943,0.691520521683086,0,0.830531821181235,0.691520521683086,0.308479478316914,0.691520521683086,0.691520521683086,"all","linear"
"3539",10,1.954332247557,0.877941235834442,"Exp2","mixed","IP",0,1.86684054594205,0.262602708485985,1.866264049982,0.207004105345791,0,-0.077632015282376,0.207004105345791,0.792995894654209,0.207004105345791,0.207004105345791,"all","linear"
"3540",10,1.76834346805288,1.58989164742889,"Exp2","mixed","IP",0,1.72637496525254,0.244796294086979,1.72817660848267,0.178292845514073,0,-0.013577929244085,0.178292845514073,0.821707154485927,0.178292845514073,0.178292845514073,"all","linear"
"3541",10,1.60005476290647,1.21391351200691,"Exp2","mixed","IP",0,1.58998920299774,0.228061642264616,1.58889339463975,0.152587986441998,0,0.0572075721857756,0.152587986441998,0.847412013558002,0.152587986441998,0.152587986441998,"all","linear"
"3542",10,1.76834346805288,1.53383256479901,"Exp2","mixed","IP",0,1.72637496525254,0.244796294086979,1.72683647560001,0.178292845514073,0,-0.00949101440348292,0.178292845514073,0.821707154485927,0.178292845514073,0.178292845514073,"all","linear"
"3543",10,0.7328,0.772055520430513,"Exp2","mixed","IP",0,0.681895974208905,0.10638505019206,0.68089559305681,0.731071686564304,0,0.82665185943067,0.731071686564304,0.268928313435696,0.731071686564304,0.731071686564304,"all","linear"
"3544",10,0.542862864224572,0.597880939059905,"Exp2","mixed","IP",0,0.615269752414243,0.103660075803018,0.615561411586258,0.604236353345354,0,0.851287508743338,0.604236353345354,0.395763646654646,0.604236353345354,0.604236353345354,"all","linear"
"3545",10,0.663061306494331,0.81382755147024,"Exp2","mixed","IP",0,0.663034528623913,0.105533352094797,0.663116905057433,0.691520521683086,0,0.829960640445256,0.691520521683086,0.308479478316914,0.691520521683086,0.691520521683086,"all","linear"
"3546",10,1.954332247557,1.45383266431963,"Exp2","mixed","IP",0,1.86684054594205,0.262602708485985,1.86621461462411,0.207004105345791,0,-0.0786820604454064,0.207004105345791,0.792995894654209,0.207004105345791,0.207004105345791,"all","linear"
"3547",10,0.599959465297448,0.637893018318209,"Exp2","mixed","IP",0,0.640788600469084,0.104621143480109,0.640560167996393,0.649070149187238,0,0.839943779841598,0.649070149187238,0.350929850812762,0.649070149187238,0.649070149187238,"all","linear"
"3548",10,0.542862864224572,0.725937568517111,"Exp2","mixed","IP",0,0.615269752414243,0.103660075803018,0.615129538691716,0.604236353345354,0,0.842251360956285,0.604236353345354,0.395763646654646,0.604236353345354,0.604236353345354,"all","linear"
"3549",10,0.542862864224572,0.773900375346784,"Exp2","mixed","IP",0,0.615269752414243,0.103660075803018,0.615168115048945,0.604236353345354,0,0.846443955563552,0.604236353345354,0.395763646654646,0.604236353345354,0.604236353345354,"all","linear"
"3550",10,1.76834346805288,1.30188404408727,"Exp2","mixed","IP",0,1.72637496525254,0.244796294086979,1.7248388849011,0.178292845514073,0,-0.00941093083350067,0.178292845514073,0.821707154485927,0.178292845514073,0.178292845514073,"all","linear"
"3551",10,0.4912,0.885924929456451,"Exp2","mixed","IP",0,0.586740087638327,0.102664785835487,0.587713243872033,0.557674534884816,0,0.85816679611064,0.557674534884816,0.442325465115184,0.557674534884816,0.557674534884816,"all","linear"
"3552",10,1.60005476290647,1.53395323298901,"Exp2","mixed","IP",0,1.58998920299774,0.228061642264616,1.59038686180728,0.152587986441998,0,0.0587997758513105,0.152587986441998,0.847412013558002,0.152587986441998,0.152587986441998,"all","linear"
"3553",10,1.44778166151097,1.54986526214816,"Exp2","mixed","IP",0,1.45911669734331,0.212469382436512,1.46046863763115,0.129826697981332,0,0.125619760960318,0.129826697981332,0.870173302018668,0.129826697981332,0.129826697981332,"all","linear"
"3554",10,1.60005476290647,1.7578468409647,"Exp2","mixed","IP",0,1.58998920299774,0.228061642264616,1.58933686691884,0.152587986441998,0,0.0567711275414063,0.152587986441998,0.847412013558002,0.152587986441998,0.152587986441998,"all","linear"
"3555",10,1.31,1.46989739471792,"Exp2","mixed","IP",0,1.33482804847903,0.198062084958595,1.33397325081306,0.10987555546161,0,0.204536459987639,0.10987555546161,0.89012444453839,0.10987555546161,0.10987555546161,"all","linear"
"3556",10,0.4912,0.52593284131035,"Exp2","mixed","IP",0,0.586740087638327,0.102664785835487,0.58737131579439,0.557674534884816,0,0.860428990076184,0.557674534884816,0.442325465115184,0.557674534884816,0.557674534884816,"all","linear"
"3557",10,0.663061306494331,0.661943930343114,"Exp2","mixed","IP",0,0.663034528623913,0.105533352094797,0.663440292319666,0.691520521683086,0,0.823088078954823,0.691520521683086,0.308479478316914,0.691520521683086,0.691520521683086,"all","linear"
"3558",11,1.76834346805288,1.71782698669404,"Exp2","mixed","IP",0,1.64214893425201,0.274378594850581,1.64055865538598,0.340402222146533,0,-0.122761067975953,0.340402222146533,0.659597777853467,0.340402222146533,0.340402222146533,"all","linear"
"3559",11,0.7328,0.773941427411046,"Exp2","mixed","IP",0,0.592300709632275,0.0615374969100147,0.592448440370436,0.842688650257541,0,1.37286501495601,0.842688650257541,0.157311349742459,0.842688650257541,0.842688650257541,"all","linear"
"3560",11,1.31,0.877921020803115,"Exp2","mixed","IP",0,1.33063810950914,0.221667483003066,1.3310023986789,0.225249888739252,0,0.0884098349728511,0.225249888739252,0.774750111260748,0.225249888739252,0.225249888739252,"all","linear"
"3561",11,0.599959465297448,0.893871925020903,"Exp2","mixed","IP",0,0.573447778247973,0.059675093805387,0.573385489107027,0.783045116584737,0,1.40437911710266,0.783045116584737,0.216954883415263,0.783045116584737,0.783045116584737,"all","linear"
"3562",11,1.60005476290647,0.989908254854527,"Exp2","mixed","IP",0,1.53996071552604,0.256475052873768,1.53992094542432,0.298998706865693,0,-0.0572489801697366,0.298998706865693,0.701001293134307,0.298998706865693,0.298998706865693,"all","linear"
"3563",11,0.542862864224572,0.58991994847338,"Exp2","mixed","IP",0,0.560252885585478,0.0585465154226213,0.559961623317388,0.747732771944768,0,1.42349099961777,0.747732771944768,0.252267228055232,0.747732771944768,0.747732771944768,"all","linear"
"3564",11,0.663061306494331,0.757974662167726,"Exp2","mixed","IP",0,0.584056987190053,0.0606698498519647,0.583732614960737,0.814689539950682,0,1.38415896828413,0.814689539950682,0.185310460049318,0.814689539950682,0.814689539950682,"all","linear"
"3565",11,1.76834346805288,1.5418324304469,"Exp2","mixed","IP",0,1.64214893425201,0.274378594850581,1.64248058941697,0.340402222146533,0,-0.131922595201148,0.340402222146533,0.659597777853467,0.340402222146533,0.340402222146533,"all","linear"
"3566",11,1.954332247557,1.42193583189055,"Exp2","mixed","IP",0,1.73981984931568,0.292355233152153,1.74213119321274,0.384251552878276,0,-0.197140474066641,0.384251552878276,0.615748447121724,0.384251552878276,0.384251552878276,"all","linear"
"3567",11,0.4912,0.53385588983565,"Exp2","mixed","IP",0,0.544322696380247,0.0572809362022687,0.544318564996151,0.708877365740942,0,1.4406278994612,0.708877365740942,0.291122634259058,0.708877365740942,0.708877365740942,"all","linear"
"3568",11,0.542862864224572,0.661910653290761,"Exp2","mixed","IP",0,0.560252885585478,0.0585465154226213,0.560755314194017,0.747732771944768,0,1.42236585397205,0.747732771944768,0.252267228055232,0.747732771944768,0.747732771944768,"all","linear"
"3569",11,1.60005476290647,1.19785655662099,"Exp2","mixed","IP",0,1.53996071552604,0.256475052873768,1.54035453993591,0.298998706865693,0,-0.0559392435240043,0.298998706865693,0.701001293134307,0.298998706865693,0.298998706865693,"all","linear"
"3570",11,1.954332247557,1.22988711926155,"Exp2","mixed","IP",0,1.73981984931568,0.292355233152153,1.73828723870961,0.384251552878276,0,-0.183394479209951,0.384251552878276,0.615748447121724,0.384251552878276,0.384251552878276,"all","linear"
"3571",11,1.44778166151097,1.19787179564491,"Exp2","mixed","IP",0,1.43544007787473,0.238844904243795,1.43465113822767,0.260508308248622,0,0.0155800765872821,0.260508308248622,0.739491691751378,0.260508308248622,0.260508308248622,"all","linear"
"3572",11,0.663061306494331,0.933902664310153,"Exp2","mixed","IP",0,0.584056987190053,0.0606698498519647,0.58360154179653,0.814689539950682,0,1.38525345489529,0.814689539950682,0.185310460049318,0.814689539950682,0.814689539950682,"all","linear"
"3573",11,1.31,1.06983289321579,"Exp2","mixed","IP",0,1.33063810950914,0.221667483003066,1.33198339124372,0.225249888739252,0,0.0929739097121026,0.225249888739252,0.774750111260748,0.225249888739252,0.225249888739252,"all","linear"
"3574",11,0.663061306494331,1.05391868705556,"Exp2","mixed","IP",0,0.584056987190053,0.0606698498519647,0.583819978802944,0.814689539950682,0,1.38101121560334,0.814689539950682,0.185310460049318,0.814689539950682,0.814689539950682,"all","linear"
"3575",11,1.44778166151097,1.19791440271229,"Exp2","mixed","IP",0,1.43544007787473,0.238844904243795,1.434550408381,0.260508308248622,0,0.0190441884590344,0.260508308248622,0.739491691751378,0.260508308248622,0.260508308248622,"all","linear"
"3576",11,1.60005476290647,1.41388060815507,"Exp2","mixed","IP",0,1.53996071552604,0.256475052873768,1.54084805945012,0.298998706865693,0,-0.0572759699281622,0.298998706865693,0.701001293134307,0.298998706865693,0.298998706865693,"all","linear"
"3577",11,0.4912,0.605994630886926,"Exp2","mixed","IP",0,0.544322696380247,0.0572809362022687,0.544044545920143,0.708877365740942,0,1.44405617183575,0.708877365740942,0.291122634259058,0.708877365740942,0.708877365740942,"all","linear"
"3578",11,1.31,1.18989618803562,"Exp2","mixed","IP",0,1.33063810950914,0.221667483003066,1.33018297540733,0.225249888739252,0,0.08551911441419,0.225249888739252,0.774750111260748,0.225249888739252,0.225249888739252,"all","linear"
"3579",11,1.31,1.4298573254141,"Exp2","mixed","IP",0,1.33063810950914,0.221667483003066,1.33022392785897,0.225249888739252,0,0.0890022608170462,0.225249888739252,0.774750111260748,0.225249888739252,0.225249888739252,"all","linear"
"3580",11,0.7328,1.02193415248757,"Exp2","mixed","IP",0,0.592300709632275,0.0615374969100147,0.592290608471287,0.842688650257541,0,1.3741734946194,0.842688650257541,0.157311349742459,0.842688650257541,0.842688650257541,"all","linear"
"3581",11,0.663061306494331,0.82193657829157,"Exp2","mixed","IP",0,0.584056987190053,0.0606698498519647,0.584340481100004,0.814689539950682,0,1.38338355505539,0.814689539950682,0.185310460049318,0.814689539950682,0.814689539950682,"all","linear"
"3582",11,0.542862864224572,0.629912434701055,"Exp2","mixed","IP",0,0.560252885585478,0.0585465154226213,0.560025393449321,0.747732771944768,0,1.41809141589752,0.747732771944768,0.252267228055232,0.747732771944768,0.747732771944768,"all","linear"
"3583",11,0.542862864224572,0.73390353511104,"Exp2","mixed","IP",0,0.560252885585478,0.0585465154226213,0.559970893522189,0.747732771944768,0,1.42452979204738,0.747732771944768,0.252267228055232,0.747732771944768,0.747732771944768,"all","linear"
"3584",11,0.7328,0.981896260187568,"Exp2","mixed","IP",0,0.592300709632275,0.0615374969100147,0.592816980199125,0.842688650257541,0,1.37123956999727,0.842688650257541,0.157311349742459,0.842688650257541,0.842688650257541,"all","linear"
"3585",11,0.4912,0.741927658797067,"Exp2","mixed","IP",0,0.544322696380247,0.0572809362022687,0.544644650524804,0.708877365740942,0,1.43876206729128,0.708877365740942,0.291122634259058,0.708877365740942,0.708877365740942,"all","linear"
"3586",11,0.7328,0.789893575631595,"Exp2","mixed","IP",0,0.592300709632275,0.0615374969100147,0.59271326249717,0.842688650257541,0,1.37333163360686,0.842688650257541,0.157311349742459,0.842688650257541,0.842688650257541,"all","linear"
"3587",11,0.599959465297448,0.773906595356038,"Exp2","mixed","IP",0,0.573447778247973,0.059675093805387,0.573442225838549,0.783045116584737,0,1.40115544223914,0.783045116584737,0.216954883415263,0.783045116584737,0.783045116584737,"all","linear"
"3588",11,1.954332247557,0.957860898187846,"Exp2","mixed","IP",0,1.73981984931568,0.292355233152153,1.7391507093237,0.384251552878276,0,-0.19259986870996,0.384251552878276,0.615748447121724,0.384251552878276,0.384251552878276,"all","linear"
"3589",11,1.76834346805288,1.63780313917641,"Exp2","mixed","IP",0,1.64214893425201,0.274378594850581,1.63997362554612,0.340402222146533,0,-0.123690820575927,0.340402222146533,0.659597777853467,0.340402222146533,0.340402222146533,"all","linear"
"3590",11,1.954332247557,1.74182969364256,"Exp2","mixed","IP",0,1.73981984931568,0.292355233152153,1.74008963870779,0.384251552878276,0,-0.185890057979072,0.384251552878276,0.615748447121724,0.384251552878276,0.384251552878276,"all","linear"
"3591",11,0.599959465297448,0.461914634096956,"Exp2","mixed","IP",0,0.573447778247973,0.059675093805387,0.573967434795343,0.783045116584737,0,1.40289697747492,0.783045116584737,0.216954883415263,0.783045116584737,0.783045116584737,"all","linear"
"3592",11,0.7328,0.669968054029596,"Exp2","mixed","IP",0,0.592300709632275,0.0615374969100147,0.592471523463282,0.842688650257541,0,1.37110499221042,0.842688650257541,0.157311349742459,0.842688650257541,0.842688650257541,"all","linear"
"3593",11,0.542862864224572,0.789888910624086,"Exp2","mixed","IP",0,0.560252885585478,0.0585465154226213,0.560823940213743,0.747732771944768,0,1.4154927018812,0.747732771944768,0.252267228055232,0.747732771944768,0.747732771944768,"all","linear"
"3594",11,0.4912,0.549910357217868,"Exp2","mixed","IP",0,0.544322696380247,0.0572809362022687,0.544124307496148,0.708877365740942,0,1.44271178190943,0.708877365740942,0.291122634259058,0.708877365740942,0.708877365740942,"all","linear"
"3595",11,0.599959465297448,0.645944821048488,"Exp2","mixed","IP",0,0.573447778247973,0.059675093805387,0.573471573567288,0.783045116584737,0,1.40236645032549,0.783045116584737,0.216954883415263,0.783045116584737,0.783045116584737,"all","linear"
"3596",11,1.76834346805288,1.46988588769909,"Exp2","mixed","IP",0,1.64214893425201,0.274378594850581,1.64280303087185,0.340402222146533,0,-0.123613983439856,0.340402222146533,0.659597777853467,0.340402222146533,0.340402222146533,"all","linear"
"3597",11,1.76834346805288,1.21392035401777,"Exp2","mixed","IP",0,1.64214893425201,0.274378594850581,1.64157587356059,0.340402222146533,0,-0.124697740171732,0.340402222146533,0.659597777853467,0.340402222146533,0.340402222146533,"all","linear"
"3598",11,0.7328,0.82990658789231,"Exp2","mixed","IP",0,0.592300709632275,0.0615374969100147,0.592287560197598,0.842688650257541,0,1.37234368219837,0.842688650257541,0.157311349742459,0.842688650257541,0.842688650257541,"all","linear"
"3599",11,1.954332247557,1.1818782843593,"Exp2","mixed","IP",0,1.73981984931568,0.292355233152153,1.73663715740319,0.384251552878276,0,-0.188694487784514,0.384251552878276,0.615748447121724,0.384251552878276,0.384251552878276,"all","linear"
"3600",11,1.60005476290647,0.973896394540134,"Exp2","mixed","IP",0,1.53996071552604,0.256475052873768,1.54163442768561,0.298998706865693,0,-0.0556361011685392,0.298998706865693,0.701001293134307,0.298998706865693,0.298998706865693,"all","linear"
"3601",11,1.44778166151097,1.26187414183278,"Exp2","mixed","IP",0,1.43544007787473,0.238844904243795,1.43432186633896,0.260508308248622,0,0.0145494560462689,0.260508308248622,0.739491691751378,0.260508308248622,0.260508308248622,"all","linear"
"3602",11,0.663061306494331,0.742001676914242,"Exp2","mixed","IP",0,0.584056987190053,0.0606698498519647,0.583584307344071,0.814689539950682,0,1.38457782546836,0.814689539950682,0.185310460049318,0.814689539950682,0.814689539950682,"all","linear"
"3603",11,0.542862864224572,0.798000114447859,"Exp2","mixed","IP",0,0.560252885585478,0.0585465154226213,0.560486316452523,0.747732771944768,0,1.41815463926365,0.747732771944768,0.252267228055232,0.747732771944768,0.747732771944768,"all","linear"
"3604",11,0.663061306494331,0.846026365377384,"Exp2","mixed","IP",0,0.584056987190053,0.0606698498519647,0.58407139687595,0.814689539950682,0,1.38904368369596,0.814689539950682,0.185310460049318,0.814689539950682,0.814689539950682,"all","linear"
"3605",11,0.7328,0.797928584334841,"Exp2","mixed","IP",0,0.592300709632275,0.0615374969100147,0.592444934705667,0.842688650257541,0,1.36850997889263,0.842688650257541,0.157311349742459,0.842688650257541,0.842688650257541,"all","linear"
"3606",11,1.60005476290647,1.26981211838302,"Exp2","mixed","IP",0,1.53996071552604,0.256475052873768,1.54233039886653,0.298998706865693,0,-0.0587251539062542,0.298998706865693,0.701001293134307,0.298998706865693,0.298998706865693,"all","linear"
"3607",11,1.60005476290647,1.47790037037021,"Exp2","mixed","IP",0,1.53996071552604,0.256475052873768,1.53926358750292,0.298998706865693,0,-0.0498122127211908,0.298998706865693,0.701001293134307,0.298998706865693,0.298998706865693,"all","linear"
"3608",11,0.7328,0.709990085304071,"Exp2","mixed","IP",0,0.592300709632275,0.0615374969100147,0.592512551695754,0.842688650257541,0,1.37416248666062,0.842688650257541,0.157311349742459,0.842688650257541,0.842688650257541,"all","linear"
"3609",11,0.663061306494331,0.941886979933315,"Exp2","mixed","IP",0,0.584056987190053,0.0606698498519647,0.584081721339224,0.814689539950682,0,1.37966911902324,0.814689539950682,0.185310460049318,0.814689539950682,0.814689539950682,"all","linear"
"3610",11,0.4912,0.581947139868589,"Exp2","mixed","IP",0,0.544322696380247,0.0572809362022687,0.544155485819683,0.708877365740942,0,1.44291822308568,0.708877365740942,0.291122634259058,0.708877365740942,0.708877365740942,"all","linear"
"3611",11,1.76834346805288,1.33387853067143,"Exp2","mixed","IP",0,1.64214893425201,0.274378594850581,1.64286300109936,0.340402222146533,0,-0.119012433416203,0.340402222146533,0.659597777853467,0.340402222146533,0.340402222146533,"all","linear"
"3612",11,0.599959465297448,0.853916447851589,"Exp2","mixed","IP",0,0.573447778247973,0.059675093805387,0.572691036765188,0.783045116584737,0,1.3982122342895,0.783045116584737,0.216954883415263,0.783045116584737,0.783045116584737,"all","linear"
"3613",11,1.31,1.26192048090616,"Exp2","mixed","IP",0,1.33063810950914,0.221667483003066,1.32937083632476,0.225249888739252,0,0.090417137831598,0.225249888739252,0.774750111260748,0.225249888739252,0.225249888739252,"all","linear"
"3614",11,1.76834346805288,1.11783924011343,"Exp2","mixed","IP",0,1.64214893425201,0.274378594850581,1.64322770518484,0.340402222146533,0,-0.129753281463215,0.340402222146533,0.659597777853467,0.340402222146533,0.340402222146533,"all","linear"
"3615",11,0.4912,0.549913156222374,"Exp2","mixed","IP",0,0.544322696380247,0.0572809362022687,0.543790416255732,0.708877365740942,0,1.44055947068783,0.708877365740942,0.291122634259058,0.708877365740942,0.708877365740942,"all","linear"
"3616",11,1.31,1.10985616849212,"Exp2","mixed","IP",0,1.33063810950914,0.221667483003066,1.33047929817228,0.225249888739252,0,0.0908188401729838,0.225249888739252,0.774750111260748,0.225249888739252,0.225249888739252,"all","linear"
"3617",11,1.44778166151097,1.27787449512971,"Exp2","mixed","IP",0,1.43544007787473,0.238844904243795,1.43535961552775,0.260508308248622,0,0.0145697112933772,0.260508308248622,0.739491691751378,0.260508308248622,0.260508308248622,"all","linear"
"3618",11,0.599959465297448,0.709939081223638,"Exp2","mixed","IP",0,0.573447778247973,0.059675093805387,0.57388461814958,0.783045116584737,0,1.39899717381595,0.783045116584737,0.216954883415263,0.783045116584737,0.783045116584737,"all","linear"
"3619",11,1.31,1.08563856020464,"Exp2","mixed","IP",0,1.33063810950914,0.221667483003066,1.33066113077952,0.225249888739252,0,0.095847838551057,0.225249888739252,0.774750111260748,0.225249888739252,0.225249888739252,"all","linear"
"3620",11,1.44778166151097,1.13390334851101,"Exp2","mixed","IP",0,1.43544007787473,0.238844904243795,1.43505212579728,0.260508308248622,0,0.0214709013147644,0.260508308248622,0.739491691751378,0.260508308248622,0.260508308248622,"all","linear"
"3621",11,1.31,1.56587401245633,"Exp2","mixed","IP",0,1.33063810950914,0.221667483003066,1.32990398483745,0.225249888739252,0,0.0906024003473477,0.225249888739252,0.774750111260748,0.225249888739252,0.225249888739252,"all","linear"
"3622",11,1.954332247557,1.45382209030322,"Exp2","mixed","IP",0,1.73981984931568,0.292355233152153,1.73913826226438,0.384251552878276,0,-0.188691190909409,0.384251552878276,0.615748447121724,0.384251552878276,0.384251552878276,"all","linear"
"3623",11,1.954332247557,1.75785865898433,"Exp2","mixed","IP",0,1.73981984931568,0.292355233152153,1.73853928793569,0.384251552878276,0,-0.187780673161611,0.384251552878276,0.615748447121724,0.384251552878276,0.384251552878276,"all","linear"
"3624",11,0.4912,0.565915686522203,"Exp2","mixed","IP",0,0.544322696380247,0.0572809362022687,0.544290924539802,0.708877365740942,0,1.44353136665711,0.708877365740942,0.291122634259058,0.708877365740942,0.708877365740942,"all","linear"
"3625",11,1.954332247557,1.43783822003206,"Exp2","mixed","IP",0,1.73981984931568,0.292355233152153,1.74021241429642,0.384251552878276,0,-0.184113780695998,0.384251552878276,0.615748447121724,0.384251552878276,0.384251552878276,"all","linear"
"3626",11,0.599959465297448,0.829979984008787,"Exp2","mixed","IP",0,0.573447778247973,0.059675093805387,0.573114278498392,0.783045116584737,0,1.40098391669158,0.783045116584737,0.216954883415263,0.783045116584737,0.783045116584737,"all","linear"
"3627",11,1.44778166151097,1.07791828399877,"Exp2","mixed","IP",0,1.43544007787473,0.238844904243795,1.434252819871,0.260508308248622,0,0.0101209363920686,0.260508308248622,0.739491691751378,0.260508308248622,0.260508308248622,"all","linear"
"3628",11,0.599959465297448,0.64586427192171,"Exp2","mixed","IP",0,0.573447778247973,0.059675093805387,0.57333012357986,0.783045116584737,0,1.40457656348737,0.783045116584737,0.216954883415263,0.783045116584737,0.783045116584737,"all","linear"
"3629",11,1.60005476290647,1.42984768439874,"Exp2","mixed","IP",0,1.53996071552604,0.256475052873768,1.54149926434377,0.298998706865693,0,-0.053488162107998,0.298998706865693,0.701001293134307,0.298998706865693,0.298998706865693,"all","linear"
"3630",11,0.599959465297448,0.725861373396583,"Exp2","mixed","IP",0,0.573447778247973,0.059675093805387,0.573773397965503,0.783045116584737,0,1.40486696232583,0.783045116584737,0.216954883415263,0.783045116584737,0.783045116584737,"all","linear"
"3631",11,0.4912,0.7578994000487,"Exp2","mixed","IP",0,0.544322696380247,0.0572809362022687,0.543948266276057,0.708877365740942,0,1.43835397116233,0.708877365740942,0.291122634259058,0.708877365740942,0.708877365740942,"all","linear"
"3632",11,0.599959465297448,0.766007182866815,"Exp2","mixed","IP",0,0.573447778247973,0.059675093805387,0.573616522773079,0.783045116584737,0,1.40427029190347,0.783045116584737,0.216954883415263,0.783045116584737,0.783045116584737,"all","linear"
"3633",11,0.4912,0.573927370189267,"Exp2","mixed","IP",0,0.544322696380247,0.0572809362022687,0.544617965951298,0.708877365740942,0,1.4387492160983,0.708877365740942,0.291122634259058,0.708877365740942,0.708877365740942,"all","linear"
"3634",11,1.76834346805288,1.58185321771998,"Exp2","mixed","IP",0,1.64214893425201,0.274378594850581,1.64349466374768,0.340402222146533,0,-0.127772181560603,0.340402222146533,0.659597777853467,0.340402222146533,0.340402222146533,"all","linear"
"3635",11,0.542862864224572,0.613911459404335,"Exp2","mixed","IP",0,0.560252885585478,0.0585465154226213,0.560548775689519,0.747732771944768,0,1.4201216260384,0.747732771944768,0.252267228055232,0.747732771944768,0.747732771944768,"all","linear"
"3636",11,0.663061306494331,0.645906567987367,"Exp2","mixed","IP",0,0.584056987190053,0.0606698498519647,0.584123280341527,0.814689539950682,0,1.3894613426905,0.814689539950682,0.185310460049318,0.814689539950682,0.814689539950682,"all","linear"
"3637",11,1.31,1.22190311463874,"Exp2","mixed","IP",0,1.33063810950914,0.221667483003066,1.33230100960962,0.225249888739252,0,0.0914340958806531,0.225249888739252,0.774750111260748,0.225249888739252,0.225249888739252,"all","linear"
"3638",11,1.76834346805288,1.54187783651923,"Exp2","mixed","IP",0,1.64214893425201,0.274378594850581,1.64235432400657,0.340402222146533,0,-0.120812317645555,0.340402222146533,0.659597777853467,0.340402222146533,0.340402222146533,"all","linear"
"3639",11,1.60005476290647,1.20600134849792,"Exp2","mixed","IP",0,1.53996071552604,0.256475052873768,1.54116079163225,0.298998706865693,0,-0.0557462543215434,0.298998706865693,0.701001293134307,0.298998706865693,0.298998706865693,"all","linear"
"3640",11,1.31,1.4938773986305,"Exp2","mixed","IP",0,1.33063810950914,0.221667483003066,1.32778016237849,0.225249888739252,0,0.0912232812339686,0.225249888739252,0.774750111260748,0.225249888739252,0.225249888739252,"all","linear"
"3641",11,1.76834346805288,1.41384048909185,"Exp2","mixed","IP",0,1.64214893425201,0.274378594850581,1.6425703198899,0.340402222146533,0,-0.12168273444297,0.340402222146533,0.659597777853467,0.340402222146533,0.340402222146533,"all","linear"
"3642",11,1.76834346805288,1.50990045496201,"Exp2","mixed","IP",0,1.64214893425201,0.274378594850581,1.64218048383763,0.340402222146533,0,-0.121281126766968,0.340402222146533,0.659597777853467,0.340402222146533,0.340402222146533,"all","linear"
"3643",11,0.4912,0.50191924934461,"Exp2","mixed","IP",0,0.544322696380247,0.0572809362022687,0.544710814286295,0.708877365740942,0,1.44477549860432,0.708877365740942,0.291122634259058,0.708877365740942,0.708877365740942,"all","linear"
"3644",11,0.542862864224572,0.630038700901423,"Exp2","mixed","IP",0,0.560252885585478,0.0585465154226213,0.560222981472008,0.747732771944768,0,1.41963057253014,0.747732771944768,0.252267228055232,0.747732771944768,0.747732771944768,"all","linear"
"3645",11,1.954332247557,1.77384532825999,"Exp2","mixed","IP",0,1.73981984931568,0.292355233152153,1.73943386138562,0.384251552878276,0,-0.186239337710372,0.384251552878276,0.615748447121724,0.384251552878276,0.384251552878276,"all","linear"
"3646",11,1.60005476290647,1.11790423921593,"Exp2","mixed","IP",0,1.53996071552604,0.256475052873768,1.54001630782663,0.298998706865693,0,-0.0556010290491156,0.298998706865693,0.701001293134307,0.298998706865693,0.298998706865693,"all","linear"
"3647",11,1.954332247557,1.14993138085174,"Exp2","mixed","IP",0,1.73981984931568,0.292355233152153,1.74059570853993,0.384251552878276,0,-0.188260833259503,0.384251552878276,0.615748447121724,0.384251552878276,0.384251552878276,"all","linear"
"3648",11,0.663061306494331,0.65395277270909,"Exp2","mixed","IP",0,0.584056987190053,0.0606698498519647,0.583987056354476,0.814689539950682,0,1.3866349325955,0.814689539950682,0.185310460049318,0.814689539950682,0.814689539950682,"all","linear"
"3649",11,0.7328,0.781943781062182,"Exp2","mixed","IP",0,0.592300709632275,0.0615374969100147,0.59267455866549,0.842688650257541,0,1.37040007420576,0.842688650257541,0.157311349742459,0.842688650257541,0.842688650257541,"all","linear"
"3650",11,1.44778166151097,1.05391651005175,"Exp2","mixed","IP",0,1.43544007787473,0.238844904243795,1.43669649420315,0.260508308248622,0,0.00960613808122975,0.260508308248622,0.739491691751378,0.260508308248622,0.260508308248622,"all","linear"
"3651",11,0.7328,0.685939795280319,"Exp2","mixed","IP",0,0.592300709632275,0.0615374969100147,0.59241777554704,0.842688650257541,0,1.37526035592933,0.842688650257541,0.157311349742459,0.842688650257541,0.842688650257541,"all","linear"
"3652",11,0.542862864224572,0.613914880408629,"Exp2","mixed","IP",0,0.560252885585478,0.0585465154226213,0.56054385630387,0.747732771944768,0,1.41801624853758,0.747732771944768,0.252267228055232,0.747732771944768,0.747732771944768,"all","linear"
"3653",11,0.663061306494331,0.637941534395395,"Exp2","mixed","IP",0,0.584056987190053,0.0606698498519647,0.584182339422986,0.814689539950682,0,1.38659184997033,0.814689539950682,0.185310460049318,0.814689539950682,0.814689539950682,"all","linear"
"3654",11,0.542862864224572,0.677923757607459,"Exp2","mixed","IP",0,0.560252885585478,0.0585465154226213,0.56006677229989,0.747732771944768,0,1.41927228401016,0.747732771944768,0.252267228055232,0.747732771944768,0.747732771944768,"all","linear"
"3655",11,1.44778166151097,1.35785977858632,"Exp2","mixed","IP",0,1.43544007787473,0.238844904243795,1.43656278642391,0.260508308248622,0,0.0147042180097702,0.260508308248622,0.739491691751378,0.260508308248622,0.260508308248622,"all","linear"
"3656",11,1.31,1.32586560300388,"Exp2","mixed","IP",0,1.33063810950914,0.221667483003066,1.33213357133756,0.225249888739252,0,0.0930875637146012,0.225249888739252,0.774750111260748,0.225249888739252,0.225249888739252,"all","linear"
"3657",11,1.44778166151097,1.30993211481291,"Exp2","mixed","IP",0,1.43544007787473,0.238844904243795,1.43610264722666,0.260508308248622,0,0.0103202523016893,0.260508308248622,0.739491691751378,0.260508308248622,0.260508308248622,"all","linear"
"3658",11,1.44778166151097,1.30183583901271,"Exp2","mixed","IP",0,1.43544007787473,0.238844904243795,1.43557946655222,0.260508308248622,0,0.0140015570025098,0.260508308248622,0.739491691751378,0.260508308248622,0.260508308248622,"all","linear"
"3659",11,1.60005476290647,1.19791937872014,"Exp2","mixed","IP",0,1.53996071552604,0.256475052873768,1.54045105468076,0.298998706865693,0,-0.0646029410521076,0.298998706865693,0.701001293134307,0.298998706865693,0.298998706865693,"all","linear"
"3660",11,1.31,1.22195411871871,"Exp2","mixed","IP",0,1.33063810950914,0.221667483003066,1.33028281889771,0.225249888739252,0,0.0873658187549885,0.225249888739252,0.774750111260748,0.225249888739252,0.225249888739252,"all","linear"
"3661",11,0.4912,0.597926345130873,"Exp2","mixed","IP",0,0.544322696380247,0.0572809362022687,0.544056816435243,0.708877365740942,0,1.4425325407834,0.708877365740942,0.291122634259058,0.708877365740942,0.708877365740942,"all","linear"
"3662",11,1.954332247557,1.38983529413963,"Exp2","mixed","IP",0,1.73981984931568,0.292355233152153,1.73886723992167,0.384251552878276,0,-0.187985875301531,0.384251552878276,0.615748447121724,0.384251552878276,0.384251552878276,"all","linear"
"3663",11,0.599959465297448,0.62194677910793,"Exp2","mixed","IP",0,0.573447778247973,0.059675093805387,0.573594695268026,0.783045116584737,0,1.40193530091618,0.783045116584737,0.216954883415263,0.783045116584737,0.783045116584737,"all","linear"
"3664",11,1.76834346805288,1.42189757882988,"Exp2","mixed","IP",0,1.64214893425201,0.274378594850581,1.64185181182734,0.340402222146533,0,-0.127567387923738,0.340402222146533,0.659597777853467,0.340402222146533,0.340402222146533,"all","linear"
"3665",11,0.663061306494331,0.72604299768318,"Exp2","mixed","IP",0,0.584056987190053,0.0606698498519647,0.584055501508403,0.814689539950682,0,1.38487683240687,0.814689539950682,0.185310460049318,0.814689539950682,0.814689539950682,"all","linear"
"3666",11,1.954332247557,1.33383094759665,"Exp2","mixed","IP",0,1.73981984931568,0.292355233152153,1.74055642326238,0.384251552878276,0,-0.185485807748673,0.384251552878276,0.615748447121724,0.384251552878276,0.384251552878276,"all","linear"
"3667",11,0.542862864224572,0.781905217002532,"Exp2","mixed","IP",0,0.560252885585478,0.0585465154226213,0.559902284176823,0.747732771944768,0,1.41729241071768,0.747732771944768,0.252267228055232,0.747732771944768,0.747732771944768,"all","linear"
"3668",11,0.542862864224572,0.573897203141314,"Exp2","mixed","IP",0,0.560252885585478,0.0585465154226213,0.560618786678859,0.747732771944768,0,1.41826277156194,0.747732771944768,0.252267228055232,0.747732771944768,0.747732771944768,"all","linear"
"3669",11,0.4912,0.661902567278048,"Exp2","mixed","IP",0,0.544322696380247,0.0572809362022687,0.544329202074738,0.708877365740942,0,1.44390065977696,0.708877365740942,0.291122634259058,0.708877365740942,0.708877365740942,"all","linear"
"3670",11,0.663061306494331,0.685901853220457,"Exp2","mixed","IP",0,0.584056987190053,0.0606698498519647,0.583749736703713,0.814689539950682,0,1.38242382252878,0.814689539950682,0.185310460049318,0.814689539950682,0.814689539950682,"all","linear"
"3671",11,0.542862864224572,0.57393545620107,"Exp2","mixed","IP",0,0.560252885585478,0.0585465154226213,0.55974782580995,0.747732771944768,0,1.42348376107525,0.747732771944768,0.252267228055232,0.747732771944768,0.747732771944768,"all","linear"
"3672",11,0.663061306494331,0.653961791723304,"Exp2","mixed","IP",0,0.584056987190053,0.0606698498519647,0.584135072136044,0.814689539950682,0,1.38736157761186,0.814689539950682,0.185310460049318,0.814689539950682,0.814689539950682,"all","linear"
"3673",11,1.60005476290647,1.41389273717414,"Exp2","mixed","IP",0,1.53996071552604,0.256475052873768,1.54035864929932,0.298998706865693,0,-0.0600359516862196,0.298998706865693,0.701001293134307,0.298998706865693,0.298998706865693,"all","linear"
"3674",11,0.7328,0.973910700562556,"Exp2","mixed","IP",0,0.592300709632275,0.0615374969100147,0.592366725865424,0.842688650257541,0,1.37454931369807,0.842688650257541,0.157311349742459,0.842688650257541,0.842688650257541,"all","linear"
"3675",11,1.31,1.30186165205305,"Exp2","mixed","IP",0,1.33063810950914,0.221667483003066,1.33141558427119,0.225249888739252,0,0.0929017302673783,0.225249888739252,0.774750111260748,0.225249888739252,0.225249888739252,"all","linear"
"3676",11,1.31,1.00590923015261,"Exp2","mixed","IP",0,1.33063810950914,0.221667483003066,1.33072654799838,0.225249888739252,0,0.0929307360802388,0.225249888739252,0.774750111260748,0.225249888739252,0.225249888739252,"all","linear"
"3677",11,1.60005476290647,1.19795016776879,"Exp2","mixed","IP",0,1.53996071552604,0.256475052873768,1.54132380182646,0.298998706865693,0,-0.0588021441939329,0.298998706865693,0.701001293134307,0.298998706865693,0.298998706865693,"all","linear"
"3678",11,1.60005476290647,1.0699622694201,"Exp2","mixed","IP",0,1.53996071552604,0.256475052873768,1.53956984582461,0.298998706865693,0,-0.0511145315915378,0.298998706865693,0.701001293134307,0.298998706865693,0.298998706865693,"all","linear"
"3679",11,1.954332247557,1.36593304035068,"Exp2","mixed","IP",0,1.73981984931568,0.292355233152153,1.74204276578609,0.384251552878276,0,-0.189973664082555,0.384251552878276,0.615748447121724,0.384251552878276,0.384251552878276,"all","linear"
"3680",11,0.7328,1.04596080647389,"Exp2","mixed","IP",0,0.592300709632275,0.0615374969100147,0.592299699958611,0.842688650257541,0,1.37085436521329,0.842688650257541,0.157311349742459,0.842688650257541,0.842688650257541,"all","linear"
"3681",11,1.44778166151097,0.82188619621229,"Exp2","mixed","IP",0,1.43544007787473,0.238844904243795,1.43496240087161,0.260508308248622,0,0.016054003615804,0.260508308248622,0.739491691751378,0.260508308248622,0.260508308248622,"all","linear"
"3682",11,1.44778166151097,1.10195862200635,"Exp2","mixed","IP",0,1.43544007787473,0.238844904243795,1.43453387056065,0.260508308248622,0,0.0124920236231271,0.260508308248622,0.739491691751378,0.260508308248622,0.260508308248622,"all","linear"
"3683",11,1.954332247557,1.3499305100504,"Exp2","mixed","IP",0,1.73981984931568,0.292355233152153,1.74060966164035,0.384251552878276,0,-0.186664271933015,0.384251552878276,0.615748447121724,0.384251552878276,0.384251552878276,"all","linear"
"3684",11,0.599959465297448,0.805979765063967,"Exp2","mixed","IP",0,0.573447778247973,0.059675093805387,0.573442585697103,0.783045116584737,0,1.40151341142826,0.783045116584737,0.216954883415263,0.783045116584737,0.783045116584737,"all","linear"
"3685",11,1.76834346805288,1.38191255661332,"Exp2","mixed","IP",0,1.64214893425201,0.274378594850581,1.64123437070884,0.340402222146533,0,-0.120001527930651,0.340402222146533,0.659597777853467,0.340402222146533,0.340402222146533,"all","linear"
"3686",11,1.60005476290647,1.44589188876489,"Exp2","mixed","IP",0,1.53996071552604,0.256475052873768,1.54111304296204,0.298998706865693,0,-0.0517577602357986,0.298998706865693,0.701001293134307,0.298998706865693,0.298998706865693,"all","linear"
"3687",11,1.76834346805288,1.53390627191584,"Exp2","mixed","IP",0,1.64214893425201,0.274378594850581,1.64202523692584,0.340402222146533,0,-0.124798613524669,0.340402222146533,0.659597777853467,0.340402222146533,0.340402222146533,"all","linear"
"3688",11,0.663061306494331,0.597964598191538,"Exp2","mixed","IP",0,0.584056987190053,0.0606698498519647,0.584272232650431,0.814689539950682,0,1.38308551554032,0.814689539950682,0.185310460049318,0.814689539950682,0.814689539950682,"all","linear"
"3689",11,0.599959465297448,0.821927248276552,"Exp2","mixed","IP",0,0.573447778247973,0.059675093805387,0.573457230566606,0.783045116584737,0,1.4037771191936,0.783045116584737,0.216954883415263,0.783045116584737,0.783045116584737,"all","linear"
"3690",11,0.599959465297448,0.501950971393853,"Exp2","mixed","IP",0,0.573447778247973,0.059675093805387,0.573771808613046,0.783045116584737,0,1.40218192362452,0.783045116584737,0.216954883415263,0.783045116584737,0.783045116584737,"all","linear"
"3691",11,1.44778166151097,0.837944395600061,"Exp2","mixed","IP",0,1.43544007787473,0.238844904243795,1.43558825045754,0.260508308248622,0,0.0135709108266454,0.260508308248622,0.739491691751378,0.260508308248622,0.260508308248622,"all","linear"
"3692",11,0.7328,0.837872865486133,"Exp2","mixed","IP",0,0.592300709632275,0.0615374969100147,0.59201469649091,0.842688650257541,0,1.37432569852012,0.842688650257541,0.157311349742459,0.842688650257541,0.842688650257541,"all","linear"
"3693",11,0.4912,0.669869466873024,"Exp2","mixed","IP",0,0.544322696380247,0.0572809362022687,0.544354530487377,0.708877365740942,0,1.43831042470503,0.708877365740942,0.291122634259058,0.708877365740942,0.708877365740942,"all","linear"
"3694",11,1.44778166151097,0.97388426552061,"Exp2","mixed","IP",0,1.43544007787473,0.238844904243795,1.43603924675919,0.260508308248622,0,0.0207354016966412,0.260508308248622,0.739491691751378,0.260508308248622,0.260508308248622,"all","linear"
"3695",11,0.7328,1.0458500902987,"Exp2","mixed","IP",0,0.592300709632275,0.0615374969100147,0.592492841655887,0.842688650257541,0,1.37283051996546,0.842688650257541,0.157311349742459,0.842688650257541,0.842688650257541,"all","linear"
"3696",11,0.4912,0.613889378369095,"Exp2","mixed","IP",0,0.544322696380247,0.0572809362022687,0.544686607186678,0.708877365740942,0,1.43956071776952,0.708877365740942,0.291122634259058,0.708877365740942,0.708877365740942,"all","linear"
"3697",12,0.542862864224572,0.709897741797249,"Exp2","mixed","IP",0,0.595203085578392,0.0701449019656912,0.595191754572522,0.648739388867098,0,1.23957743982718,0.648739388867098,0.351260611132902,0.648739388867098,0.648739388867098,"all","linear"
"3698",12,1.954332247557,1.55773237461108,"Exp2","mixed","IP",0,1.72566395651107,0.243872545391328,1.72595002288252,0.369696174403653,0,-0.00959328143562993,0.369696174403653,0.630303825596347,0.369696174403653,0.369696174403653,"all","linear"
"3699",12,1.31,1.19792749868611,"Exp2","mixed","IP",0,1.31670849484949,0.186281880633853,1.31804028896701,0.213281018029447,0,0.265574524566363,0.213281018029447,0.786718981970553,0.213281018029447,0.213281018029447,"all","linear"
"3700",12,1.954332247557,1.82987354566467,"Exp2","mixed","IP",0,1.72566395651107,0.243872545391328,1.72534704329602,0.369696174403653,0,-0.00348316441060914,0.369696174403653,0.630303825596347,0.369696174403653,0.369696174403653,"all","linear"
"3701",12,0.7328,0.717972967509922,"Exp2","mixed","IP",0,0.648862668329246,0.0736185248459934,0.648763565432905,0.768859940536797,0,1.19681631487926,0.768859940536797,0.231140059463203,0.768859940536797,0.768859940536797,"all","linear"
"3702",12,1.44778166151097,1.20590320303199,"Exp2","mixed","IP",0,1.42114916817005,0.200148347756098,1.421897935779,0.247593846064774,0,0.192916364466567,0.247593846064774,0.752406153935226,0.247593846064774,0.247593846064774,"all","linear"
"3703",12,0.4912,0.581836449076945,"Exp2","mixed","IP",0,0.570982363082368,0.0687864150277797,0.570723538682728,0.602997139870249,0,1.26187132726965,0.602997139870249,0.397002860129751,0.602997139870249,0.602997139870249,"all","linear"
"3704",12,1.31,1.33387896958084,"Exp2","mixed","IP",0,1.31670849484949,0.186281880633853,1.3170155221218,0.213281018029447,0,0.260033180015734,0.213281018029447,0.786718981970553,0.213281018029447,0.213281018029447,"all","linear"
"3705",12,0.7328,0.853885251864995,"Exp2","mixed","IP",0,0.648862668329246,0.0736185248459934,0.649361418434963,0.768859940536797,0,1.19180290950671,0.768859940536797,0.231140059463203,0.768859940536797,0.768859940536797,"all","linear"
"3706",12,1.954332247557,1.62988909587875,"Exp2","mixed","IP",0,1.72566395651107,0.243872545391328,1.72561870045017,0.369696174403653,0,-0.0067514183827804,0.369696174403653,0.630303825596347,0.369696174403653,0.369696174403653,"all","linear"
"3707",12,1.44778166151097,1.54987982795137,"Exp2","mixed","IP",0,1.42114916817005,0.200148347756098,1.4218062124596,0.247593846064774,0,0.190528548016215,0.247593846064774,0.752406153935226,0.247593846064774,0.247593846064774,"all","linear"
"3708",12,0.7328,0.773875983939433,"Exp2","mixed","IP",0,0.648862668329246,0.0736185248459934,0.649059630678542,0.768859940536797,0,1.19215065704905,0.768859940536797,0.231140059463203,0.768859940536797,0.768859940536797,"all","linear"
"3709",12,1.44778166151097,1.47797813018042,"Exp2","mixed","IP",0,1.42114916817005,0.200148347756098,1.42024116096974,0.247593846064774,0,0.192671176681736,0.247593846064774,0.752406153935226,0.247593846064774,0.247593846064774,"all","linear"
"3710",12,1.76834346805288,1.82990060303746,"Exp2","mixed","IP",0,1.6277870509647,0.229104598627165,1.62674938526608,0.326144551727264,0,0.0560646893080107,0.326144551727264,0.673855448272736,0.326144551727264,0.326144551727264,"all","linear"
"3711",12,0.599959465297448,0.773884070049462,"Exp2","mixed","IP",0,0.61629970112295,0.0714099822579957,0.616483295122322,0.691961786239379,0,1.22466094198407,0.691961786239379,0.308038213760621,0.691961786239379,0.691961786239379,"all","linear"
"3712",12,0.599959465297448,0.685970939761319,"Exp2","mixed","IP",0,0.61629970112295,0.0714099822579957,0.616186994009168,0.691961786239379,0,1.21791243637661,0.691961786239379,0.308038213760621,0.691961786239379,0.691961786239379,"all","linear"
"3713",12,0.542862864224572,0.589948062288386,"Exp2","mixed","IP",0,0.595203085578392,0.0701449019656912,0.595701876737703,0.648739388867098,0,1.23764844613089,0.648739388867098,0.351260611132902,0.648739388867098,0.648739388867098,"all","linear"
"3714",12,1.31,1.21396412254762,"Exp2","mixed","IP",0,1.31670849484949,0.186281880633853,1.31744868959091,0.213281018029447,0,0.264796082127678,0.213281018029447,0.786718981970553,0.213281018029447,0.213281018029447,"all","linear"
"3715",12,1.954332247557,1.82994321062142,"Exp2","mixed","IP",0,1.72566395651107,0.243872545391328,1.72630677463465,0.369696174403653,0,-0.00347534771135398,0.369696174403653,0.630303825596347,0.369696174403653,0.369696174403653,"all","linear"
"3716",12,0.542862864224572,0.701806654868051,"Exp2","mixed","IP",0,0.595203085578392,0.0701449019656912,0.59530401815141,0.648739388867098,0,1.23352658725322,0.648739388867098,0.351260611132902,0.648739388867098,0.648739388867098,"all","linear"
"3717",12,0.4912,0.557871704520949,"Exp2","mixed","IP",0,0.570982363082368,0.0687864150277797,0.570744365920242,0.602997139870249,0,1.2605202998013,0.602997139870249,0.397002860129751,0.602997139870249,0.602997139870249,"all","linear"
"3718",12,1.44778166151097,1.30987939254737,"Exp2","mixed","IP",0,1.42114916817005,0.200148347756098,1.42157559920138,0.247593846064774,0,0.189957054015359,0.247593846064774,0.752406153935226,0.247593846064774,0.247593846064774,"all","linear"
"3719",12,1.60005476290647,1.81394577329593,"Exp2","mixed","IP",0,1.52553390345035,0.214472838675955,1.52543972147206,0.285303043593043,0,0.126761479869839,0.285303043593043,0.714696956406957,0.285303043593043,0.285303043593043,"all","linear"
"3720",12,0.663061306494331,0.693882888235748,"Exp2","mixed","IP",0,0.634172640165323,0.0725700122924956,0.63457364655409,0.732123857508275,0,1.201691830945,0.732123857508275,0.267876142491725,0.732123857508275,0.732123857508275,"all","linear"
"3721",12,1.60005476290647,1.39786934088806,"Exp2","mixed","IP",0,1.52553390345035,0.214472838675955,1.52583163024541,0.285303043593043,0,0.114061722934138,0.285303043593043,0.714696956406957,0.285303043593043,0.285303043593043,"all","linear"
"3722",12,0.4912,0.557878235609678,"Exp2","mixed","IP",0,0.570982363082368,0.0687864150277797,0.571004180206003,0.602997139870249,0,1.25041905329821,0.602997139870249,0.397002860129751,0.602997139870249,0.602997139870249,"all","linear"
"3723",12,1.60005476290647,1.14989289013101,"Exp2","mixed","IP",0,1.52553390345035,0.214472838675955,1.52710621803838,0.285303043593043,0,0.126613283657181,0.285303043593043,0.714696956406957,0.285303043593043,0.285303043593043,"all","linear"
"3724",12,1.76834346805288,1.46990663651923,"Exp2","mixed","IP",0,1.6277870509647,0.229104598627165,1.62855777245456,0.326144551727264,0,0.0641111016832074,0.326144551727264,0.673855448272736,0.326144551727264,0.326144551727264,"all","linear"
"3725",12,0.663061306494331,0.757852111253669,"Exp2","mixed","IP",0,0.634172640165323,0.0725700122924956,0.634532394498927,0.732123857508275,0,1.20656122763511,0.732123857508275,0.267876142491725,0.732123857508275,0.732123857508275,"all","linear"
"3726",12,1.31,1.07785590550338,"Exp2","mixed","IP",0,1.31670849484949,0.186281880633853,1.31741954966504,0.213281018029447,0,0.263692107923103,0.213281018029447,0.786718981970553,0.213281018029447,0.213281018029447,"all","linear"
"3727",12,0.663061306494331,0.629946631666826,"Exp2","mixed","IP",0,0.634172640165323,0.0725700122924956,0.63383910821259,0.732123857508275,0,1.20221177750848,0.732123857508275,0.267876142491725,0.732123857508275,0.732123857508275,"all","linear"
"3728",12,1.76834346805288,1.69380980223286,"Exp2","mixed","IP",0,1.6277870509647,0.229104598627165,1.62950715114381,0.326144551727264,0,0.0609178603111373,0.326144551727264,0.673855448272736,0.326144551727264,0.326144551727264,"all","linear"
"3729",12,0.663061306494331,0.677882029862303,"Exp2","mixed","IP",0,0.634172640165323,0.0725700122924956,0.63384884390542,0.732123857508275,0,1.20442343201453,0.732123857508275,0.267876142491725,0.732123857508275,0.732123857508275,"all","linear"
"3730",12,0.7328,0.877925570459411,"Exp2","mixed","IP",0,0.648862668329246,0.0736185248459934,0.648824668511321,0.768859940536797,0,1.19596754475857,0.768859940536797,0.231140059463203,0.768859940536797,0.768859940536797,"all","linear"
"3731",12,0.599959465297448,0.621962841210916,"Exp2","mixed","IP",0,0.61629970112295,0.0714099822579957,0.615971764530749,0.691961786239379,0,1.21599234559003,0.691961786239379,0.308038213760621,0.691961786239379,0.691961786239379,"all","linear"
"3732",12,0.663061306494331,0.829900292032107,"Exp2","mixed","IP",0,0.634172640165323,0.0725700122924956,0.633808156535584,0.732123857508275,0,1.20850468837382,0.732123857508275,0.267876142491725,0.732123857508275,0.732123857508275,"all","linear"
"3733",12,0.7328,0.933849424176515,"Exp2","mixed","IP",0,0.648862668329246,0.0736185248459934,0.648850738006215,0.768859940536797,0,1.19322410073644,0.768859940536797,0.231140059463203,0.768859940536797,0.768859940536797,"all","linear"
"3734",12,0.663061306494331,0.685912159955478,"Exp2","mixed","IP",0,0.634172640165323,0.0725700122924956,0.633798362574929,0.732123857508275,0,1.20472450544887,0.732123857508275,0.267876142491725,0.732123857508275,0.732123857508275,"all","linear"
"3735",12,1.60005476290647,1.40593492546759,"Exp2","mixed","IP",0,1.52553390345035,0.214472838675955,1.52637660498645,0.285303043593043,0,0.128568097935657,0.285303043593043,0.714696956406957,0.285303043593043,0.285303043593043,"all","linear"
"3736",12,1.44778166151097,1.32595613595731,"Exp2","mixed","IP",0,1.42114916817005,0.200148347756098,1.4216975950869,0.247593846064774,0,0.189345845898968,0.247593846064774,0.752406153935226,0.247593846064774,0.247593846064774,"all","linear"
"3737",12,0.4912,0.597896087254412,"Exp2","mixed","IP",0,0.570982363082368,0.0687864150277797,0.570069150402067,0.602997139870249,0,1.26497462449639,0.602997139870249,0.397002860129751,0.602997139870249,0.602997139870249,"all","linear"
"3738",12,0.542862864224572,0.621944802962389,"Exp2","mixed","IP",0,0.595203085578392,0.0701449019656912,0.594682424351802,0.648739388867098,0,1.24019108454949,0.648739388867098,0.351260611132902,0.648739388867098,0.648739388867098,"all","linear"
"3739",12,1.31,1.16592018386655,"Exp2","mixed","IP",0,1.31670849484949,0.186281880633853,1.31648822483966,0.213281018029447,0,0.262425470505907,0.213281018029447,0.786718981970553,0.213281018029447,0.213281018029447,"all","linear"
"3740",12,0.7328,0.637948771376614,"Exp2","mixed","IP",0,0.648862668329246,0.0736185248459934,0.64906030064112,0.768859940536797,0,1.18775751576192,0.768859940536797,0.231140059463203,0.768859940536797,0.768859940536797,"all","linear"
"3741",12,1.44778166151097,1.36593573407845,"Exp2","mixed","IP",0,1.42114916817005,0.200148347756098,1.42154328039567,0.247593846064774,0,0.191836864387083,0.247593846064774,0.752406153935226,0.247593846064774,0.247593846064774,"all","linear"
"3742",12,1.954332247557,1.88595290151352,"Exp2","mixed","IP",0,1.72566395651107,0.243872545391328,1.72642097776381,0.369696174403653,0,-0.002676707786577,0.369696174403653,0.630303825596347,0.369696174403653,0.369696174403653,"all","linear"
"3743",12,0.542862864224572,0.702035865011567,"Exp2","mixed","IP",0,0.595203085578392,0.0701449019656912,0.595463127550381,0.648739388867098,0,1.23815585255714,0.648739388867098,0.351260611132902,0.648739388867098,0.648739388867098,"all","linear"
"3744",12,0.663061306494331,0.685993643073743,"Exp2","mixed","IP",0,0.634172640165323,0.0725700122924956,0.634342433623294,0.732123857508275,0,1.20588323856171,0.732123857508275,0.267876142491725,0.732123857508275,0.732123857508275,"all","linear"
"3745",12,0.663061306494331,0.645787322844626,"Exp2","mixed","IP",0,0.634172640165323,0.0725700122924956,0.634463420676711,0.732123857508275,0,1.20228260875519,0.732123857508275,0.267876142491725,0.732123857508275,0.732123857508275,"all","linear"
"3746",12,0.599959465297448,0.677781264479563,"Exp2","mixed","IP",0,0.61629970112295,0.0714099822579957,0.615860321786713,0.691961786239379,0,1.22128252327309,0.691961786239379,0.308038213760621,0.691961786239379,0.691961786239379,"all","linear"
"3747",12,1.31,1.39786125477804,"Exp2","mixed","IP",0,1.31670849484949,0.186281880633853,1.31699398433371,0.213281018029447,0,0.260848136776429,0.213281018029447,0.786718981970553,0.213281018029447,0.213281018029447,"all","linear"
"3748",12,1.76834346805288,1.56591520779693,"Exp2","mixed","IP",0,1.6277870509647,0.229104598627165,1.63002723858498,0.326144551727264,0,0.0536663417502108,0.326144551727264,0.673855448272736,0.326144551727264,0.326144551727264,"all","linear"
"3749",12,1.60005476290647,1.24593318384359,"Exp2","mixed","IP",0,1.52553390345035,0.214472838675955,1.52610748491425,0.285303043593043,0,0.118911388472063,0.285303043593043,0.714696956406957,0.285303043593043,0.285303043593043,"all","linear"
"3750",12,1.60005476290647,1.48593704029736,"Exp2","mixed","IP",0,1.52553390345035,0.214472838675955,1.52633980864785,0.285303043593043,0,0.130096984550672,0.285303043593043,0.714696956406957,0.285303043593043,0.285303043593043,"all","linear"
"3751",12,1.60005476290647,1.65387778776494,"Exp2","mixed","IP",0,1.52553390345035,0.214472838675955,1.52438479259119,0.285303043593043,0,0.126760221079632,0.285303043593043,0.714696956406957,0.285303043593043,0.285303043593043,"all","linear"
"3752",12,0.542862864224572,0.54989817720525,"Exp2","mixed","IP",0,0.595203085578392,0.0701449019656912,0.595799246829707,0.648739388867098,0,1.24278067388776,0.648739388867098,0.351260611132902,0.648739388867098,0.648739388867098,"all","linear"
"3753",12,0.7328,0.853897381031857,"Exp2","mixed","IP",0,0.648862668329246,0.0736185248459934,0.649109102821136,0.768859940536797,0,1.19674017373836,0.768859940536797,0.231140059463203,0.768859940536797,0.768859940536797,"all","linear"
"3754",12,1.44778166151097,1.56591396377917,"Exp2","mixed","IP",0,1.42114916817005,0.200148347756098,1.42334296623451,0.247593846064774,0,0.190181918112542,0.247593846064774,0.752406153935226,0.247593846064774,0.247593846064774,"all","linear"
"3755",12,1.76834346805288,1.51792258481873,"Exp2","mixed","IP",0,1.6277870509647,0.229104598627165,1.62702682012016,0.326144551727264,0,0.0580192352659236,0.326144551727264,0.673855448272736,0.326144551727264,0.326144551727264,"all","linear"
"3756",12,0.599959465297448,0.597922211612968,"Exp2","mixed","IP",0,0.61629970112295,0.0714099822579957,0.616204504613229,0.691961786239379,0,1.2248223010638,0.691961786239379,0.308038213760621,0.691961786239379,0.691961786239379,"all","linear"
"3757",12,0.4912,0.717906101592234,"Exp2","mixed","IP",0,0.570982363082368,0.0687864150277797,0.570852673169101,0.602997139870249,0,1.26148767972267,0.602997139870249,0.397002860129751,0.602997139870249,0.602997139870249,"all","linear"
"3758",12,1.954332247557,1.9899673445525,"Exp2","mixed","IP",0,1.72566395651107,0.243872545391328,1.72512181902928,0.369696174403653,0,-0.00330076533114937,0.369696174403653,0.630303825596347,0.369696174403653,0.369696174403653,"all","linear"
"3759",12,0.542862864224572,0.669915033635334,"Exp2","mixed","IP",0,0.595203085578392,0.0701449019656912,0.594765479987844,0.648739388867098,0,1.24102840431253,0.648739388867098,0.351260611132902,0.648739388867098,0.648739388867098,"all","linear"
"3760",12,1.76834346805288,1.94178967403604,"Exp2","mixed","IP",0,1.6277870509647,0.229104598627165,1.62859446450418,0.326144551727264,0,0.0597696236759102,0.326144551727264,0.673855448272736,0.326144551727264,0.326144551727264,"all","linear"
"3761",12,1.954332247557,1.7418705351447,"Exp2","mixed","IP",0,1.72566395651107,0.243872545391328,1.72479707973515,0.369696174403653,0,-0.000930857953299264,0.369696174403653,0.630303825596347,0.369696174403653,0.369696174403653,"all","linear"
"3762",12,1.44778166151097,1.50183837730401,"Exp2","mixed","IP",0,1.42114916817005,0.200148347756098,1.42079527566903,0.247593846064774,0,0.194574829693968,0.247593846064774,0.752406153935226,0.247593846064774,0.247593846064774,"all","linear"
"3763",12,1.76834346805288,1.54987640690524,"Exp2","mixed","IP",0,1.6277870509647,0.229104598627165,1.62874322779127,0.326144551727264,0,0.058516542981202,0.326144551727264,0.673855448272736,0.326144551727264,0.326144551727264,"all","linear"
"3764",12,0.4912,0.525814629017987,"Exp2","mixed","IP",0,0.570982363082368,0.0687864150277797,0.57187402168606,0.602997139870249,0,1.26159846693989,0.602997139870249,0.397002860129751,0.602997139870249,0.602997139870249,"all","linear"
"3765",12,0.4912,0.653858194496934,"Exp2","mixed","IP",0,0.570982363082368,0.0687864150277797,0.571040095977862,0.602997139870249,0,1.25611280602856,0.602997139870249,0.397002860129751,0.602997139870249,0.602997139870249,"all","linear"
"3766",12,0.599959465297448,0.597916302531303,"Exp2","mixed","IP",0,0.61629970112295,0.0714099822579957,0.616024014244704,0.691961786239379,0,1.21460910441027,0.691961786239379,0.308038213760621,0.691961786239379,0.691961786239379,"all","linear"
"3767",12,0.4912,0.533882701631228,"Exp2","mixed","IP",0,0.570982363082368,0.0687864150277797,0.570066555475967,0.602997139870249,0,1.26074554130479,0.602997139870249,0.397002860129751,0.602997139870249,0.602997139870249,"all","linear"
"3768",12,1.954332247557,1.30985979927755,"Exp2","mixed","IP",0,1.72566395651107,0.243872545391328,1.72553260910997,0.369696174403653,0,-0.00492043063472357,0.369696174403653,0.630303825596347,0.369696174403653,0.369696174403653,"all","linear"
"3769",12,0.663061306494331,0.797888934157527,"Exp2","mixed","IP",0,0.634172640165323,0.0725700122924956,0.633999387241947,0.732123857508275,0,1.20414682063636,0.732123857508275,0.267876142491725,0.732123857508275,0.732123857508275,"all","linear"
"3770",12,0.7328,0.637988268919798,"Exp2","mixed","IP",0,0.648862668329246,0.0736185248459934,0.648743509871169,0.768859940536797,0,1.19385474497192,0.768859940536797,0.231140059463203,0.768859940536797,0.768859940536797,"all","linear"
"3771",12,1.60005476290647,1.45388369684588,"Exp2","mixed","IP",0,1.52553390345035,0.214472838675955,1.52583369423927,0.285303043593043,0,0.119598491733714,0.285303043593043,0.714696956406957,0.285303043593043,0.285303043593043,"all","linear"
"3772",12,0.663061306494331,0.709867263380147,"Exp2","mixed","IP",0,0.634172640165323,0.0725700122924956,0.633705575225315,0.732123857508275,0,1.20628440038247,0.732123857508275,0.267876142491725,0.732123857508275,0.732123857508275,"all","linear"
"3773",12,1.31,1.21389290257139,"Exp2","mixed","IP",0,1.31670849484949,0.186281880633853,1.31647611362249,0.213281018029447,0,0.266474563712058,0.213281018029447,0.786718981970553,0.213281018029447,0.213281018029447,"all","linear"
"3774",12,0.4912,0.589905765707954,"Exp2","mixed","IP",0,0.570982363082368,0.0687864150277797,0.571186294228872,0.602997139870249,0,1.25352527274977,0.602997139870249,0.397002860129751,0.602997139870249,0.602997139870249,"all","linear"
"3775",12,0.7328,0.789894880557767,"Exp2","mixed","IP",0,0.648862668329246,0.0736185248459934,0.648836038792909,0.768859940536797,0,1.19353228196934,0.768859940536797,0.231140059463203,0.768859940536797,0.768859940536797,"all","linear"
"3776",12,0.7328,0.701817851022497,"Exp2","mixed","IP",0,0.648862668329246,0.0736185248459934,0.648371627891335,0.768859940536797,0,1.18717859805649,0.768859940536797,0.231140059463203,0.768859940536797,0.768859940536797,"all","linear"
"3777",12,1.44778166151097,1.43792078099432,"Exp2","mixed","IP",0,1.42114916817005,0.200148347756098,1.4212202660993,0.247593846064774,0,0.191832908685748,0.247593846064774,0.752406153935226,0.247593846064774,0.247593846064774,"all","linear"
"3778",12,1.31,1.39806123051858,"Exp2","mixed","IP",0,1.31670849484949,0.186281880633853,1.31588207654098,0.213281018029447,0,0.265689654754643,0.213281018029447,0.786718981970553,0.213281018029447,0.213281018029447,"all","linear"
"3779",12,0.4912,0.606006145442734,"Exp2","mixed","IP",0,0.570982363082368,0.0687864150277797,0.571287024728712,0.602997139870249,0,1.26252114992994,0.602997139870249,0.397002860129751,0.602997139870249,0.602997139870249,"all","linear"
"3780",12,1.954332247557,1.83789372362298,"Exp2","mixed","IP",0,1.72566395651107,0.243872545391328,1.72264089095833,0.369696174403653,0,-0.009682644898995,0.369696174403653,0.630303825596347,0.369696174403653,0.369696174403653,"all","linear"
"3781",12,0.542862864224572,0.725886159998481,"Exp2","mixed","IP",0,0.595203085578392,0.0701449019656912,0.595180880849301,0.648739388867098,0,1.23711777997303,0.648739388867098,0.351260611132902,0.648739388867098,0.648739388867098,"all","linear"
"3782",12,1.60005476290647,1.67795013979594,"Exp2","mixed","IP",0,1.52553390345035,0.214472838675955,1.52464281295922,0.285303043593043,0,0.123761887325431,0.285303043593043,0.714696956406957,0.285303043593043,0.285303043593043,"all","linear"
"3783",12,0.599959465297448,0.709859488273651,"Exp2","mixed","IP",0,0.61629970112295,0.0714099822579957,0.616676096538299,0.691961786239379,0,1.22091196271494,0.691961786239379,0.308038213760621,0.691961786239379,0.691961786239379,"all","linear"
"3784",12,1.76834346805288,1.61386895524265,"Exp2","mixed","IP",0,1.6277870509647,0.229104598627165,1.62753673957258,0.326144551727264,0,0.0563300261902874,0.326144551727264,0.673855448272736,0.326144551727264,0.326144551727264,"all","linear"
"3785",12,0.542862864224572,0.63789123558854,"Exp2","mixed","IP",0,0.595203085578392,0.0701449019656912,0.594924088138059,0.648739388867098,0,1.23886031550275,0.648739388867098,0.351260611132902,0.648739388867098,0.648739388867098,"all","linear"
"3786",12,0.599959465297448,0.677892915013217,"Exp2","mixed","IP",0,0.61629970112295,0.0714099822579957,0.616190040115171,0.691961786239379,0,1.22725973473531,0.691961786239379,0.308038213760621,0.691961786239379,0.691961786239379,"all","linear"
"3787",12,0.542862864224572,0.493881333213722,"Exp2","mixed","IP",0,0.595203085578392,0.0701449019656912,0.595185224177411,0.648739388867098,0,1.24289230050796,0.648739388867098,0.351260611132902,0.648739388867098,0.648739388867098,"all","linear"
"3788",12,1.76834346805288,1.69383779261625,"Exp2","mixed","IP",0,1.6277870509647,0.229104598627165,1.6278145757618,0.326144551727264,0,0.056878786292742,0.326144551727264,0.673855448272736,0.326144551727264,0.326144551727264,"all","linear"
"3789",12,1.31,1.22994072258734,"Exp2","mixed","IP",0,1.31670849484949,0.186281880633853,1.31704125157038,0.213281018029447,0,0.257502661011652,0.213281018029447,0.786718981970553,0.213281018029447,0.213281018029447,"all","linear"
"3790",12,1.76834346805288,1.77390895039207,"Exp2","mixed","IP",0,1.6277870509647,0.229104598627165,1.62895205058454,0.326144551727264,0,0.0616913331532584,0.326144551727264,0.673855448272736,0.326144551727264,0.326144551727264,"all","linear"
"3791",12,1.954332247557,1.97391921353301,"Exp2","mixed","IP",0,1.72566395651107,0.243872545391328,1.72551567716599,0.369696174403653,0,-0.00234364679690437,0.369696174403653,0.630303825596347,0.369696174403653,0.369696174403653,"all","linear"
"3792",12,1.44778166151097,1.11790547958481,"Exp2","mixed","IP",0,1.42114916817005,0.200148347756098,1.42025821602263,0.247593846064774,0,0.184399381235652,0.247593846064774,0.752406153935226,0.247593846064774,0.247593846064774,"all","linear"
"3793",12,0.7328,0.605909423116827,"Exp2","mixed","IP",0,0.648862668329246,0.0736185248459934,0.649310418611373,0.768859940536797,0,1.1916804983854,0.768859940536797,0.231140059463203,0.768859940536797,0.768859940536797,"all","linear"
"3794",12,0.663061306494331,0.797846637577095,"Exp2","mixed","IP",0,0.634172640165323,0.0725700122924956,0.634123179045227,0.732123857508275,0,1.20473356895991,0.732123857508275,0.267876142491725,0.732123857508275,0.732123857508275,"all","linear"
"3795",12,1.44778166151097,1.29388257723076,"Exp2","mixed","IP",0,1.42114916817005,0.200148347756098,1.42022008141205,0.247593846064774,0,0.195991296803955,0.247593846064774,0.752406153935226,0.247593846064774,0.247593846064774,"all","linear"
"3796",12,0.542862864224572,0.65395491682284,"Exp2","mixed","IP",0,0.595203085578392,0.0701449019656912,0.595615814672662,0.648739388867098,0,1.24208390662235,0.648739388867098,0.351260611132902,0.648739388867098,0.648739388867098,"all","linear"
"3797",12,0.599959465297448,0.573898376245779,"Exp2","mixed","IP",0,0.61629970112295,0.0714099822579957,0.61625508034255,0.691961786239379,0,1.21648365731029,0.691961786239379,0.308038213760621,0.691961786239379,0.691961786239379,"all","linear"
"3798",12,1.31,1.12590233222181,"Exp2","mixed","IP",0,1.31670849484949,0.186281880633853,1.31718501304872,0.213281018029447,0,0.262702179945222,0.213281018029447,0.786718981970553,0.213281018029447,0.213281018029447,"all","linear"
"3799",12,1.60005476290647,1.09394882113702,"Exp2","mixed","IP",0,1.52553390345035,0.214472838675955,1.52432445713074,0.285303043593043,0,0.11864487649951,0.285303043593043,0.714696956406957,0.285303043593043,0.285303043593043,"all","linear"
"3800",12,1.44778166151097,1.21386086913117,"Exp2","mixed","IP",0,1.42114916817005,0.200148347756098,1.41998687087552,0.247593846064774,0,0.194218521397241,0.247593846064774,0.752406153935226,0.247593846064774,0.247593846064774,"all","linear"
"3801",12,1.60005476290647,1.3018797408713,"Exp2","mixed","IP",0,1.52553390345035,0.214472838675955,1.52519712601594,0.285303043593043,0,0.124282209994715,0.285303043593043,0.714696956406957,0.285303043593043,0.285303043593043,"all","linear"
"3802",12,1.76834346805288,1.4619119609124,"Exp2","mixed","IP",0,1.6277870509647,0.229104598627165,1.627514843572,0.326144551727264,0,0.0538830452090333,0.326144551727264,0.673855448272736,0.326144551727264,0.326144551727264,"all","linear"
"3803",12,0.599959465297448,0.693933892933273,"Exp2","mixed","IP",0,0.61629970112295,0.0714099822579957,0.61667800759916,0.691961786239379,0,1.21541362716129,0.691961786239379,0.308038213760621,0.691961786239379,0.691961786239379,"all","linear"
"3804",12,0.599959465297448,0.645984810551454,"Exp2","mixed","IP",0,0.61629970112295,0.0714099822579957,0.61670234500142,0.691961786239379,0,1.22300378718712,0.691961786239379,0.308038213760621,0.691961786239379,0.691961786239379,"all","linear"
"3805",12,1.76834346805288,1.52598661437514,"Exp2","mixed","IP",0,1.6277870509647,0.229104598627165,1.62834382972374,0.326144551727264,0,0.0551117363705766,0.326144551727264,0.673855448272736,0.326144551727264,0.326144551727264,"all","linear"
"3806",12,0.542862864224572,0.709985756004244,"Exp2","mixed","IP",0,0.595203085578392,0.0701449019656912,0.595423773223417,0.648739388867098,0,1.24701508913767,0.648739388867098,0.351260611132902,0.648739388867098,0.648739388867098,"all","linear"
"3807",12,0.599959465297448,0.789878086327008,"Exp2","mixed","IP",0,0.61629970112295,0.0714099822579957,0.616683542108866,0.691961786239379,0,1.21686801853622,0.691961786239379,0.308038213760621,0.691961786239379,0.691961786239379,"all","linear"
"3808",12,0.663061306494331,0.709982956965177,"Exp2","mixed","IP",0,0.634172640165323,0.0725700122924956,0.634186771501088,0.732123857508275,0,1.21042966197711,0.732123857508275,0.267876142491725,0.732123857508275,0.732123857508275,"all","linear"
"3809",12,0.4912,0.621971238326296,"Exp2","mixed","IP",0,0.570982363082368,0.0687864150277797,0.571335630347717,0.602997139870249,0,1.25741899470827,0.602997139870249,0.397002860129751,0.602997139870249,0.602997139870249,"all","linear"
"3810",12,1.954332247557,1.5819764009957,"Exp2","mixed","IP",0,1.72566395651107,0.243872545391328,1.72491438803803,0.369696174403653,0,-0.0105978917457634,0.369696174403653,0.630303825596347,0.369696174403653,0.369696174403653,"all","linear"
"3811",12,0.4912,0.733929663274466,"Exp2","mixed","IP",0,0.570982363082368,0.0687864150277797,0.570960346666871,0.602997139870249,0,1.26237579655004,0.602997139870249,0.397002860129751,0.602997139870249,0.602997139870249,"all","linear"
"3812",12,1.76834346805288,1.34192682691719,"Exp2","mixed","IP",0,1.6277870509647,0.229104598627165,1.62905794582056,0.326144551727264,0,0.0635421510412866,0.326144551727264,0.673855448272736,0.326144551727264,0.326144551727264,"all","linear"
"3813",12,0.663061306494331,0.677850929434499,"Exp2","mixed","IP",0,0.634172640165323,0.0725700122924956,0.634178306094342,0.732123857508275,0,1.2062243104188,0.732123857508275,0.267876142491725,0.732123857508275,0.732123857508275,"all","linear"
"3814",12,1.60005476290647,1.26988486622031,"Exp2","mixed","IP",0,1.52553390345035,0.214472838675955,1.52681388040419,0.285303043593043,0,0.126998826951687,0.285303043593043,0.714696956406957,0.285303043593043,0.285303043593043,"all","linear"
"3815",12,0.7328,0.741919673817392,"Exp2","mixed","IP",0,0.648862668329246,0.0736185248459934,0.648940821527099,0.768859940536797,0,1.19091387966195,0.768859940536797,0.231140059463203,0.768859940536797,0.768859940536797,"all","linear"
"3816",12,1.44778166151097,1.32588709301126,"Exp2","mixed","IP",0,1.42114916817005,0.200148347756098,1.42069758789963,0.247593846064774,0,0.185035573012025,0.247593846064774,0.752406153935226,0.247593846064774,0.247593846064774,"all","linear"
"3817",12,0.663061306494331,0.709956210599557,"Exp2","mixed","IP",0,0.634172640165323,0.0725700122924956,0.634028042601745,0.732123857508275,0,1.20495737314843,0.732123857508275,0.267876142491725,0.732123857508275,0.732123857508275,"all","linear"
"3818",12,0.4912,0.669908813548318,"Exp2","mixed","IP",0,0.570982363082368,0.0687864150277797,0.570831201456455,0.602997139870249,0,1.26401621435303,0.602997139870249,0.397002860129751,0.602997139870249,0.602997139870249,"all","linear"
"3819",12,0.7328,0.686003906213955,"Exp2","mixed","IP",0,0.648862668329246,0.0736185248459934,0.6492228831524,0.768859940536797,0,1.19279687818913,0.768859940536797,0.231140059463203,0.768859940536797,0.768859940536797,"all","linear"
"3820",12,0.542862864224572,0.613782807062307,"Exp2","mixed","IP",0,0.595203085578392,0.0701449019656912,0.595562303745411,0.648739388867098,0,1.23563325345329,0.648739388867098,0.351260611132902,0.648739388867098,0.648739388867098,"all","linear"
"3821",12,1.954332247557,1.34198280768396,"Exp2","mixed","IP",0,1.72566395651107,0.243872545391328,1.72389360993925,0.369696174403653,0,-0.00842786386401951,0.369696174403653,0.630303825596347,0.369696174403653,0.369696174403653,"all","linear"
"3822",12,0.599959465297448,0.685918380040675,"Exp2","mixed","IP",0,0.61629970112295,0.0714099822579957,0.616010385652785,0.691961786239379,0,1.22441120836651,0.691961786239379,0.308038213760621,0.691961786239379,0.691961786239379,"all","linear"
"3823",12,1.954332247557,1.47793334556627,"Exp2","mixed","IP",0,1.72566395651107,0.243872545391328,1.72479025139811,0.369696174403653,0,-0.00802207354426908,0.369696174403653,0.630303825596347,0.369696174403653,0.369696174403653,"all","linear"
"3824",12,0.4912,0.637911761870782,"Exp2","mixed","IP",0,0.570982363082368,0.0687864150277797,0.571197549251116,0.602997139870249,0,1.26471768644325,0.602997139870249,0.397002860129751,0.602997139870249,0.602997139870249,"all","linear"
"3825",12,1.76834346805288,1.94988542602732,"Exp2","mixed","IP",0,1.6277870509647,0.229104598627165,1.62639505854516,0.326144551727264,0,0.0566536928074789,0.326144551727264,0.673855448272736,0.326144551727264,0.326144551727264,"all","linear"
"3826",12,1.60005476290647,1.61384873996576,"Exp2","mixed","IP",0,1.52553390345035,0.214472838675955,1.5259075373505,0.285303043593043,0,0.11983209282944,0.285303043593043,0.714696956406957,0.285303043593043,0.285303043593043,"all","linear"
"3827",12,0.542862864224572,0.573849548576618,"Exp2","mixed","IP",0,0.595203085578392,0.0701449019656912,0.594966380044962,0.648739388867098,0,1.24864445539563,0.648739388867098,0.351260611132902,0.648739388867098,0.648739388867098,"all","linear"
"3828",12,0.599959465297448,0.734049710921681,"Exp2","mixed","IP",0,0.61629970112295,0.0714099822579957,0.616028252288437,0.691961786239379,0,1.22160707692821,0.691961786239379,0.308038213760621,0.691961786239379,0.691961786239379,"all","linear"
"3829",12,1.31,1.32592814557393,"Exp2","mixed","IP",0,1.31670849484949,0.186281880633853,1.31764411776071,0.213281018029447,0,0.259110512617769,0.213281018029447,0.786718981970553,0.213281018029447,0.213281018029447,"all","linear"
"3830",12,1.31,1.18990078963907,"Exp2","mixed","IP",0,1.31670849484949,0.186281880633853,1.31687291486237,0.213281018029447,0,0.259721282109872,0.213281018029447,0.786718981970553,0.213281018029447,0.213281018029447,"all","linear"
"3831",12,1.954332247557,1.69382970650622,"Exp2","mixed","IP",0,1.72566395651107,0.243872545391328,1.72563850134337,0.369696174403653,0,-0.00398776790916191,0.369696174403653,0.630303825596347,0.369696174403653,0.369696174403653,"all","linear"
"3832",12,1.31,1.05393967761302,"Exp2","mixed","IP",0,1.31670849484949,0.186281880633853,1.31530674732405,0.213281018029447,0,0.264085166515354,0.213281018029447,0.786718981970553,0.213281018029447,0.213281018029447,"all","linear"
"3833",12,1.44778166151097,1.54988946908452,"Exp2","mixed","IP",0,1.42114916817005,0.200148347756098,1.4196680070642,0.247593846064774,0,0.188558834130892,0.247593846064774,0.752406153935226,0.247593846064774,0.247593846064774,"all","linear"
"3834",12,1.31,1.31802179517945,"Exp2","mixed","IP",0,1.31670849484949,0.186281880633853,1.31735757305504,0.213281018029447,0,0.262899722738902,0.213281018029447,0.786718981970553,0.213281018029447,0.213281018029447,"all","linear"
"3835",12,0.7328,0.693890352335075,"Exp2","mixed","IP",0,0.648862668329246,0.0736185248459934,0.648571154574498,0.768859940536797,0,1.19125355707304,0.768859940536797,0.231140059463203,0.768859940536797,0.768859940536797,"all","linear"
"3836",12,1.60005476290647,1.53383636199578,"Exp2","mixed","IP",0,1.52553390345035,0.214472838675955,1.52533514440422,0.285303043593043,0,0.12566399231407,0.285303043593043,0.714696956406957,0.285303043593043,0.285303043593043,"all","linear"
"3837",13,1.76834346805288,1.15574537864632,"Exp2","mixed","IP",0,1.53591372226687,0.292541077558209,1.53794096671119,0.797395565827657,0,-0.189899947754036,0.797395565827657,0.202604434172343,0.797395565827657,0.797395565827657,"all","linear"
"3838",13,0.663061306494331,0.897741311386199,"Exp2","mixed","IP",0,0.566836005626479,0.0663978178658185,0.567067538848585,0.960610710076913,0,1.29036235010764,0.960610710076913,0.039389289923087,0.960610710076913,0.960610710076913,"all","linear"
"3839",13,0.7328,1.01251718541971,"Exp2","mixed","IP",0,0.568428085699256,0.0665581179061891,0.568417157763202,0.967378883992362,0,1.2916383605797,0.967378883992362,0.0326211160076375,0.967378883992362,0.967378883992362,"all","linear"
"3840",13,1.60005476290647,1.31131656589059,"Exp2","mixed","IP",0,1.50599114490237,0.286359721169287,1.50516602940433,0.766097580497407,0,-0.163234583834987,0.766097580497407,0.233902419502593,0.766097580497407,0.766097580497407,"all","linear"
"3841",13,1.954332247557,1.22140753930762,"Exp2","mixed","IP",0,1.55976488210089,0.298026695767867,1.55917287341096,0.82570763324168,0,-0.209256436012028,0.82570763324168,0.17429236675832,0.82570763324168,0.82570763324168,"all","linear"
"3842",13,1.954332247557,1.46133208430729,"Exp2","mixed","IP",0,1.55976488210089,0.298026695767867,1.56264231406999,0.82570763324168,0,-0.210608259838722,0.82570763324168,0.17429236675832,0.82570763324168,0.82570763324168,"all","linear"
"3843",13,1.44778166151097,1.65948527940418,"Exp2","mixed","IP",0,1.46969549745689,0.279466696975917,1.46972551404542,0.731939537867744,0,-0.138948087067448,0.731939537867744,0.268060462132256,0.731939537867744,0.731939537867744,"all","linear"
"3844",13,1.31,1.61783475415541,"Exp2","mixed","IP",0,1.42692760935155,0.271864286641893,1.42751234695388,0.695160194429653,0,-0.121820184412177,0.695160194429653,0.304839805570347,0.695160194429653,0.695160194429653,"all","linear"
"3845",13,1.31,1.46708975686306,"Exp2","mixed","IP",0,1.42692760935155,0.271864286641893,1.42739510247708,0.695160194429653,0,-0.116828340667054,0.695160194429653,0.304839805570347,0.695160194429653,0.695160194429653,"all","linear"
"3846",13,0.599959465297448,0.876891506251923,"Exp2","mixed","IP",0,0.56465513654387,0.0662063823943166,0.564770447044184,0.952546410975851,0,1.29399705892617,0.952546410975851,0.0474535890241494,0.952546410975851,0.952546410975851,"all","linear"
"3847",13,1.76834346805288,1.72202412264232,"Exp2","mixed","IP",0,1.53591372226687,0.292541077558209,1.53636584274206,0.797395565827657,0,-0.191549060322444,0.797395565827657,0.202604434172343,0.797395565827657,0.797395565827657,"all","linear"
"3848",13,1.60005476290647,1.61799069348126,"Exp2","mixed","IP",0,1.50599114490237,0.286359721169287,1.50628133473228,0.766097580497407,0,-0.166877371426806,0.766097580497407,0.233902419502593,0.766097580497407,0.766097580497407,"all","linear"
"3849",13,0.542862864224572,1.1689854957549,"Exp2","mixed","IP",0,0.561760824079992,0.0659787625709008,0.561615966245313,0.94298345094173,0,1.30224383760079,0.94298345094173,0.0570165490582696,0.94298345094173,0.94298345094173,"all","linear"
"3850",13,0.4912,0.824828916060142,"Exp2","mixed","IP",0,0.558014327886691,0.0657094960731764,0.558123047402001,0.931705851987302,0,1.30523821929499,0.931705851987302,0.0682941480126976,0.931705851987302,0.931705851987302,"all","linear"
"3851",13,1.76834346805288,1.22021364065222,"Exp2","mixed","IP",0,1.53591372226687,0.292541077558209,1.53473775233943,0.797395565827657,0,-0.186339404944826,0.797395565827657,0.202604434172343,0.797395565827657,0.797395565827657,"all","linear"
"3852",13,0.542862864224572,0.761964223818723,"Exp2","mixed","IP",0,0.561760824079992,0.0659787625709008,0.561366016646383,0.94298345094173,0,1.29608175839548,0.94298345094173,0.0570165490582696,0.94298345094173,0.94298345094173,"all","linear"
"3853",13,1.60005476290647,0.845551477723347,"Exp2","mixed","IP",0,1.50599114490237,0.286359721169287,1.50834854760718,0.766097580497407,0,-0.169580368670724,0.766097580497407,0.233902419502593,0.766097580497407,0.766097580497407,"all","linear"
"3854",13,0.4912,0.751531014555439,"Exp2","mixed","IP",0,0.558014327886691,0.0657094960731764,0.557742320638867,0.931705851987302,0,1.3030465622591,0.931705851987302,0.0682941480126976,0.931705851987302,0.931705851987302,"all","linear"
"3855",13,0.599959465297448,0.968296115563135,"Exp2","mixed","IP",0,0.56465513654387,0.0662063823943166,0.564204046351952,0.952546410975851,0,1.29596807637895,0.952546410975851,0.0474535890241494,0.952546410975851,0.952546410975851,"all","linear"
"3856",13,1.44778166151097,1.2907314422755,"Exp2","mixed","IP",0,1.46969549745689,0.279466696975917,1.46852795658504,0.731939537867744,0,-0.140013718623917,0.731939537867744,0.268060462132256,0.731939537867744,0.731939537867744,"all","linear"
"3857",13,0.599959465297448,0.772631530855506,"Exp2","mixed","IP",0,0.56465513654387,0.0662063823943166,0.564871019395922,0.952546410975851,0,1.29698779115119,0.952546410975851,0.0474535890241494,0.952546410975851,0.952546410975851,"all","linear"
"3858",13,0.7328,0.720292931831864,"Exp2","mixed","IP",0,0.568428085699256,0.0665581179061891,0.56875641872437,0.967378883992362,0,1.29795679807455,0.967378883992362,0.0326211160076375,0.967378883992362,0.967378883992362,"all","linear"
"3859",13,1.31,1.3253677185221,"Exp2","mixed","IP",0,1.42692760935155,0.271864286641893,1.42791786363256,0.695160194429653,0,-0.114191737913686,0.695160194429653,0.304839805570347,0.695160194429653,0.695160194429653,"all","linear"
"3860",13,1.954332247557,1.7948477873615,"Exp2","mixed","IP",0,1.55976488210089,0.298026695767867,1.55985067204738,0.82570763324168,0,-0.204994320495866,0.82570763324168,0.17429236675832,0.82570763324168,0.82570763324168,"all","linear"
"3861",13,1.60005476290647,0.824815323285293,"Exp2","mixed","IP",0,1.50599114490237,0.286359721169287,1.50665355006563,0.766097580497407,0,-0.167278727582668,0.766097580497407,0.233902419502593,0.766097580497407,0.766097580497407,"all","linear"
"3862",13,1.954332247557,1.47810858814046,"Exp2","mixed","IP",0,1.55976488210089,0.298026695767867,1.55873555633732,0.82570763324168,0,-0.214434039007679,0.82570763324168,0.17429236675832,0.82570763324168,0.82570763324168,"all","linear"
"3863",13,1.44778166151097,1.51310318501419,"Exp2","mixed","IP",0,1.46969549745689,0.279466696975917,1.46924627787628,0.731939537867744,0,-0.13983517689511,0.731939537867744,0.268060462132256,0.731939537867744,0.731939537867744,"all","linear"
"3864",13,1.76834346805288,1.29413492187632,"Exp2","mixed","IP",0,1.53591372226687,0.292541077558209,1.53658368693016,0.797395565827657,0,-0.184563836284185,0.797395565827657,0.202604434172343,0.797395565827657,0.797395565827657,"all","linear"
"3865",13,1.44778166151097,1.70092134088191,"Exp2","mixed","IP",0,1.46969549745689,0.279466696975917,1.47093198115093,0.731939537867744,0,-0.142745118244297,0.731939537867744,0.268060462132256,0.731939537867744,0.731939537867744,"all","linear"
"3866",13,0.4912,1.04120511269502,"Exp2","mixed","IP",0,0.558014327886691,0.0657094960731764,0.558210706409244,0.931705851987302,0,1.30441324251213,0.931705851987302,0.0682941480126976,0.931705851987302,0.931705851987302,"all","linear"
"3867",13,1.954332247557,1.66964210225888,"Exp2","mixed","IP",0,1.55976488210089,0.298026695767867,1.55990956073228,0.82570763324168,0,-0.203086492855326,0.82570763324168,0.17429236675832,0.82570763324168,0.82570763324168,"all","linear"
"3868",13,0.599959465297448,1.0541760173619,"Exp2","mixed","IP",0,0.56465513654387,0.0662063823943166,0.565357134596374,0.952546410975851,0,1.29579305777877,0.952546410975851,0.0474535890241494,0.952546410975851,0.952546410975851,"all","linear"
"3869",13,1.76834346805288,1.55496741887509,"Exp2","mixed","IP",0,1.53591372226687,0.292541077558209,1.53520700889423,0.797395565827657,0,-0.191109040786084,0.797395565827657,0.202604434172343,0.797395565827657,0.797395565827657,"all","linear"
"3870",13,0.4912,0.93658757182493,"Exp2","mixed","IP",0,0.558014327886691,0.0657094960731764,0.558256737462448,0.931705851987302,0,1.30469540464208,0.931705851987302,0.0682941480126976,0.931705851987302,0.931705851987302,"all","linear"
"3871",13,0.663061306494331,0.814182375759628,"Exp2","mixed","IP",0,0.566836005626479,0.0663978178658185,0.566720288026443,0.960610710076913,0,1.29279782660268,0.960610710076913,0.039389289923087,0.960610710076913,0.960610710076913,"all","linear"
"3872",13,1.44778166151097,0.99036549459197,"Exp2","mixed","IP",0,1.46969549745689,0.279466696975917,1.4690434486932,0.731939537867744,0,-0.143579921833731,0.731939537867744,0.268060462132256,0.731939537867744,0.731939537867744,"all","linear"
"3873",13,1.60005476290647,1.01105331916551,"Exp2","mixed","IP",0,1.50599114490237,0.286359721169287,1.50610906344654,0.766097580497407,0,-0.171338018842859,0.766097580497407,0.233902419502593,0.766097580497407,0.766097580497407,"all","linear"
"3874",13,0.599959465297448,1.08551982166318,"Exp2","mixed","IP",0,0.56465513654387,0.0662063823943166,0.56462434634613,0.952546410975851,0,1.29259412133356,0.952546410975851,0.0474535890241494,0.952546410975851,0.952546410975851,"all","linear"
"3875",13,0.4912,0.856086255213086,"Exp2","mixed","IP",0,0.558014327886691,0.0657094960731764,0.557989220277816,0.931705851987302,0,1.30679343025964,0.931705851987302,0.0682941480126976,0.931705851987302,0.931705851987302,"all","linear"
"3876",13,0.663061306494331,0.856116461378406,"Exp2","mixed","IP",0,0.566836005626479,0.0663978178658185,0.567357121392717,0.960610710076913,0,1.29427745891059,0.960610710076913,0.039389289923087,0.960610710076913,0.960610710076913,"all","linear"
"3877",13,1.76834346805288,1.15521412772432,"Exp2","mixed","IP",0,1.53591372226687,0.292541077558209,1.5367227640866,0.797395565827657,0,-0.183605303561182,0.797395565827657,0.202604434172343,0.797395565827657,0.797395565827657,"all","linear"
"3878",13,0.7328,1.04386627579879,"Exp2","mixed","IP",0,0.568428085699256,0.0665581179061891,0.567859847491107,0.967378883992362,0,1.29192444727493,0.967378883992362,0.0326211160076375,0.967378883992362,0.967378883992362,"all","linear"
"3879",13,1.954332247557,1.09463037848946,"Exp2","mixed","IP",0,1.55976488210089,0.298026695767867,1.55950460097297,0.82570763324168,0,-0.204286625451662,0.82570763324168,0.17429236675832,0.82570763324168,0.82570763324168,"all","linear"
"3880",13,1.44778166151097,1.06423769079993,"Exp2","mixed","IP",0,1.46969549745689,0.279466696975917,1.47036233703717,0.731939537867744,0,-0.139480061456521,0.731939537867744,0.268060462132256,0.731939537867744,0.731939537867744,"all","linear"
"3881",13,0.4912,0.824739052719451,"Exp2","mixed","IP",0,0.558014327886691,0.0657094960731764,0.558165596146669,0.931705851987302,0,1.30484990974814,0.931705851987302,0.0682941480126976,0.931705851987302,0.931705851987302,"all","linear"
"3882",13,1.954332247557,1.25189537641745,"Exp2","mixed","IP",0,1.55976488210089,0.298026695767867,1.55890476444863,0.82570763324168,0,-0.20382062348607,0.82570763324168,0.17429236675832,0.82570763324168,0.82570763324168,"all","linear"
"3883",13,1.31,1.39568200611211,"Exp2","mixed","IP",0,1.42692760935155,0.271864286641893,1.42640181949731,0.695160194429653,0,-0.109342811020045,0.695160194429653,0.304839805570347,0.695160194429653,0.695160194429653,"all","linear"
"3884",13,0.663061306494331,1.20031306424244,"Exp2","mixed","IP",0,0.566836005626479,0.0663978178658185,0.566999098835337,0.960610710076913,0,1.29928127581339,0.960610710076913,0.039389289923087,0.960610710076913,0.960610710076913,"all","linear"
"3885",13,0.4912,1.02114519876886,"Exp2","mixed","IP",0,0.558014327886691,0.0657094960731764,0.55848934762959,0.931705851987302,0,1.30769992017109,0.931705851987302,0.0682941480126976,0.931705851987302,0.931705851987302,"all","linear"
"3886",13,0.7328,1.01113714127314,"Exp2","mixed","IP",0,0.568428085699256,0.0665581179061891,0.56841146381098,0.967378883992362,0,1.28971143042678,0.967378883992362,0.0326211160076375,0.967378883992362,0.967378883992362,"all","linear"
"3887",13,0.542862864224572,0.70991220578253,"Exp2","mixed","IP",0,0.561760824079992,0.0659787625709008,0.561823695856097,0.94298345094173,0,1.29872039314927,0.94298345094173,0.0570165490582696,0.94298345094173,0.94298345094173,"all","linear"
"3888",13,0.663061306494331,0.76209977398139,"Exp2","mixed","IP",0,0.566836005626479,0.0663978178658185,0.566872196256382,0.960610710076913,0,1.29581932358727,0.960610710076913,0.039389289923087,0.960610710076913,0.960610710076913,"all","linear"
"3889",13,1.60005476290647,0.970641246667583,"Exp2","mixed","IP",0,1.50599114490237,0.286359721169287,1.50747716236125,0.766097580497407,0,-0.165008358520959,0.766097580497407,0.233902419502593,0.766097580497407,0.766097580497407,"all","linear"
"3890",13,1.60005476290647,1.06459261323289,"Exp2","mixed","IP",0,1.50599114490237,0.286359721169287,1.5071436266641,0.766097580497407,0,-0.164368378547248,0.766097580497407,0.233902419502593,0.766097580497407,0.766097580497407,"all","linear"
"3891",13,0.7328,0.762088446670532,"Exp2","mixed","IP",0,0.568428085699256,0.0665581179061891,0.568441597891922,0.967378883992362,0,1.29354165468417,0.967378883992362,0.0326211160076375,0.967378883992362,0.967378883992362,"all","linear"
"3892",13,1.31,1.18981906507361,"Exp2","mixed","IP",0,1.42692760935155,0.271864286641893,1.42644169765167,0.695160194429653,0,-0.115380455287256,0.695160194429653,0.304839805570347,0.695160194429653,0.695160194429653,"all","linear"
"3893",13,0.542862864224572,1.06413763287856,"Exp2","mixed","IP",0,0.561760824079992,0.0659787625709008,0.562158466587955,0.94298345094173,0,1.29779828782366,0.94298345094173,0.0570165490582696,0.94298345094173,0.94298345094173,"all","linear"
"3894",13,0.542862864224572,0.949955309979487,"Exp2","mixed","IP",0,0.561760824079992,0.0659787625709008,0.56148394926558,0.94298345094173,0,1.30263768454283,0.94298345094173,0.0570165490582696,0.94298345094173,0.94298345094173,"all","linear"
"3895",13,0.599959465297448,0.77240196400453,"Exp2","mixed","IP",0,0.56465513654387,0.0662063823943166,0.56421842849046,0.952546410975851,0,1.29706257687631,0.952546410975851,0.0474535890241494,0.952546410975851,0.952546410975851,"all","linear"
"3896",13,1.76834346805288,1.30157356749078,"Exp2","mixed","IP",0,1.53591372226687,0.292541077558209,1.53431551686912,0.797395565827657,0,-0.193140747590298,0.797395565827657,0.202604434172343,0.797395565827657,0.797395565827657,"all","linear"
"3897",13,1.31,1.33590287358675,"Exp2","mixed","IP",0,1.42692760935155,0.271864286641893,1.42722782192574,0.695160194429653,0,-0.114980949003383,0.695160194429653,0.304839805570347,0.695160194429653,0.695160194429653,"all","linear"
"3898",13,1.954332247557,1.94116305061107,"Exp2","mixed","IP",0,1.55976488210089,0.298026695767867,1.56208891520064,0.82570763324168,0,-0.205683792894555,0.82570763324168,0.17429236675832,0.82570763324168,0.82570763324168,"all","linear"
"3899",13,1.76834346805288,1.52367383232377,"Exp2","mixed","IP",0,1.53591372226687,0.292541077558209,1.53551484817966,0.797395565827657,0,-0.181977570158756,0.797395565827657,0.202604434172343,0.797395565827657,0.797395565827657,"all","linear"
"3900",13,0.7328,0.678610312535966,"Exp2","mixed","IP",0,0.568428085699256,0.0665581179061891,0.56907310242898,0.967378883992362,0,1.29165373663827,0.967378883992362,0.0326211160076375,0.967378883992362,0.967378883992362,"all","linear"
"3901",13,1.76834346805288,1.48173748124282,"Exp2","mixed","IP",0,1.53591372226687,0.292541077558209,1.53407662907935,0.797395565827657,0,-0.18417242642137,0.797395565827657,0.202604434172343,0.797395565827657,0.797395565827657,"all","linear"
"3902",13,1.31,1.47150627570772,"Exp2","mixed","IP",0,1.42692760935155,0.271864286641893,1.42798696177618,0.695160194429653,0,-0.11351305333144,0.695160194429653,0.304839805570347,0.695160194429653,0.695160194429653,"all","linear"
"3903",13,1.44778166151097,1.06299810531891,"Exp2","mixed","IP",0,1.46969549745689,0.279466696975917,1.46856211780723,0.731939537867744,0,-0.136177841210779,0.731939537867744,0.268060462132256,0.731939537867744,0.731939537867744,"all","linear"
"3904",13,1.60005476290647,1.44029613368548,"Exp2","mixed","IP",0,1.50599114490237,0.286359721169287,1.50647961209441,0.766097580497407,0,-0.166527924039005,0.766097580497407,0.233902419502593,0.766097580497407,0.766097580497407,"all","linear"
"3905",13,0.7328,0.970709210538189,"Exp2","mixed","IP",0,0.568428085699256,0.0665581179061891,0.568361823983898,0.967378883992362,0,1.29789337481966,0.967378883992362,0.0326211160076375,0.967378883992362,0.967378883992362,"all","linear"
"3906",13,0.663061306494331,0.863777122303873,"Exp2","mixed","IP",0,0.566836005626479,0.0663978178658185,0.566678421984142,0.960610710076913,0,1.29576217875833,0.960610710076913,0.039389289923087,0.960610710076913,0.960610710076913,"all","linear"
"3907",13,0.663061306494331,1.02290433028065,"Exp2","mixed","IP",0,0.566836005626479,0.0663978178658185,0.566388785840932,0.960610710076913,0,1.29411761335154,0.960610710076913,0.039389289923087,0.960610710076913,0.960610710076913,"all","linear"
"3908",13,1.76834346805288,0.957744724681106,"Exp2","mixed","IP",0,1.53591372226687,0.292541077558209,1.53673092641781,0.797395565827657,0,-0.183528363341911,0.797395565827657,0.202604434172343,0.797395565827657,0.797395565827657,"all","linear"
"3909",13,0.4912,1.17938472308197,"Exp2","mixed","IP",0,0.558014327886691,0.0657094960731764,0.558032309055615,0.931705851987302,0,1.30973157789045,0.931705851987302,0.0682941480126976,0.931705851987302,0.931705851987302,"all","linear"
"3910",13,1.31,1.18666554148695,"Exp2","mixed","IP",0,1.42692760935155,0.271864286641893,1.42539092744607,0.695160194429653,0,-0.115754293928739,0.695160194429653,0.304839805570347,0.695160194429653,0.695160194429653,"all","linear"
"3911",13,1.44778166151097,1.42992031613721,"Exp2","mixed","IP",0,1.46969549745689,0.279466696975917,1.46882773202521,0.731939537867744,0,-0.144027265095828,0.731939537867744,0.268060462132256,0.731939537867744,0.731939537867744,"all","linear"
"3912",13,0.599959465297448,0.949884325491439,"Exp2","mixed","IP",0,0.56465513654387,0.0662063823943166,0.56517900550674,0.952546410975851,0,1.2973015643087,0.952546410975851,0.0474535890241494,0.952546410975851,0.952546410975851,"all","linear"
"3913",13,0.542862864224572,1.11682737856609,"Exp2","mixed","IP",0,0.561760824079992,0.0659787625709008,0.562199830926511,0.94298345094173,0,1.30020995115563,0.94298345094173,0.0570165490582696,0.94298345094173,0.94298345094173,"all","linear"
"3914",13,0.4912,1.04381265985648,"Exp2","mixed","IP",0,0.558014327886691,0.0657094960731764,0.558155758138083,0.931705851987302,0,1.30843409671607,0.931705851987302,0.0682941480126976,0.931705851987302,0.931705851987302,"all","linear"
"3915",13,0.7328,0.678580483947371,"Exp2","mixed","IP",0,0.568428085699256,0.0665581179061891,0.56841624883027,0.967378883992362,0,1.28854939615814,0.967378883992362,0.0326211160076375,0.967378883992362,0.967378883992362,"all","linear"
"3916",13,0.599959465297448,1.00167770324333,"Exp2","mixed","IP",0,0.56465513654387,0.0662063823943166,0.564835275289479,0.952546410975851,0,1.29593129937753,0.952546410975851,0.0474535890241494,0.952546410975851,0.952546410975851,"all","linear"
"3917",13,0.542862864224572,1.06458053076676,"Exp2","mixed","IP",0,0.561760824079992,0.0659787625709008,0.562090430256495,0.94298345094173,0,1.29954611093015,0.94298345094173,0.0570165490582696,0.94298345094173,0.94298345094173,"all","linear"
"3918",13,0.7328,0.811807416066586,"Exp2","mixed","IP",0,0.568428085699256,0.0665581179061891,0.568705697053397,0.967378883992362,0,1.28928401390048,0.967378883992362,0.0326211160076375,0.967378883992362,0.967378883992362,"all","linear"
"3919",13,1.60005476290647,1.28002637753343,"Exp2","mixed","IP",0,1.50599114490237,0.286359721169287,1.50560587506232,0.766097580497407,0,-0.165329734960699,0.766097580497407,0.233902419502593,0.766097580497407,0.766097580497407,"all","linear"
"3920",13,0.599959465297448,1.22117759487992,"Exp2","mixed","IP",0,0.56465513654387,0.0662063823943166,0.564725812683314,0.952546410975851,0,1.29651723499294,0.952546410975851,0.0474535890241494,0.952546410975851,0.952546410975851,"all","linear"
"3921",13,1.954332247557,1.26289155307313,"Exp2","mixed","IP",0,1.55976488210089,0.298026695767867,1.56045947244296,0.82570763324168,0,-0.200343758350471,0.82570763324168,0.17429236675832,0.82570763324168,0.82570763324168,"all","linear"
"3922",13,0.542862864224572,0.949943227513359,"Exp2","mixed","IP",0,0.561760824079992,0.0659787625709008,0.561382388199346,0.94298345094173,0,1.29919364729363,0.94298345094173,0.0570165490582696,0.94298345094173,0.94298345094173,"all","linear"
"3923",13,0.4912,0.915878225356209,"Exp2","mixed","IP",0,0.558014327886691,0.0657094960731764,0.557907524646238,0.931705851987302,0,1.30283013046396,0.931705851987302,0.0682941480126976,0.931705851987302,0.931705851987302,"all","linear"
"3924",13,1.60005476290647,1.3535345894561,"Exp2","mixed","IP",0,1.50599114490237,0.286359721169287,1.50588948456754,0.766097580497407,0,-0.163664151035965,0.766097580497407,0.233902419502593,0.766097580497407,0.766097580497407,"all","linear"
"3925",13,1.31,1.50294334154023,"Exp2","mixed","IP",0,1.42692760935155,0.271864286641893,1.42682208383314,0.695160194429653,0,-0.111918472785052,0.695160194429653,0.304839805570347,0.695160194429653,0.695160194429653,"all","linear"
"3926",13,0.663061306494331,1.01255758616571,"Exp2","mixed","IP",0,0.566836005626479,0.0663978178658185,0.565947746343846,0.960610710076913,0,1.29859474047814,0.960610710076913,0.039389289923087,0.960610710076913,0.960610710076913,"all","linear"
"3927",13,1.31,1.16777158551486,"Exp2","mixed","IP",0,1.42692760935155,0.271864286641893,1.42671807242681,0.695160194429653,0,-0.109458754086419,0.695160194429653,0.304839805570347,0.695160194429653,0.695160194429653,"all","linear"
"3928",13,1.954332247557,1.26294818963106,"Exp2","mixed","IP",0,1.55976488210089,0.298026695767867,1.55983490123582,0.82570763324168,0,-0.208736807994765,0.82570763324168,0.17429236675832,0.82570763324168,0.82570763324168,"all","linear"
"3929",13,1.954332247557,1.52370554879599,"Exp2","mixed","IP",0,1.55976488210089,0.298026695767867,1.55720013281795,0.82570763324168,0,-0.208890950611842,0.82570763324168,0.17429236675832,0.82570763324168,0.82570763324168,"all","linear"
"3930",13,1.76834346805288,1.57579721242473,"Exp2","mixed","IP",0,1.53591372226687,0.292541077558209,1.53625846766562,0.797395565827657,0,-0.187348085835802,0.797395565827657,0.202604434172343,0.797395565827657,0.797395565827657,"all","linear"
"3931",13,0.542862864224572,0.689054471531563,"Exp2","mixed","IP",0,0.561760824079992,0.0659787625709008,0.561579591147038,0.94298345094173,0,1.29956264864768,0.94298345094173,0.0570165490582696,0.94298345094173,0.94298345094173,"all","linear"
"3932",13,1.44778166151097,1.42980855332826,"Exp2","mixed","IP",0,1.46969549745689,0.279466696975917,1.47154082417648,0.731939537867744,0,-0.145356350614554,0.731939537867744,0.268060462132256,0.731939537867744,0.731939537867744,"all","linear"
"3933",13,1.60005476290647,1.14809302441427,"Exp2","mixed","IP",0,1.50599114490237,0.286359721169287,1.50680201489162,0.766097580497407,0,-0.162239941845026,0.766097580497407,0.233902419502593,0.766097580497407,0.766097580497407,"all","linear"
"3934",13,1.44778166151097,0.811797221485904,"Exp2","mixed","IP",0,1.46969549745689,0.279466696975917,1.46894547008932,0.731939537867744,0,-0.140095598067179,0.731939537867744,0.268060462132256,0.731939537867744,0.731939537867744,"all","linear"
"3935",13,0.542862864224572,0.926365428138524,"Exp2","mixed","IP",0,0.561760824079992,0.0659787625709008,0.561251426759593,0.94298345094173,0,1.30494210774635,0.94298345094173,0.0570165490582696,0.94298345094173,0.94298345094173,"all","linear"
"3936",13,1.954332247557,1.70124718988154,"Exp2","mixed","IP",0,1.55976488210089,0.298026695767867,1.55813713670131,0.82570763324168,0,-0.203192765875612,0.82570763324168,0.17429236675832,0.82570763324168,0.82570763324168,"all","linear"
"3937",13,1.76834346805288,1.19721353417481,"Exp2","mixed","IP",0,1.53591372226687,0.292541077558209,1.53505377622227,0.797395565827657,0,-0.190255276052565,0.797395565827657,0.202604434172343,0.797395565827657,0.797395565827657,"all","linear"
"3938",13,1.954332247557,1.8055415247909,"Exp2","mixed","IP",0,1.55976488210089,0.298026695767867,1.55920365758776,0.82570763324168,0,-0.208668767017115,0.82570763324168,0.17429236675832,0.82570763324168,0.82570763324168,"all","linear"
"3939",13,1.60005476290647,1.40887719155035,"Exp2","mixed","IP",0,1.50599114490237,0.286359721169287,1.50457036160503,0.766097580497407,0,-0.164451481091514,0.766097580497407,0.233902419502593,0.766097580497407,0.766097580497407,"all","linear"
"3940",13,1.44778166151097,1.17939680554628,"Exp2","mixed","IP",0,1.46969549745689,0.279466696975917,1.47045779359645,0.731939537867744,0,-0.144143435103048,0.731939537867744,0.268060462132256,0.731939537867744,0.731939537867744,"all","linear"
"3941",13,0.663061306494331,1.17942210320871,"Exp2","mixed","IP",0,0.566836005626479,0.0663978178658185,0.566783881486617,0.960610710076913,0,1.29299229940823,0.960610710076913,0.039389289923087,0.960610710076913,0.960610710076913,"all","linear"
"3942",13,0.599959465297448,1.2177843098616,"Exp2","mixed","IP",0,0.56465513654387,0.0662063823943166,0.564651273238552,0.952546410975851,0,1.2957421401641,0.952546410975851,0.0474535890241494,0.952546410975851,0.952546410975851,"all","linear"
"3943",13,0.663061306494331,0.897616710957664,"Exp2","mixed","IP",0,0.566836005626479,0.0663978178658185,0.567243364261425,0.960610710076913,0,1.29145343594026,0.960610710076913,0.039389289923087,0.960610710076913,0.960610710076913,"all","linear"
"3944",13,1.31,0.853421316340246,"Exp2","mixed","IP",0,1.42692760935155,0.271864286641893,1.42960302112041,0.695160194429653,0,-0.115612996422197,0.695160194429653,0.304839805570347,0.695160194429653,0.695160194429653,"all","linear"
"3945",13,1.31,1.08231154940222,"Exp2","mixed","IP",0,1.42692760935155,0.271864286641893,1.42765666138148,0.695160194429653,0,-0.113647766079504,0.695160194429653,0.304839805570347,0.695160194429653,0.695160194429653,"all","linear"
"3946",13,1.31,1.34657962005076,"Exp2","mixed","IP",0,1.42692760935155,0.271864286641893,1.42518733931495,0.695160194429653,0,-0.112333110971553,0.695160194429653,0.304839805570347,0.695160194429653,0.695160194429653,"all","linear"
"3947",13,1.954332247557,1.75337283544468,"Exp2","mixed","IP",0,1.55976488210089,0.298026695767867,1.56033465159748,0.82570763324168,0,-0.21143907138583,0.82570763324168,0.17429236675832,0.82570763324168,0.82570763324168,"all","linear"
"3948",13,0.7328,1.05234061528427,"Exp2","mixed","IP",0,0.568428085699256,0.0665581179061891,0.568451777444547,0.967378883992362,0,1.29498168739688,0.967378883992362,0.0326211160076375,0.967378883992362,0.967378883992362,"all","linear"
"3949",13,0.4912,0.92675659796987,"Exp2","mixed","IP",0,0.558014327886691,0.0657094960731764,0.557946150064461,0.931705851987302,0,1.30929691916722,0.931705851987302,0.0682941480126976,0.931705851987302,0.931705851987302,"all","linear"
"3950",13,1.44778166151097,1.4404139377275,"Exp2","mixed","IP",0,1.46969549745689,0.279466696975917,1.468695527245,0.731939537867744,0,-0.138979712132089,0.731939537867744,0.268060462132256,0.731939537867744,0.731939537867744,"all","linear"
"3951",13,0.7328,1.06199677096083,"Exp2","mixed","IP",0,0.568428085699256,0.0665581179061891,0.568131773591612,0.967378883992362,0,1.29448937782642,0.967378883992362,0.0326211160076375,0.967378883992362,0.967378883992362,"all","linear"
"3952",13,0.4912,0.832665905471003,"Exp2","mixed","IP",0,0.558014327886691,0.0657094960731764,0.558232593278182,0.931705851987302,0,1.30399633901654,0.931705851987302,0.0682941480126976,0.931705851987302,0.931705851987302,"all","linear"
"3953",13,0.542862864224572,0.91873723883873,"Exp2","mixed","IP",0,0.561760824079992,0.0659787625709008,0.561787993136948,0.94298345094173,0,1.30174048283988,0.94298345094173,0.0570165490582696,0.94298345094173,0.94298345094173,"all","linear"
"3954",13,1.60005476290647,1.50292521784286,"Exp2","mixed","IP",0,1.50599114490237,0.286359721169287,1.50641652658562,0.766097580497407,0,-0.167561994485907,0.766097580497407,0.233902419502593,0.766097580497407,0.766097580497407,"all","linear"
"3955",13,1.31,1.42564916445917,"Exp2","mixed","IP",0,1.42692760935155,0.271864286641893,1.42575184643487,0.695160194429653,0,-0.112398875342893,0.695160194429653,0.304839805570347,0.695160194429653,0.695160194429653,"all","linear"
"3956",13,1.76834346805288,1.38810894306334,"Exp2","mixed","IP",0,1.53591372226687,0.292541077558209,1.53455315602045,0.797395565827657,0,-0.19372674300192,0.797395565827657,0.202604434172343,0.797395565827657,0.797395565827657,"all","linear"
"3957",13,0.599959465297448,0.970896488759536,"Exp2","mixed","IP",0,0.56465513654387,0.0662063823943166,0.564639147960685,0.952546410975851,0,1.29881601720449,0.952546410975851,0.0474535890241494,0.952546410975851,0.952546410975851,"all","linear"
"3958",13,1.60005476290647,1.33601274851208,"Exp2","mixed","IP",0,1.50599114490237,0.286359721169287,1.50435712961787,0.766097580497407,0,-0.172376298653227,0.766097580497407,0.233902419502593,0.766097580497407,0.766097580497407,"all","linear"
"3959",13,1.44778166151097,1.25906480959202,"Exp2","mixed","IP",0,1.46969549745689,0.279466696975917,1.46902292043264,0.731939537867744,0,-0.139336807892305,0.731939537867744,0.268060462132256,0.731939537867744,0.731939537867744,"all","linear"
"3960",13,1.76834346805288,1.2107908275957,"Exp2","mixed","IP",0,1.53591372226687,0.292541077558209,1.53867358660892,0.797395565827657,0,-0.193684131219676,0.797395565827657,0.202604434172343,0.797395565827657,0.797395565827657,"all","linear"
"3961",13,0.663061306494331,1.14469671878032,"Exp2","mixed","IP",0,0.566836005626479,0.0663978178658185,0.566977778814465,0.960610710076913,0,1.29350640068689,0.960610710076913,0.039389289923087,0.960610710076913,0.960610710076913,"all","linear"
"3962",14,1.44778166151097,1.24142239011417,"Exp2","mixed","IP",0,1.48871287802478,0.250509120423981,1.48729165809744,0.655996273369283,0,-0.0312034976728007,0.655996273369283,0.344003726630717,0.655996273369283,0.655996273369283,"all","linear"
"3963",14,1.76834346805288,1.60330697914105,"Exp2","mixed","IP",0,1.57793250571653,0.264674780718415,1.57997273003426,0.735939907408026,0,-0.091935655587919,0.735939907408026,0.264060092591974,0.735939907408026,0.735939907408026,"all","linear"
"3964",14,0.7328,0.593609920200834,"Exp2","mixed","IP",0,0.674236963253919,0.111313485518901,0.675088420927602,0.854091088714844,0,0.774472474051343,0.854091088714844,0.145908911285156,0.854091088714844,0.854091088714844,"all","linear"
"3965",14,1.60005476290647,1.42919902889662,"Exp2","mixed","IP",0,1.53717312388815,0.257929462056667,1.53919663240952,0.697383629497351,0,-0.0637405777554888,0.697383629497351,0.302616370502649,0.697383629497351,0.697383629497351,"all","linear"
"3966",14,0.663061306494331,0.657382534118369,"Exp2","mixed","IP",0,0.663947462626216,0.110282275151696,0.663705289494274,0.82840608967283,0,0.785503670731801,0.82840608967283,0.17159391032717,0.82840608967283,0.82840608967283,"all","linear"
"3967",14,0.663061306494331,0.667794705374945,"Exp2","mixed","IP",0,0.663947462626216,0.110282275151696,0.664394491716399,0.82840608967283,0,0.783479748767068,0.82840608967283,0.17159391032717,0.82840608967283,0.82840608967283,"all","linear"
"3968",14,1.31,1.35628060418276,"Exp2","mixed","IP",0,1.4327440118837,0.242448768635589,1.43283007452923,0.612251846812975,0,0.00228173355909684,0.612251846812975,0.387748153187025,0.612251846812975,0.612251846812975,"all","linear"
"3969",14,1.44778166151097,1.1165726146719,"Exp2","mixed","IP",0,1.48871287802478,0.250509120423981,1.48858566350383,0.655996273369283,0,-0.0339274812044572,0.655996273369283,0.344003726630717,0.655996273369283,0.655996273369283,"all","linear"
"3970",14,1.31,0.96833821338987,"Exp2","mixed","IP",0,1.4327440118837,0.242448768635589,1.43250539832709,0.612251846812975,0,0.00258767273556338,0.612251846812975,0.387748153187025,0.612251846812975,0.612251846812975,"all","linear"
"3971",14,0.7328,0.709824355728415,"Exp2","mixed","IP",0,0.674236963253919,0.111313485518901,0.674601651822996,0.854091088714844,0,0.779422885786897,0.854091088714844,0.145908911285156,0.854091088714844,0.854091088714844,"all","linear"
"3972",14,0.4912,0.574136890771115,"Exp2","mixed","IP",0,0.617427882593119,0.106336591397427,0.618234712468082,0.731561433579798,0,0.82669575424856,0.731561433579798,0.268438566420202,0.731561433579798,0.731561433579798,"all","linear"
"3973",14,1.44778166151097,0.99129732097208,"Exp2","mixed","IP",0,1.48871287802478,0.250509120423981,1.48854546481134,0.655996273369283,0,-0.0384761157184422,0.655996273369283,0.344003726630717,0.655996273369283,0.655996273369283,"all","linear"
"3974",14,0.542862864224572,0.709713728532734,"Exp2","mixed","IP",0,0.63570294348081,0.107795693237307,0.635384969568038,0.767113675256518,0,0.808701880468959,0.767113675256518,0.232886324743482,0.767113675256518,0.767113675256518,"all","linear"
"3975",14,0.7328,0.655964769202001,"Exp2","mixed","IP",0,0.674236963253919,0.111313485518901,0.673785393027895,0.854091088714844,0,0.781072091206716,0.854091088714844,0.145908911285156,0.854091088714844,0.854091088714844,"all","linear"
"3976",14,0.7328,0.699398214484063,"Exp2","mixed","IP",0,0.674236963253919,0.111313485518901,0.674137897804791,0.854091088714844,0,0.776710101147953,0.854091088714844,0.145908911285156,0.854091088714844,0.854091088714844,"all","linear"
"3977",14,1.60005476290647,0.876237486006175,"Exp2","mixed","IP",0,1.53717312388815,0.257929462056667,1.53625099987123,0.697383629497351,0,-0.05585316234394,0.697383629497351,0.302616370502649,0.697383629497351,0.697383629497351,"all","linear"
"3978",14,0.542862864224572,0.887026091781991,"Exp2","mixed","IP",0,0.63570294348081,0.107795693237307,0.635961387488806,0.767113675256518,0,0.811480810550669,0.767113675256518,0.232886324743482,0.767113675256518,0.767113675256518,"all","linear"
"3979",14,1.76834346805288,1.25184890892524,"Exp2","mixed","IP",0,1.57793250571653,0.264674780718415,1.57686750051899,0.735939907408026,0,-0.0865207218346135,0.735939907408026,0.264060092591974,0.735939907408026,0.735939907408026,"all","linear"
"3980",14,1.44778166151097,1.447870860683,"Exp2","mixed","IP",0,1.48871287802478,0.250509120423981,1.49062100531043,0.655996273369283,0,-0.0339499383571873,0.655996273369283,0.344003726630717,0.655996273369283,0.655996273369283,"all","linear"
"3981",14,0.599959465297448,0.760563349172116,"Exp2","mixed","IP",0,0.651168131222252,0.109111045232174,0.651272433217715,0.799424146370063,0,0.798997807480032,0.799424146370063,0.200575853629937,0.799424146370063,0.799424146370063,"all","linear"
"3982",14,1.954332247557,1.58438708569065,"Exp2","mixed","IP",0,1.61110530137767,0.270733504564346,1.61213830365591,0.771335335033479,0,-0.110820775550846,0.771335335033479,0.228664664966521,0.771335335033479,0.771335335033479,"all","linear"
"3983",14,1.954332247557,1.63317292389911,"Exp2","mixed","IP",0,1.61110530137767,0.270733504564346,1.61110211400689,0.771335335033479,0,-0.108381102341233,0.771335335033479,0.228664664966521,0.771335335033479,0.771335335033479,"all","linear"
"3984",14,0.599959465297448,0.531477458292102,"Exp2","mixed","IP",0,0.651168131222252,0.109111045232174,0.651821592451143,0.799424146370063,0,0.798486515331336,0.799424146370063,0.200575853629937,0.799424146370063,0.799424146370063,"all","linear"
"3985",14,0.542862864224572,0.656421247973412,"Exp2","mixed","IP",0,0.63570294348081,0.107795693237307,0.636546614367696,0.767113675256518,0,0.80188335085484,0.767113675256518,0.232886324743482,0.767113675256518,0.767113675256518,"all","linear"
"3986",14,0.599959465297448,0.574031927083524,"Exp2","mixed","IP",0,0.651168131222252,0.109111045232174,0.651754350431365,0.799424146370063,0,0.797382811385066,0.799424146370063,0.200575853629937,0.799424146370063,0.799424146370063,"all","linear"
"3987",14,0.599959465297448,0.552436214737099,"Exp2","mixed","IP",0,0.651168131222252,0.109111045232174,0.650833608835794,0.799424146370063,0,0.79567514234251,0.799424146370063,0.200575853629937,0.799424146370063,0.799424146370063,"all","linear"
"3988",14,0.4912,0.74926653791681,"Exp2","mixed","IP",0,0.617427882593119,0.106336591397427,0.617845334952293,0.731561433579798,0,0.821651976751778,0.731561433579798,0.268438566420202,0.731561433579798,0.731561433579798,"all","linear"
"3989",14,1.60005476290647,1.00944320161852,"Exp2","mixed","IP",0,1.53717312388815,0.257929462056667,1.53805414762648,0.697383629497351,0,-0.0631968240922134,0.697383629497351,0.302616370502649,0.697383629497351,0.697383629497351,"all","linear"
"3990",14,1.76834346805288,1.21015906906996,"Exp2","mixed","IP",0,1.57793250571653,0.264674780718415,1.57894167227024,0.735939907408026,0,-0.0855829918916724,0.735939907408026,0.264060092591974,0.735939907408026,0.735939907408026,"all","linear"
"3991",14,0.4912,0.532389660698755,"Exp2","mixed","IP",0,0.617427882593119,0.106336591397427,0.617846526871401,0.731561433579798,0,0.824017054694672,0.731561433579798,0.268438566420202,0.731561433579798,0.731561433579798,"all","linear"
"3992",14,1.60005476290647,1.38765757296005,"Exp2","mixed","IP",0,1.53717312388815,0.257929462056667,1.53656187772953,0.697383629497351,0,-0.0586389075678689,0.697383629497351,0.302616370502649,0.697383629497351,0.697383629497351,"all","linear"
"3993",14,1.76834346805288,1.61417072079439,"Exp2","mixed","IP",0,1.57793250571653,0.264674780718415,1.57585257700648,0.735939907408026,0,-0.0899863169461743,0.735939907408026,0.264060092591974,0.735939907408026,0.735939907408026,"all","linear"
"3994",14,0.4912,0.728797486157418,"Exp2","mixed","IP",0,0.617427882593119,0.106336591397427,0.617766130333761,0.731561433579798,0,0.824668653328298,0.731561433579798,0.268438566420202,0.731561433579798,0.731561433579798,"all","linear"
"3995",14,1.954332247557,1.65557134415849,"Exp2","mixed","IP",0,1.61110530137767,0.270733504564346,1.61288513672604,0.771335335033479,0,-0.11343064331633,0.771335335033479,0.228664664966521,0.771335335033479,0.771335335033479,"all","linear"
"3996",14,1.31,1.03015238613079,"Exp2","mixed","IP",0,1.4327440118837,0.242448768635589,1.43266607447401,0.612251846812975,0,-0.00748253345410709,0.612251846812975,0.387748153187025,0.612251846812975,0.612251846812975,"all","linear"
"3997",14,0.542862864224572,0.853996888846268,"Exp2","mixed","IP",0,0.63570294348081,0.107795693237307,0.635875673200984,0.767113675256518,0,0.811619105400054,0.767113675256518,0.232886324743482,0.767113675256518,0.767113675256518,"all","linear"
"3998",14,0.663061306494331,0.583046344488139,"Exp2","mixed","IP",0,0.663947462626216,0.110282275151696,0.663616801464246,0.82840608967283,0,0.789958079917926,0.82840608967283,0.17159391032717,0.82840608967283,0.82840608967283,"all","linear"
"3999",14,0.599959465297448,0.625753350436753,"Exp2","mixed","IP",0,0.651168131222252,0.109111045232174,0.651837690452749,0.799424146370063,0,0.794943239962923,0.799424146370063,0.200575853629937,0.799424146370063,0.799424146370063,"all","linear"
"4000",14,0.599959465297448,0.864774545172622,"Exp2","mixed","IP",0,0.651168131222252,0.109111045232174,0.651417797197943,0.799424146370063,0,0.7954821332349,0.799424146370063,0.200575853629937,0.799424146370063,0.799424146370063,"all","linear"
"4001",14,1.76834346805288,1.26259182906779,"Exp2","mixed","IP",0,1.57793250571653,0.264674780718415,1.57886461283256,0.735939907408026,0,-0.0919550453142456,0.735939907408026,0.264060092591974,0.735939907408026,0.735939907408026,"all","linear"
"4002",14,1.60005476290647,0.834930499313487,"Exp2","mixed","IP",0,1.53717312388815,0.257929462056667,1.53740880796571,0.697383629497351,0,-0.0622367840300721,0.697383629497351,0.302616370502649,0.697383629497351,0.697383629497351,"all","linear"
"4003",14,1.60005476290647,1.00190922528873,"Exp2","mixed","IP",0,1.53717312388815,0.257929462056667,1.53591430076424,0.697383629497351,0,-0.0612080573174799,0.697383629497351,0.302616370502649,0.697383629497351,0.697383629497351,"all","linear"
"4004",14,1.31,0.772319659735331,"Exp2","mixed","IP",0,1.4327440118837,0.242448768635589,1.4347675025955,0.612251846812975,0,-0.00157121629566779,0.612251846812975,0.387748153187025,0.612251846812975,0.612251846812975,"all","linear"
"4005",14,0.663061306494331,0.968079957409827,"Exp2","mixed","IP",0,0.663947462626216,0.110282275151696,0.663159913652491,0.82840608967283,0,0.790047039629844,0.82840608967283,0.17159391032717,0.82840608967283,0.82840608967283,"all","linear"
"4006",14,1.76834346805288,1.22070527669075,"Exp2","mixed","IP",0,1.57793250571653,0.264674780718415,1.57742356740134,0.735939907408026,0,-0.0884247005716958,0.735939907408026,0.264060092591974,0.735939907408026,0.735939907408026,"all","linear"
"4007",14,0.542862864224572,0.62579903607093,"Exp2","mixed","IP",0,0.63570294348081,0.107795693237307,0.635014821704172,0.767113675256518,0,0.808797275576937,0.767113675256518,0.232886324743482,0.767113675256518,0.767113675256518,"all","linear"
"4008",14,1.954332247557,1.25232841929574,"Exp2","mixed","IP",0,1.61110530137767,0.270733504564346,1.61169268587759,0.771335335033479,0,-0.109374036947531,0.771335335033479,0.228664664966521,0.771335335033479,0.771335335033479,"all","linear"
"4009",14,0.4912,0.760894475625719,"Exp2","mixed","IP",0,0.617427882593119,0.106336591397427,0.617106175568562,0.731561433579798,0,0.824207688032998,0.731561433579798,0.268438566420202,0.731561433579798,0.731561433579798,"all","linear"
"4010",14,0.7328,0.688946021102311,"Exp2","mixed","IP",0,0.674236963253919,0.111313485518901,0.673800086156204,0.854091088714844,0,0.780571678535536,0.854091088714844,0.145908911285156,0.854091088714844,0.854091088714844,"all","linear"
"4011",14,1.60005476290647,1.05143056444376,"Exp2","mixed","IP",0,1.53717312388815,0.257929462056667,1.53623424139868,0.697383629497351,0,-0.0575708323116393,0.697383629497351,0.302616370502649,0.697383629497351,0.697383629497351,"all","linear"
"4012",14,0.663061306494331,0.791596354210924,"Exp2","mixed","IP",0,0.663947462626216,0.110282275151696,0.663927584121632,0.82840608967283,0,0.784226597848991,0.82840608967283,0.17159391032717,0.82840608967283,0.82840608967283,"all","linear"
"4013",14,1.31,0.905140634350573,"Exp2","mixed","IP",0,1.4327440118837,0.242448768635589,1.43440579027341,0.612251846812975,0,0.00306992187185568,0.612251846812975,0.387748153187025,0.612251846812975,0.612251846812975,"all","linear"
"4014",14,0.7328,0.95920561744515,"Exp2","mixed","IP",0,0.674236963253919,0.111313485518901,0.675248579451567,0.854091088714844,0,0.778976160390025,0.854091088714844,0.145908911285156,0.854091088714844,0.854091088714844,"all","linear"
"4015",14,0.599959465297448,0.793215740021878,"Exp2","mixed","IP",0,0.651168131222252,0.109111045232174,0.650798406719922,0.799424146370063,0,0.795632091014908,0.799424146370063,0.200575853629937,0.799424146370063,0.799424146370063,"all","linear"
"4016",14,0.542862864224572,0.562072485354292,"Exp2","mixed","IP",0,0.63570294348081,0.107795693237307,0.635573142425976,0.767113675256518,0,0.807834922510136,0.767113675256518,0.232886324743482,0.767113675256518,0.767113675256518,"all","linear"
"4017",14,1.31,0.728589824186201,"Exp2","mixed","IP",0,1.4327440118837,0.242448768635589,1.43169665721849,0.612251846812975,0,-0.000537460412161757,0.612251846812975,0.387748153187025,0.612251846812975,0.612251846812975,"all","linear"
"4018",14,0.663061306494331,0.563355081204463,"Exp2","mixed","IP",0,0.663947462626216,0.110282275151696,0.664077146194165,0.82840608967283,0,0.787739718978912,0.82840608967283,0.17159391032717,0.82840608967283,0.82840608967283,"all","linear"
"4019",14,1.76834346805288,1.33562880988939,"Exp2","mixed","IP",0,1.57793250571653,0.264674780718415,1.57860833896351,0.735939907408026,0,-0.0879204711972228,0.735939907408026,0.264060092591974,0.735939907408026,0.735939907408026,"all","linear"
"4020",14,0.542862864224572,0.624287256917341,"Exp2","mixed","IP",0,0.63570294348081,0.107795693237307,0.634551231145802,0.767113675256518,0,0.809266631620191,0.767113675256518,0.232886324743482,0.767113675256518,0.767113675256518,"all","linear"
"4021",14,0.663061306494331,0.688756482357348,"Exp2","mixed","IP",0,0.663947462626216,0.110282275151696,0.664364859984604,0.82840608967283,0,0.791497508710935,0.82840608967283,0.17159391032717,0.82840608967283,0.82840608967283,"all","linear"
"4022",14,0.4912,0.615904131906973,"Exp2","mixed","IP",0,0.617427882593119,0.106336591397427,0.617305940641268,0.731561433579798,0,0.825523774667353,0.731561433579798,0.268438566420202,0.731561433579798,0.731561433579798,"all","linear"
"4023",14,1.44778166151097,1.18687940691689,"Exp2","mixed","IP",0,1.48871287802478,0.250509120423981,1.49002083775051,0.655996273369283,0,-0.0346594317588526,0.655996273369283,0.344003726630717,0.655996273369283,0.655996273369283,"all","linear"
"4024",14,1.60005476290647,1.47135025589614,"Exp2","mixed","IP",0,1.53717312388815,0.257929462056667,1.53458048881358,0.697383629497351,0,-0.0659398827770239,0.697383629497351,0.302616370502649,0.697383629497351,0.697383629497351,"all","linear"
"4025",14,0.542862864224572,0.501158055301858,"Exp2","mixed","IP",0,0.63570294348081,0.107795693237307,0.636011111063933,0.767113675256518,0,0.809755396469045,0.767113675256518,0.232886324743482,0.767113675256518,0.767113675256518,"all","linear"
"4026",14,1.31,0.761833107736493,"Exp2","mixed","IP",0,1.4327440118837,0.242448768635589,1.43495367370456,0.612251846812975,0,-0.00335352796230674,0.612251846812975,0.387748153187025,0.612251846812975,0.612251846812975,"all","linear"
"4027",14,1.954332247557,0.949681861859062,"Exp2","mixed","IP",0,1.61110530137767,0.270733504564346,1.61159119835159,0.771335335033479,0,-0.104208576750595,0.771335335033479,0.228664664966521,0.771335335033479,0.771335335033479,"all","linear"
"4028",14,1.44778166151097,1.471143726626,"Exp2","mixed","IP",0,1.48871287802478,0.250509120423981,1.48744903953505,0.655996273369283,0,-0.0347555127953055,0.655996273369283,0.344003726630717,0.655996273369283,0.655996273369283,"all","linear"
"4029",14,1.954332247557,1.69912183527867,"Exp2","mixed","IP",0,1.61110530137767,0.270733504564346,1.61289933557225,0.771335335033479,0,-0.112007209538018,0.771335335033479,0.228664664966521,0.771335335033479,0.771335335033479,"all","linear"
"4030",14,1.44778166151097,1.02267617758389,"Exp2","mixed","IP",0,1.48871287802478,0.250509120423981,1.49054696596218,0.655996273369283,0,-0.0320666236103449,0.655996273369283,0.344003726630717,0.655996273369283,0.655996273369283,"all","linear"
"4031",14,1.44778166151097,1.14572948818841,"Exp2","mixed","IP",0,1.48871287802478,0.250509120423981,1.48940605244796,0.655996273369283,0,-0.0337383233985168,0.655996273369283,0.344003726630717,0.655996273369283,0.655996273369283,"all","linear"
"4032",14,1.76834346805288,1.57296114644487,"Exp2","mixed","IP",0,1.57793250571653,0.264674780718415,1.57781210595278,0.735939907408026,0,-0.0860322650573204,0.735939907408026,0.264060092591974,0.735939907408026,0.735939907408026,"all","linear"
"4033",14,1.954332247557,1.08411202797015,"Exp2","mixed","IP",0,1.61110530137767,0.270733504564346,1.61070161275238,0.771335335033479,0,-0.111951508382198,0.771335335033479,0.228664664966521,0.771335335033479,0.771335335033479,"all","linear"
"4034",14,0.663061306494331,0.875122530002045,"Exp2","mixed","IP",0,0.663947462626216,0.110282275151696,0.663802117174586,0.82840608967283,0,0.787393540183115,0.82840608967283,0.17159391032717,0.82840608967283,0.82840608967283,"all","linear"
"4035",14,1.31,1.31484486706722,"Exp2","mixed","IP",0,1.4327440118837,0.242448768635589,1.43086981912179,0.612251846812975,0,-0.00283520974335541,0.612251846812975,0.387748153187025,0.612251846812975,0.612251846812975,"all","linear"
"4036",14,0.7328,0.707914998291017,"Exp2","mixed","IP",0,0.674236963253919,0.111313485518901,0.674598713816973,0.854091088714844,0,0.776402923205389,0.854091088714844,0.145908911285156,0.854091088714844,0.854091088714844,"all","linear"
"4037",14,1.76834346805288,0.876578806775797,"Exp2","mixed","IP",0,1.57793250571653,0.264674780718415,1.57627494683039,0.735939907408026,0,-0.0843172400056213,0.735939907408026,0.264060092591974,0.735939907408026,0.735939907408026,"all","linear"
"4038",14,0.542862864224572,0.511612891654295,"Exp2","mixed","IP",0,0.63570294348081,0.107795693237307,0.635761593786292,0.767113675256518,0,0.808401345854872,0.767113675256518,0.232886324743482,0.767113675256518,0.767113675256518,"all","linear"
"4039",14,1.31,0.811560598594951,"Exp2","mixed","IP",0,1.4327440118837,0.242448768635589,1.43294128675128,0.612251846812975,0,-0.000668457545890343,0.612251846812975,0.387748153187025,0.612251846812975,0.612251846812975,"all","linear"
"4040",14,0.4912,0.657656647919794,"Exp2","mixed","IP",0,0.617427882593119,0.106336591397427,0.616776764364427,0.731561433579798,0,0.822542915934722,0.731561433579798,0.268438566420202,0.731561433579798,0.731561433579798,"all","linear"
"4041",14,0.663061306494331,0.583568519954497,"Exp2","mixed","IP",0,0.663947462626216,0.110282275151696,0.66440231696089,0.82840608967283,0,0.78866411228342,0.82840608967283,0.17159391032717,0.82840608967283,0.82840608967283,"all","linear"
"4042",14,1.44778166151097,1.03009310807647,"Exp2","mixed","IP",0,1.48871287802478,0.250509120423981,1.48917079859764,0.655996273369283,0,-0.0352514939731764,0.655996273369283,0.344003726630717,0.655996273369283,0.655996273369283,"all","linear"
"4043",14,1.31,1.13731011672462,"Exp2","mixed","IP",0,1.4327440118837,0.242448768635589,1.43239252497882,0.612251846812975,0,0.00131728261526619,0.612251846812975,0.387748153187025,0.612251846812975,0.612251846812975,"all","linear"
"4044",14,1.60005476290647,1.15419794339141,"Exp2","mixed","IP",0,1.53717312388815,0.257929462056667,1.53635805798548,0.697383629497351,0,-0.0639301107831118,0.697383629497351,0.302616370502649,0.697383629497351,0.697383629497351,"all","linear"
"4045",14,1.76834346805288,1.34228418729617,"Exp2","mixed","IP",0,1.57793250571653,0.264674780718415,1.57562464793792,0.735939907408026,0,-0.0929427294224994,0.735939907408026,0.264060092591974,0.735939907408026,0.735939907408026,"all","linear"
"4046",14,0.542862864224572,0.741072196515233,"Exp2","mixed","IP",0,0.63570294348081,0.107795693237307,0.636238751776507,0.767113675256518,0,0.808225470428549,0.767113675256518,0.232886324743482,0.767113675256518,0.767113675256518,"all","linear"
"4047",14,1.44778166151097,1.1150766933406,"Exp2","mixed","IP",0,1.48871287802478,0.250509120423981,1.48896412517214,0.655996273369283,0,-0.0330650704144839,0.655996273369283,0.344003726630717,0.655996273369283,0.655996273369283,"all","linear"
"4048",14,1.60005476290647,1.70088733960438,"Exp2","mixed","IP",0,1.53717312388815,0.257929462056667,1.53738492953293,0.697383629497351,0,-0.0586388581415432,0.697383629497351,0.302616370502649,0.697383629497351,0.697383629497351,"all","linear"
"4049",14,1.44778166151097,1.17928501983079,"Exp2","mixed","IP",0,1.48871287802478,0.250509120423981,1.48932600660922,0.655996273369283,0,-0.0354835935426705,0.655996273369283,0.344003726630717,0.655996273369283,0.655996273369283,"all","linear"
"4050",14,0.599959465297448,0.625866620603119,"Exp2","mixed","IP",0,0.651168131222252,0.109111045232174,0.650554051071937,0.799424146370063,0,0.792516272660697,0.799424146370063,0.200575853629937,0.799424146370063,0.799424146370063,"all","linear"
"4051",14,0.599959465297448,0.801470869744662,"Exp2","mixed","IP",0,0.651168131222252,0.109111045232174,0.650973274446561,0.799424146370063,0,0.799547093059084,0.799424146370063,0.200575853629937,0.799424146370063,0.799424146370063,"all","linear"
"4052",14,0.7328,0.771448234589116,"Exp2","mixed","IP",0,0.674236963253919,0.111313485518901,0.673702831822216,0.854091088714844,0,0.781960004369062,0.854091088714844,0.145908911285156,0.854091088714844,0.854091088714844,"all","linear"
"4053",14,1.954332247557,1.3011357788364,"Exp2","mixed","IP",0,1.61110530137767,0.270733504564346,1.60984708786971,0.771335335033479,0,-0.10877794680194,0.771335335033479,0.228664664966521,0.771335335033479,0.771335335033479,"all","linear"
"4054",14,0.599959465297448,0.6867946430757,"Exp2","mixed","IP",0,0.651168131222252,0.109111045232174,0.651029888052599,0.799424146370063,0,0.799057111926987,0.799424146370063,0.200575853629937,0.799424146370063,0.799424146370063,"all","linear"
"4055",14,0.542862864224572,0.594959723015563,"Exp2","mixed","IP",0,0.63570294348081,0.107795693237307,0.636074607371828,0.767113675256518,0,0.810197571284486,0.767113675256518,0.232886324743482,0.767113675256518,0.767113675256518,"all","linear"
"4056",14,0.7328,0.70745134574463,"Exp2","mixed","IP",0,0.674236963253919,0.111313485518901,0.674919845390108,0.854091088714844,0,0.773791541693765,0.854091088714844,0.145908911285156,0.854091088714844,0.854091088714844,"all","linear"
"4057",14,1.954332247557,1.3147278212291,"Exp2","mixed","IP",0,1.61110530137767,0.270733504564346,1.61207273351537,0.771335335033479,0,-0.106777139193566,0.771335335033479,0.228664664966521,0.771335335033479,0.771335335033479,"all","linear"
"4058",14,0.4912,0.759707781848192,"Exp2","mixed","IP",0,0.617427882593119,0.106336591397427,0.616762424945529,0.731561433579798,0,0.824044020992305,0.731561433579798,0.268438566420202,0.731561433579798,0.731561433579798,"all","linear"
"4059",14,0.4912,0.574317367903859,"Exp2","mixed","IP",0,0.617427882593119,0.106336591397427,0.616660720791995,0.731561433579798,0,0.829877962183289,0.731561433579798,0.268438566420202,0.731561433579798,0.731561433579798,"all","linear"
"4060",14,0.663061306494331,0.657743488382039,"Exp2","mixed","IP",0,0.663947462626216,0.110282275151696,0.663235585571867,0.82840608967283,0,0.7918734286249,0.82840608967283,0.17159391032717,0.82840608967283,0.82840608967283,"all","linear"
"4061",14,0.7328,0.647197280761247,"Exp2","mixed","IP",0,0.674236963253919,0.111313485518901,0.675270530515413,0.854091088714844,0,0.780737994083971,0.854091088714844,0.145908911285156,0.854091088714844,0.854091088714844,"all","linear"
"4062",14,1.60005476290647,1.60684591670542,"Exp2","mixed","IP",0,1.53717312388815,0.257929462056667,1.53788093399523,0.697383629497351,0,-0.0651608060649874,0.697383629497351,0.302616370502649,0.697383629497351,0.697383629497351,"all","linear"
"4063",14,1.954332247557,1.09250496972891,"Exp2","mixed","IP",0,1.61110530137767,0.270733504564346,1.60817112587619,0.771335335033479,0,-0.113184633166746,0.771335335033479,0.228664664966521,0.771335335033479,0.771335335033479,"all","linear"
"4064",14,0.4912,0.678342423265349,"Exp2","mixed","IP",0,0.617427882593119,0.106336591397427,0.617408440002206,0.731561433579798,0,0.826175943175231,0.731561433579798,0.268438566420202,0.731561433579798,0.731561433579798,"all","linear"
"4065",14,1.60005476290647,0.834331300133272,"Exp2","mixed","IP",0,1.53717312388815,0.257929462056667,1.53634698601023,0.697383629497351,0,-0.0633643525484999,0.697383629497351,0.302616370502649,0.697383629497351,0.697383629497351,"all","linear"
"4066",14,1.31,1.15814012274677,"Exp2","mixed","IP",0,1.4327440118837,0.242448768635589,1.43012288656714,0.612251846812975,0,-0.00423121659805978,0.612251846812975,0.387748153187025,0.612251846812975,0.612251846812975,"all","linear"
"4067",14,0.599959465297448,0.709772251451795,"Exp2","mixed","IP",0,0.651168131222252,0.109111045232174,0.651209194339845,0.799424146370063,0,0.797472731753219,0.799424146370063,0.200575853629937,0.799424146370063,0.799424146370063,"all","linear"
"4068",14,0.663061306494331,0.843085196154789,"Exp2","mixed","IP",0,0.663947462626216,0.110282275151696,0.66415513512199,0.82840608967283,0,0.786061226315363,0.82840608967283,0.17159391032717,0.82840608967283,0.82840608967283,"all","linear"
"4069",14,0.542862864224572,1.17926689660453,"Exp2","mixed","IP",0,0.63570294348081,0.107795693237307,0.635645777833737,0.767113675256518,0,0.803923794187713,0.767113675256518,0.232886324743482,0.767113675256518,0.767113675256518,"all","linear"
"4070",14,0.7328,0.897646302577414,"Exp2","mixed","IP",0,0.674236963253919,0.111313485518901,0.673577505266989,0.854091088714844,0,0.780750772670381,0.854091088714844,0.145908911285156,0.854091088714844,0.854091088714844,"all","linear"
"4071",14,0.599959465297448,0.666577051086279,"Exp2","mixed","IP",0,0.651168131222252,0.109111045232174,0.651002170463736,0.799424146370063,0,0.800570098681858,0.799424146370063,0.200575853629937,0.799424146370063,0.799424146370063,"all","linear"
"4072",14,1.954332247557,1.72914484800094,"Exp2","mixed","IP",0,1.61110530137767,0.270733504564346,1.61398678686329,0.771335335033479,0,-0.114096056657069,0.771335335033479,0.228664664966521,0.771335335033479,0.771335335033479,"all","linear"
"4073",14,0.4912,0.728551689895539,"Exp2","mixed","IP",0,0.617427882593119,0.106336591397427,0.618142031597755,0.731561433579798,0,0.829322249129443,0.731561433579798,0.268438566420202,0.731561433579798,0.731561433579798,"all","linear"
"4074",14,0.7328,0.615982288320083,"Exp2","mixed","IP",0,0.674236963253919,0.111313485518901,0.674379624180754,0.854091088714844,0,0.77887213581107,0.854091088714844,0.145908911285156,0.854091088714844,0.854091088714844,"all","linear"
"4075",14,1.60005476290647,1.2938581706494,"Exp2","mixed","IP",0,1.53717312388815,0.257929462056667,1.53771201399768,0.697383629497351,0,-0.0606003439856085,0.697383629497351,0.302616370502649,0.697383629497351,0.697383629497351,"all","linear"
"4076",14,1.954332247557,1.83636676502283,"Exp2","mixed","IP",0,1.61110530137767,0.270733504564346,1.61108731623989,0.771335335033479,0,-0.108183530828262,0.771335335033479,0.228664664966521,0.771335335033479,0.771335335033479,"all","linear"
"4077",14,0.599959465297448,0.824539094253851,"Exp2","mixed","IP",0,0.651168131222252,0.109111045232174,0.65157114672783,0.799424146370063,0,0.795746515947123,0.799424146370063,0.200575853629937,0.799424146370063,0.799424146370063,"all","linear"
"4078",14,0.663061306494331,0.58402009035126,"Exp2","mixed","IP",0,0.663947462626216,0.110282275151696,0.663593495038959,0.82840608967283,0,0.788798691128468,0.82840608967283,0.17159391032717,0.82840608967283,0.82840608967283,"all","linear"
"4079",14,1.76834346805288,1.68976458683755,"Exp2","mixed","IP",0,1.57793250571653,0.264674780718415,1.57704465338366,0.735939907408026,0,-0.0886067229835764,0.735939907408026,0.264060092591974,0.735939907408026,0.735939907408026,"all","linear"
"4080",14,1.44778166151097,1.31471309610788,"Exp2","mixed","IP",0,1.48871287802478,0.250509120423981,1.48991781021342,0.655996273369283,0,-0.0344975938061339,0.655996273369283,0.344003726630717,0.655996273369283,0.655996273369283,"all","linear"
"4081",14,1.60005476290647,1.09317439641018,"Exp2","mixed","IP",0,1.53717312388815,0.257929462056667,1.53585509887731,0.697383629497351,0,-0.0633234523246757,0.697383629497351,0.302616370502649,0.697383629497351,0.697383629497351,"all","linear"
"4082",14,0.7328,0.897427313590015,"Exp2","mixed","IP",0,0.674236963253919,0.111313485518901,0.672947905281287,0.854091088714844,0,0.78014694388214,0.854091088714844,0.145908911285156,0.854091088714844,0.854091088714844,"all","linear"
"4083",14,1.31,1.00919325211908,"Exp2","mixed","IP",0,1.4327440118837,0.242448768635589,1.43160980461963,0.612251846812975,0,0.00292624426082986,0.612251846812975,0.387748153187025,0.612251846812975,0.612251846812975,"all","linear"
"4084",14,1.31,1.26265865846653,"Exp2","mixed","IP",0,1.4327440118837,0.242448768635589,1.43085913579081,0.612251846812975,0,0.00141013423399847,0.612251846812975,0.387748153187025,0.612251846812975,0.612251846812975,"all","linear"
"4085",14,0.542862864224572,0.749228781192869,"Exp2","mixed","IP",0,0.63570294348081,0.107795693237307,0.63504796067519,0.767113675256518,0,0.812339774983575,0.767113675256518,0.232886324743482,0.767113675256518,0.767113675256518,"all","linear"
"4086",14,1.954332247557,1.1480375566116,"Exp2","mixed","IP",0,1.61110530137767,0.270733504564346,1.60835185783812,0.771335335033479,0,-0.108338440193115,0.771335335033479,0.228664664966521,0.771335335033479,0.771335335033479,"all","linear"
"4087",14,0.663061306494331,0.686905270271382,"Exp2","mixed","IP",0,0.663947462626216,0.110282275151696,0.664105685137995,0.82840608967283,0,0.789759505835783,0.82840608967283,0.17159391032717,0.82840608967283,0.82840608967283,"all","linear"
"4088",14,1.76834346805288,1.35669328515542,"Exp2","mixed","IP",0,1.57793250571653,0.264674780718415,1.57618276295628,0.735939907408026,0,-0.0901907817421999,0.735939907408026,0.264060092591974,0.735939907408026,0.735939907408026,"all","linear"
"4089",14,0.4912,0.603657361521982,"Exp2","mixed","IP",0,0.617427882593119,0.106336591397427,0.617942245176976,0.731561433579798,0,0.826923273214789,0.731561433579798,0.268438566420202,0.731561433579798,0.731561433579798,"all","linear"
"4090",14,1.44778166151097,1.09275076598897,"Exp2","mixed","IP",0,1.48871287802478,0.250509120423981,1.48885896152184,0.655996273369283,0,-0.031057934445203,0.655996273369283,0.344003726630717,0.655996273369283,0.655996273369283,"all","linear"
"4091",14,0.4912,0.87431944452328,"Exp2","mixed","IP",0,0.617427882593119,0.106336591397427,0.617259960778593,0.731561433579798,0,0.827104288592962,0.731561433579798,0.268438566420202,0.731561433579798,0.731561433579798,"all","linear"
"4092",14,1.76834346805288,1.00156941478963,"Exp2","mixed","IP",0,1.57793250571653,0.264674780718415,1.57676243189657,0.735939907408026,0,-0.0875017716889299,0.735939907408026,0.264060092591974,0.735939907408026,0.735939907408026,"all","linear"
"4093",14,0.542862864224572,0.75165276275402,"Exp2","mixed","IP",0,0.63570294348081,0.107795693237307,0.635369445247193,0.767113675256518,0,0.807397497645302,0.767113675256518,0.232886324743482,0.767113675256518,0.767113675256518,"all","linear"
"4094",14,1.31,0.876696607747363,"Exp2","mixed","IP",0,1.4327440118837,0.242448768635589,1.43422817623957,0.612251846812975,0,-0.00322532698539375,0.612251846812975,0.387748153187025,0.612251846812975,0.612251846812975,"all","linear"
"4095",14,0.663061306494331,0.730621890968905,"Exp2","mixed","IP",0,0.663947462626216,0.110282275151696,0.664541065367844,0.82840608967283,0,0.791093743309062,0.82840608967283,0.17159391032717,0.82840608967283,0.82840608967283,"all","linear"
"4096",14,0.4912,0.697816585394321,"Exp2","mixed","IP",0,0.617427882593119,0.106336591397427,0.616587075748891,0.731561433579798,0,0.824805439521521,0.731561433579798,0.268438566420202,0.731561433579798,0.731561433579798,"all","linear"
"4097",14,0.7328,0.573001168570045,"Exp2","mixed","IP",0,0.674236963253919,0.111313485518901,0.674463213727506,0.854091088714844,0,0.778770392244054,0.854091088714844,0.145908911285156,0.854091088714844,0.854091088714844,"all","linear"
"4098",14,1.954332247557,1.34383221290227,"Exp2","mixed","IP",0,1.61110530137767,0.270733504564346,1.61195651192561,0.771335335033479,0,-0.110317024819389,0.771335335033479,0.228664664966521,0.771335335033479,0.771335335033479,"all","linear"
"4099",14,1.76834346805288,1.07471702280782,"Exp2","mixed","IP",0,1.57793250571653,0.264674780718415,1.57983235440352,0.735939907408026,0,-0.0875888953087557,0.735939907408026,0.264060092591974,0.735939907408026,0.735939907408026,"all","linear"
"4100",14,1.44778166151097,1.18954842960375,"Exp2","mixed","IP",0,1.48871287802478,0.250509120423981,1.48727861025866,0.655996273369283,0,-0.0305192336905418,0.655996273369283,0.344003726630717,0.655996273369283,0.655996273369283,"all","linear"
"4101",14,0.599959465297448,0.655661582724861,"Exp2","mixed","IP",0,0.651168131222252,0.109111045232174,0.651933929965636,0.799424146370063,0,0.801692521469433,0.799424146370063,0.200575853629937,0.799424146370063,0.799424146370063,"all","linear"
"4102",15,1.44778166151097,1.14479753185424,"Exp2","mixed","IP",0,1.4509214150921,0.19611825295177,1.44952297789166,0.890186825538052,0,0.218253117480516,0.890186825538052,0.109813174461948,0.890186825538052,0.890186825538052,"all","linear"
"4103",15,0.599959465297448,0.980827898110874,"Exp2","mixed","IP",0,0.646312231718848,0.0802747877192202,0.646112442498995,0.928385280306199,0,1.10218358406499,0.928385280306199,0.0716147196938012,0.928385280306199,0.928385280306199,"all","linear"
"4104",15,0.663061306494331,1.13540643527176,"Exp2","mixed","IP",0,0.650712501488513,0.0806547370266083,0.650788182144727,0.940128603789536,0,1.09835273526968,0.940128603789536,0.0598713962104643,0.940128603789536,0.940128603789536,"all","linear"
"4105",15,0.542862864224572,1.14539938968392,"Exp2","mixed","IP",0,0.640713867100977,0.0798282828504554,0.640258815203863,0.914663766747474,0,1.1153366937085,0.914663766747474,0.0853362332525263,0.914663766747474,0.914663766747474,"all","linear"
"4106",15,1.60005476290647,1.3875599460207,"Exp2","mixed","IP",0,1.46497824228285,0.197990383208183,1.46478188971804,0.907405525719567,0,0.202679032058817,0.907405525719567,0.092594474280433,0.907405525719567,0.907405525719567,"all","linear"
"4107",15,1.60005476290647,1.11626818694276,"Exp2","mixed","IP",0,1.46497824228285,0.197990383208183,1.46477068198376,0.907405525719567,0,0.199051403906806,0.907405525719567,0.092594474280433,0.907405525719567,0.907405525719567,"all","linear"
"4108",15,0.4912,1.04322175176094,"Exp2","mixed","IP",0,0.633734489083218,0.0793071210129563,0.632936931234541,0.898753274613219,0,1.11703398404379,0.898753274613219,0.101246725386781,0.898753274613219,0.898753274613219,"all","linear"
"4109",15,1.31,1.16853542390163,"Exp2","mixed","IP",0,1.43311039755284,0.193940727707629,1.43351855952811,0.870410222562019,0,0.22897102793971,0.870410222562019,0.129589777437981,0.870410222562019,0.870410222562019,"all","linear"
"4110",15,1.76834346805288,1.32484364156426,"Exp2","mixed","IP",0,1.47575658737156,0.199588639006804,1.47484259461571,0.922266639293429,0,0.196953879946572,0.922266639293429,0.0777333607065712,0.922266639293429,0.922266639293429,"all","linear"
"4111",15,1.44778166151097,1.3348520766358,"Exp2","mixed","IP",0,1.4509214150921,0.19611825295177,1.45209992096991,0.890186825538052,0,0.207917429523057,0.890186825538052,0.109813174461948,0.890186825538052,0.890186825538052,"all","linear"
"4112",15,1.44778166151097,1.41902306467182,"Exp2","mixed","IP",0,1.4509214150921,0.19611825295177,1.45108831490938,0.890186825538052,0,0.207992856760989,0.890186825538052,0.109813174461948,0.890186825538052,0.890186825538052,"all","linear"
"4113",15,0.663061306494331,0.730608337052217,"Exp2","mixed","IP",0,0.650712501488513,0.0806547370266083,0.65100071928932,0.940128603789536,0,1.10203124926271,0.940128603789536,0.0598713962104643,0.940128603789536,0.940128603789536,"all","linear"
"4114",15,0.7328,0.793256677638965,"Exp2","mixed","IP",0,0.654091443343601,0.0809761315338268,0.653947673091047,0.950111329389113,0,1.09864104358383,0.950111329389113,0.049888670610887,0.950111329389113,0.950111329389113,"all","linear"
"4115",15,0.7328,0.814087226341144,"Exp2","mixed","IP",0,0.654091443343601,0.0809761315338268,0.6539434137283,0.950111329389113,0,1.09601554347014,0.950111329389113,0.049888670610887,0.950111329389113,0.950111329389113,"all","linear"
"4116",15,1.31,1.17904414857458,"Exp2","mixed","IP",0,1.43311039755284,0.193940727707629,1.43082215598614,0.870410222562019,0,0.215603731445388,0.870410222562019,0.129589777437981,0.870410222562019,0.870410222562019,"all","linear"
"4117",15,1.954332247557,1.52315504144644,"Exp2","mixed","IP",0,1.48373017126201,0.200944590186559,1.48353509709704,0.934993580463134,0,0.185425242890914,0.934993580463134,0.0650064195368665,0.934993580463134,0.934993580463134,"all","linear"
"4118",15,0.599959465297448,0.782458351362038,"Exp2","mixed","IP",0,0.646312231718848,0.0802747877192202,0.647083220342393,0.928385280306199,0,1.10575789307016,0.928385280306199,0.0716147196938012,0.928385280306199,0.928385280306199,"all","linear"
"4119",15,0.663061306494331,0.907780707775601,"Exp2","mixed","IP",0,0.650712501488513,0.0806547370266083,0.651388812371957,0.940128603789536,0,1.09983193846926,0.940128603789536,0.0598713962104643,0.940128603789536,0.940128603789536,"all","linear"
"4120",15,0.4912,0.657410493470707,"Exp2","mixed","IP",0,0.633734489083218,0.0793071210129563,0.634196228841754,0.898753274613219,0,1.1161418575139,0.898753274613219,0.101246725386781,0.898753274613219,0.898753274613219,"all","linear"
"4121",15,1.76834346805288,1.32490594177943,"Exp2","mixed","IP",0,1.47575658737156,0.199588639006804,1.47592040026592,0.922266639293429,0,0.193285000219323,0.922266639293429,0.0777333607065712,0.922266639293429,0.922266639293429,"all","linear"
"4122",15,0.7328,1.03296600371687,"Exp2","mixed","IP",0,0.654091443343601,0.0809761315338268,0.654077951987665,0.950111329389113,0,1.09528784372908,0.950111329389113,0.049888670610887,0.950111329389113,0.950111329389113,"all","linear"
"4123",15,1.31,1.12677464615354,"Exp2","mixed","IP",0,1.43311039755284,0.193940727707629,1.43355024313103,0.870410222562019,0,0.221521422125321,0.870410222562019,0.129589777437981,0.870410222562019,0.870410222562019,"all","linear"
"4124",15,1.954332247557,1.11624930809012,"Exp2","mixed","IP",0,1.48373017126201,0.200944590186559,1.48219691540942,0.934993580463134,0,0.185959995034979,0.934993580463134,0.0650064195368665,0.934993580463134,0.934993580463134,"all","linear"
"4125",15,0.599959465297448,0.855831013122042,"Exp2","mixed","IP",0,0.646312231718848,0.0802747877192202,0.646114716775098,0.928385280306199,0,1.10167694638599,0.928385280306199,0.0716147196938012,0.928385280306199,0.928385280306199,"all","linear"
"4126",15,1.954332247557,1.0091567496047,"Exp2","mixed","IP",0,1.48373017126201,0.200944590186559,1.48372630698417,0.934993580463134,0,0.183036104720229,0.934993580463134,0.0650064195368665,0.934993580463134,0.934993580463134,"all","linear"
"4127",15,1.31,1.21035963459599,"Exp2","mixed","IP",0,1.43311039755284,0.193940727707629,1.43315311995504,0.870410222562019,0,0.219048408050694,0.870410222562019,0.129589777437981,0.870410222562019,0.870410222562019,"all","linear"
"4128",15,1.60005476290647,1.25198939310576,"Exp2","mixed","IP",0,1.46497824228285,0.197990383208183,1.46311777016564,0.907405525719567,0,0.200451000697284,0.907405525719567,0.092594474280433,0.907405525719567,0.907405525719567,"all","linear"
"4129",15,0.542862864224572,0.668009836636884,"Exp2","mixed","IP",0,0.640713867100977,0.0798282828504554,0.640658516227834,0.914663766747474,0,1.11067850029278,0.914663766747474,0.0853362332525263,0.914663766747474,0.914663766747474,"all","linear"
"4130",15,1.76834346805288,1.08336121362299,"Exp2","mixed","IP",0,1.47575658737156,0.199588639006804,1.4742558374192,0.922266639293429,0,0.193103397636997,0.922266639293429,0.0777333607065712,0.922266639293429,0.922266639293429,"all","linear"
"4131",15,0.4912,0.730539240450526,"Exp2","mixed","IP",0,0.633734489083218,0.0793071210129563,0.633955024741307,0.898753274613219,0,1.11663837365805,0.898753274613219,0.101246725386781,0.898753274613219,0.898753274613219,"all","linear"
"4132",15,0.7328,0.709840843717757,"Exp2","mixed","IP",0,0.654091443343601,0.0809761315338268,0.653954214154786,0.950111329389113,0,1.09653692636939,0.950111329389113,0.049888670610887,0.950111329389113,0.950111329389113,"all","linear"
"4133",15,1.954332247557,1.47108905305868,"Exp2","mixed","IP",0,1.48373017126201,0.200944590186559,1.48340811084864,0.934993580463134,0,0.185212695463777,0.934993580463134,0.0650064195368665,0.934993580463134,0.934993580463134,"all","linear"
"4134",15,0.542862864224572,0.907888694813664,"Exp2","mixed","IP",0,0.640713867100977,0.0798282828504554,0.641242617318488,0.914663766747474,0,1.10903744281593,0.914663766747474,0.0853362332525263,0.914663766747474,0.914663766747474,"all","linear"
"4135",15,0.542862864224572,0.876425576163456,"Exp2","mixed","IP",0,0.640713867100977,0.0798282828504554,0.641070045701331,0.914663766747474,0,1.11339048849248,0.914663766747474,0.0853362332525263,0.914663766747474,0.914663766747474,"all","linear"
"4136",15,0.663061306494331,1.05392757165828,"Exp2","mixed","IP",0,0.650712501488513,0.0806547370266083,0.650362111769435,0.940128603789536,0,1.09735971749176,0.940128603789536,0.0598713962104643,0.940128603789536,0.940128603789536,"all","linear"
"4137",15,0.7328,0.90772897971874,"Exp2","mixed","IP",0,0.654091443343601,0.0809761315338268,0.653564113667441,0.950111329389113,0,1.0983116166912,0.950111329389113,0.049888670610887,0.950111329389113,0.950111329389113,"all","linear"
"4138",15,0.599959465297448,0.939136594542106,"Exp2","mixed","IP",0,0.646312231718848,0.0802747877192202,0.646493610072672,0.928385280306199,0,1.10574798994837,0.928385280306199,0.0716147196938012,0.928385280306199,0.928385280306199,"all","linear"
"4139",15,1.76834346805288,1.02275292188006,"Exp2","mixed","IP",0,1.47575658737156,0.199588639006804,1.47664061990932,0.922266639293429,0,0.191193578061956,0.922266639293429,0.0777333607065712,0.922266639293429,0.922266639293429,"all","linear"
"4140",15,1.44778166151097,1.07291101339433,"Exp2","mixed","IP",0,1.4509214150921,0.19611825295177,1.45199253656752,0.890186825538052,0,0.209087913280649,0.890186825538052,0.109813174461948,0.890186825538052,0.890186825538052,"all","linear"
"4141",15,0.7328,0.887023786599457,"Exp2","mixed","IP",0,0.654091443343601,0.0809761315338268,0.654777996400755,0.950111329389113,0,1.10029196429321,0.950111329389113,0.049888670610887,0.950111329389113,0.950111329389113,"all","linear"
"4142",15,0.542862864224572,0.907907196089582,"Exp2","mixed","IP",0,0.640713867100977,0.0798282828504554,0.640555459578962,0.914663766747474,0,1.11430030612804,0.914663766747474,0.0853362332525263,0.914663766747474,0.914663766747474,"all","linear"
"4143",15,0.7328,0.980897749867836,"Exp2","mixed","IP",0,0.654091443343601,0.0809761315338268,0.65436673539376,0.950111329389113,0,1.09915203218707,0.950111329389113,0.049888670610887,0.950111329389113,0.950111329389113,"all","linear"
"4144",15,0.542862864224572,0.667826334187339,"Exp2","mixed","IP",0,0.640713867100977,0.0798282828504554,0.64079942183902,0.914663766747474,0,1.11099960783137,0.914663766747474,0.0853362332525263,0.914663766747474,0.914663766747474,"all","linear"
"4145",15,0.4912,0.772237340407628,"Exp2","mixed","IP",0,0.633734489083218,0.0793071210129563,0.63405130248265,0.898753274613219,0,1.11413452664802,0.898753274613219,0.101246725386781,0.898753274613219,0.898753274613219,"all","linear"
"4146",15,0.4912,0.90788982754475,"Exp2","mixed","IP",0,0.633734489083218,0.0793071210129563,0.633719991082481,0.898753274613219,0,1.12079478969671,0.898753274613219,0.101246725386781,0.898753274613219,0.898753274613219,"all","linear"
"4147",15,1.76834346805288,1.1788772595155,"Exp2","mixed","IP",0,1.47575658737156,0.199588639006804,1.47553457477476,0.922266639293429,0,0.192122963958107,0.922266639293429,0.0777333607065712,0.922266639293429,0.922266639293429,"all","linear"
"4148",15,1.31,1.09549729541504,"Exp2","mixed","IP",0,1.43311039755284,0.193940727707629,1.4340172999363,0.870410222562019,0,0.226521016376447,0.870410222562019,0.129589777437981,0.870410222562019,0.870410222562019,"all","linear"
"4149",15,0.663061306494331,1.0121762333365,"Exp2","mixed","IP",0,0.650712501488513,0.0806547370266083,0.65046414303386,0.940128603789536,0,1.10109239816595,0.940128603789536,0.0598713962104643,0.940128603789536,0.940128603789536,"all","linear"
"4150",15,1.954332247557,0.959985266943477,"Exp2","mixed","IP",0,1.48373017126201,0.200944590186559,1.4853566817819,0.934993580463134,0,0.187575910018373,0.934993580463134,0.0650064195368665,0.934993580463134,0.934993580463134,"all","linear"
"4151",15,1.954332247557,1.27279162352806,"Exp2","mixed","IP",0,1.48373017126201,0.200944590186559,1.48382391035459,0.934993580463134,0,0.192544380152221,0.934993580463134,0.0650064195368665,0.934993580463134,0.934993580463134,"all","linear"
"4152",15,0.4912,0.605449093927746,"Exp2","mixed","IP",0,0.633734489083218,0.0793071210129563,0.633784473366236,0.898753274613219,0,1.1219637085509,0.898753274613219,0.101246725386781,0.898753274613219,0.898753274613219,"all","linear"
"4153",15,1.31,1.12686262160787,"Exp2","mixed","IP",0,1.43311039755284,0.193940727707629,1.43282027661046,0.870410222562019,0,0.220499279709354,0.870410222562019,0.129589777437981,0.870410222562019,0.870410222562019,"all","linear"
"4154",15,0.599959465297448,0.824377333898155,"Exp2","mixed","IP",0,0.646312231718848,0.0802747877192202,0.646065090641746,0.928385280306199,0,1.10100242782088,0.928385280306199,0.0716147196938012,0.928385280306199,0.928385280306199,"all","linear"
"4155",15,1.44778166151097,1.38787748832692,"Exp2","mixed","IP",0,1.4509214150921,0.19611825295177,1.45031679728827,0.890186825538052,0,0.215430675058469,0.890186825538052,0.109813174461948,0.890186825538052,0.890186825538052,"all","linear"
"4156",15,1.76834346805288,1.3354660169316,"Exp2","mixed","IP",0,1.47575658737156,0.199588639006804,1.47587980406952,0.922266639293429,0,0.194294062599308,0.922266639293429,0.0777333607065712,0.922266639293429,0.922266639293429,"all","linear"
"4157",15,0.663061306494331,0.730693669467655,"Exp2","mixed","IP",0,0.650712501488513,0.0806547370266083,0.650768080421293,0.940128603789536,0,1.10372066536631,0.940128603789536,0.0598713962104643,0.940128603789536,0.940128603789536,"all","linear"
"4158",15,1.31,0.989354720807569,"Exp2","mixed","IP",0,1.43311039755284,0.193940727707629,1.43225753939783,0.870410222562019,0,0.225346608107886,0.870410222562019,0.129589777437981,0.870410222562019,0.870410222562019,"all","linear"
"4159",15,1.60005476290647,1.23097647468421,"Exp2","mixed","IP",0,1.46497824228285,0.197990383208183,1.46478833365708,0.907405525719567,0,0.202485757723949,0.907405525719567,0.092594474280433,0.907405525719567,0.907405525719567,"all","linear"
"4160",15,1.954332247557,1.31457732136187,"Exp2","mixed","IP",0,1.48373017126201,0.200944590186559,1.48191546066606,0.934993580463134,0,0.185420553578124,0.934993580463134,0.0650064195368665,0.934993580463134,0.934993580463134,"all","linear"
"4161",15,1.60005476290647,1.43979886470061,"Exp2","mixed","IP",0,1.46497824228285,0.197990383208183,1.46507687992403,0.907405525719567,0,0.199513990761034,0.907405525719567,0.092594474280433,0.907405525719567,0.907405525719567,"all","linear"
"4162",15,1.44778166151097,1.3664703794575,"Exp2","mixed","IP",0,1.4509214150921,0.19611825295177,1.45239501830176,0.890186825538052,0,0.213067743626989,0.890186825538052,0.109813174461948,0.890186825538052,0.890186825538052,"all","linear"
"4163",15,0.599959465297448,0.970267445381069,"Exp2","mixed","IP",0,0.646312231718848,0.0802747877192202,0.646695235914368,0.928385280306199,0,1.10649351304905,0.928385280306199,0.0716147196938012,0.928385280306199,0.928385280306199,"all","linear"
"4164",15,1.60005476290647,0.991369849565672,"Exp2","mixed","IP",0,1.46497824228285,0.197990383208183,1.46318851783009,0.907405525719567,0,0.205439005559779,0.907405525719567,0.092594474280433,0.907405525719567,0.907405525719567,"all","linear"
"4165",15,0.663061306494331,0.991240340635159,"Exp2","mixed","IP",0,0.650712501488513,0.0806547370266083,0.651099567485712,0.940128603789536,0,1.09320476282423,0.940128603789536,0.0598713962104643,0.940128603789536,0.940128603789536,"all","linear"
"4166",15,1.44778166151097,1.01210260581047,"Exp2","mixed","IP",0,1.4509214150921,0.19611825295177,1.44971020261292,0.890186825538052,0,0.217638451531705,0.890186825538052,0.109813174461948,0.890186825538052,0.890186825538052,"all","linear"
"4167",15,1.76834346805288,1.19967722447564,"Exp2","mixed","IP",0,1.47575658737156,0.199588639006804,1.47739020336913,0.922266639293429,0,0.189709755264579,0.922266639293429,0.0777333607065712,0.922266639293429,0.922266639293429,"all","linear"
"4168",15,0.4912,0.699241122974854,"Exp2","mixed","IP",0,0.633734489083218,0.0793071210129563,0.633935740917357,0.898753274613219,0,1.11348182486208,0.898753274613219,0.101246725386781,0.898753274613219,0.898753274613219,"all","linear"
"4169",15,1.31,1.22011811365428,"Exp2","mixed","IP",0,1.43311039755284,0.193940727707629,1.43366745191469,0.870410222562019,0,0.217415342206989,0.870410222562019,0.129589777437981,0.870410222562019,0.870410222562019,"all","linear"
"4170",15,0.599959465297448,0.615818492667131,"Exp2","mixed","IP",0,0.646312231718848,0.0802747877192202,0.646494905829685,0.928385280306199,0,1.10427248281617,0.928385280306199,0.0716147196938012,0.928385280306199,0.928385280306199,"all","linear"
"4171",15,0.4912,0.782603718529572,"Exp2","mixed","IP",0,0.633734489083218,0.0793071210129563,0.633721272989199,0.898753274613219,0,1.11282790505656,0.898753274613219,0.101246725386781,0.898753274613219,0.898753274613219,"all","linear"
"4172",15,0.7328,0.845330595144333,"Exp2","mixed","IP",0,0.654091443343601,0.0809761315338268,0.653843516766843,0.950111329389113,0,1.09468230488994,0.950111329389113,0.049888670610887,0.950111329389113,0.950111329389113,"all","linear"
"4173",15,0.542862864224572,1.095589424217,"Exp2","mixed","IP",0,0.640713867100977,0.0798282828504554,0.640955331898483,0.914663766747474,0,1.11172786517878,0.914663766747474,0.0853362332525263,0.914663766747474,0.914663766747474,"all","linear"
"4174",15,1.76834346805288,1.31467360351144,"Exp2","mixed","IP",0,1.47575658737156,0.199588639006804,1.47495809431971,0.922266639293429,0,0.194996158984868,0.922266639293429,0.0777333607065712,0.922266639293429,0.922266639293429,"all","linear"
"4175",15,1.76834346805288,1.22879596717485,"Exp2","mixed","IP",0,1.47575658737156,0.199588639006804,1.47790076214128,0.922266639293429,0,0.192024591340735,0.922266639293429,0.0777333607065712,0.922266639293429,0.922266639293429,"all","linear"
"4176",15,1.954332247557,1.39806149673041,"Exp2","mixed","IP",0,1.48373017126201,0.200944590186559,1.48319387862633,0.934993580463134,0,0.193727578209506,0.934993580463134,0.0650064195368665,0.934993580463134,0.934993580463134,"all","linear"
"4177",15,1.60005476290647,1.19977954785918,"Exp2","mixed","IP",0,1.46497824228285,0.197990383208183,1.46530505883908,0.907405525719567,0,0.19887822406558,0.907405525719567,0.092594474280433,0.907405525719567,0.907405525719567,"all","linear"
"4178",15,0.7328,0.939123379344892,"Exp2","mixed","IP",0,0.654091443343601,0.0809761315338268,0.653225143058526,0.950111329389113,0,1.10145173472364,0.950111329389113,0.049888670610887,0.950111329389113,0.950111329389113,"all","linear"
"4179",15,0.663061306494331,0.907893980892368,"Exp2","mixed","IP",0,0.650712501488513,0.0806547370266083,0.650537086785293,0.940128603789536,0,1.09882858749687,0.940128603789536,0.0598713962104643,0.940128603789536,0.940128603789536,"all","linear"
"4180",15,0.663061306494331,0.894705969417373,"Exp2","mixed","IP",0,0.650712501488513,0.0806547370266083,0.650397021361505,0.940128603789536,0,1.10325761621053,0.940128603789536,0.0598713962104643,0.940128603789536,0.940128603789536,"all","linear"
"4181",15,0.7328,0.803592849596498,"Exp2","mixed","IP",0,0.654091443343601,0.0809761315338268,0.653729342850169,0.950111329389113,0,1.09694910870704,0.950111329389113,0.049888670610887,0.950111329389113,0.950111329389113,"all","linear"
"4182",15,0.542862864224572,0.761880401712006,"Exp2","mixed","IP",0,0.640713867100977,0.0798282828504554,0.640827706179841,0.914663766747474,0,1.10689996680638,0.914663766747474,0.0853362332525263,0.914663766747474,0.914663766747474,"all","linear"
"4183",15,0.599959465297448,0.793059582414571,"Exp2","mixed","IP",0,0.646312231718848,0.0802747877192202,0.646045345997104,0.928385280306199,0,1.10747027241078,0.928385280306199,0.0716147196938012,0.928385280306199,0.928385280306199,"all","linear"
"4184",15,1.76834346805288,1.35627353343352,"Exp2","mixed","IP",0,1.47575658737156,0.199588639006804,1.47554100297626,0.922266639293429,0,0.193081131714236,0.922266639293429,0.0777333607065712,0.922266639293429,0.922266639293429,"all","linear"
"4185",15,1.60005476290647,1.10599846854711,"Exp2","mixed","IP",0,1.46497824228285,0.197990383208183,1.46492527950376,0.907405525719567,0,0.201594342960906,0.907405525719567,0.092594474280433,0.907405525719567,0.907405525719567,"all","linear"
"4186",15,1.60005476290647,1.19985317538521,"Exp2","mixed","IP",0,1.46497824228285,0.197990383208183,1.46527706386122,0.907405525719567,0,0.20753309150535,0.907405525719567,0.092594474280433,0.907405525719567,0.907405525719567,"all","linear"
"4187",15,0.4912,1.17890180202357,"Exp2","mixed","IP",0,0.633734489083218,0.0793071210129563,0.63420599861999,0.898753274613219,0,1.12344326033151,0.898753274613219,0.101246725386781,0.898753274613219,0.898753274613219,"all","linear"
"4188",15,1.60005476290647,1.11649964167918,"Exp2","mixed","IP",0,1.46497824228285,0.197990383208183,1.46480466229598,0.907405525719567,0,0.194455533638132,0.907405525719567,0.092594474280433,0.907405525719567,0.907405525719567,"all","linear"
"4189",15,1.44778166151097,1.25191878619535,"Exp2","mixed","IP",0,1.4509214150921,0.19611825295177,1.45041165412551,0.890186825538052,0,0.208371932224246,0.890186825538052,0.109813174461948,0.890186825538052,0.890186825538052,"all","linear"
"4190",15,1.954332247557,1.10320402074194,"Exp2","mixed","IP",0,1.48373017126201,0.200944590186559,1.48328358658947,0.934993580463134,0,0.180957819190954,0.934993580463134,0.0650064195368665,0.934993580463134,0.934993580463134,"all","linear"
"4191",15,1.44778166151097,1.04314925696599,"Exp2","mixed","IP",0,1.4509214150921,0.19611825295177,1.45050004471733,0.890186825538052,0,0.211508318207958,0.890186825538052,0.109813174461948,0.890186825538052,0.890186825538052,"all","linear"
"4192",15,0.663061306494331,0.97043131382361,"Exp2","mixed","IP",0,0.650712501488513,0.0806547370266083,0.649946736544369,0.940128603789536,0,1.10456110149916,0.940128603789536,0.0598713962104643,0.940128603789536,0.940128603789536,"all","linear"
"4193",15,1.31,1.0642935722035,"Exp2","mixed","IP",0,1.43311039755284,0.193940727707629,1.43405235449576,0.870410222562019,0,0.218350389873158,0.870410222562019,0.129589777437981,0.870410222562019,0.870410222562019,"all","linear"
"4194",15,1.31,1.02266419127136,"Exp2","mixed","IP",0,1.43311039755284,0.193940727707629,1.43291606759971,0.870410222562019,0,0.221250056518687,0.870410222562019,0.129589777437981,0.870410222562019,0.870410222562019,"all","linear"
"4195",15,0.7328,1.00170224575231,"Exp2","mixed","IP",0,0.654091443343601,0.0809761315338268,0.654111161512982,0.950111329389113,0,1.09410096284464,0.950111329389113,0.049888670610887,0.950111329389113,0.950111329389113,"all","linear"
"4196",15,1.954332247557,1.2520188441149,"Exp2","mixed","IP",0,1.48373017126201,0.200944590186559,1.4820488613744,0.934993580463134,0,0.187299150656715,0.934993580463134,0.0650064195368665,0.934993580463134,0.934993580463134,"all","linear"
"4197",15,0.542862864224572,0.782539908006584,"Exp2","mixed","IP",0,0.640713867100977,0.0798282828504554,0.640926033121881,0.914663766747474,0,1.11045834963887,0.914663766747474,0.0853362332525263,0.914663766747474,0.914663766747474,"all","linear"
"4198",15,1.44778166151097,1.00158028836358,"Exp2","mixed","IP",0,1.4509214150921,0.19611825295177,1.45242815716999,0.890186825538052,0,0.211667879766401,0.890186825538052,0.109813174461948,0.890186825538052,0.890186825538052,"all","linear"
"4199",15,0.4912,0.584574368709582,"Exp2","mixed","IP",0,0.633734489083218,0.0793071210129563,0.63327374425513,0.898753274613219,0,1.11567756469734,0.898753274613219,0.101246725386781,0.898753274613219,0.898753274613219,"all","linear"
"4200",15,1.31,1.16855468033191,"Exp2","mixed","IP",0,1.43311039755284,0.193940727707629,1.43292804210063,0.870410222562019,0,0.224006017156018,0.870410222562019,0.129589777437981,0.870410222562019,0.870410222562019,"all","linear"
"4201",15,0.599959465297448,0.647265753081228,"Exp2","mixed","IP",0,0.646312231718848,0.0802747877192202,0.646627620470692,0.928385280306199,0,1.10569712444611,0.928385280306199,0.0716147196938012,0.928385280306199,0.928385280306199,"all","linear"
"4202",15,1.76834346805288,1.06433925902729,"Exp2","mixed","IP",0,1.47575658737156,0.199588639006804,1.47471867167454,0.922266639293429,0,0.192831443757372,0.922266639293429,0.0777333607065712,0.922266639293429,0.922266639293429,"all","linear"
"4203",15,0.599959465297448,0.803467494012693,"Exp2","mixed","IP",0,0.646312231718848,0.0802747877192202,0.646105857420124,0.928385280306199,0,1.1115416258725,0.928385280306199,0.0716147196938012,0.928385280306199,0.928385280306199,"all","linear"
"4204",15,0.542862864224572,1.01002140106721,"Exp2","mixed","IP",0,0.640713867100977,0.0798282828504554,0.641366664613877,0.914663766747474,0,1.11112819310897,0.914663766747474,0.0853362332525263,0.914663766747474,0.914663766747474,"all","linear"
"4205",15,0.4912,0.521832011436345,"Exp2","mixed","IP",0,0.633734489083218,0.0793071210129563,0.633574041460246,0.898753274613219,0,1.1186208984614,0.898753274613219,0.101246725386781,0.898753274613219,0.898753274613219,"all","linear"
"4206",15,1.31,1.01208825788126,"Exp2","mixed","IP",0,1.43311039755284,0.193940727707629,1.43289262117146,0.870410222562019,0,0.221999272314503,0.870410222562019,0.129589777437981,0.870410222562019,0.870410222562019,"all","linear"
"4207",15,1.31,1.15481125300448,"Exp2","mixed","IP",0,1.43311039755284,0.193940727707629,1.43348993146386,0.870410222562019,0,0.222482268727298,0.870410222562019,0.129589777437981,0.870410222562019,0.870410222562019,"all","linear"
"4208",15,0.542862864224572,1.05377691841204,"Exp2","mixed","IP",0,0.640713867100977,0.0798282828504554,0.640755924506354,0.914663766747474,0,1.11047762222957,0.914663766747474,0.0853362332525263,0.914663766747474,0.914663766747474,"all","linear"
"4209",15,1.31,1.12673311267736,"Exp2","mixed","IP",0,1.43311039755284,0.193940727707629,1.43296605443257,0.870410222562019,0,0.226300718671738,0.870410222562019,0.129589777437981,0.870410222562019,0.870410222562019,"all","linear"
"4210",15,1.76834346805288,1.0015179881475,"Exp2","mixed","IP",0,1.47575658737156,0.199588639006804,1.47606647470847,0.922266639293429,0,0.19652874474806,0.922266639293429,0.0777333607065712,0.922266639293429,0.922266639293429,"all","linear"
"4211",15,0.7328,0.936140520587287,"Exp2","mixed","IP",0,0.654091443343601,0.0809761315338268,0.653652624855146,0.950111329389113,0,1.10009936930206,0.950111329389113,0.049888670610887,0.950111329389113,0.950111329389113,"all","linear"
"4212",15,0.4912,0.866135091029719,"Exp2","mixed","IP",0,0.633734489083218,0.0793071210129563,0.634424333484874,0.898753274613219,0,1.11747286054785,0.898753274613219,0.101246725386781,0.898753274613219,0.898753274613219,"all","linear"
"4213",15,0.4912,0.793086390385724,"Exp2","mixed","IP",0,0.633734489083218,0.0793071210129563,0.633936380833837,0.898753274613219,0,1.11469503804193,0.898753274613219,0.101246725386781,0.898753274613219,0.898753274613219,"all","linear"
"4214",15,0.7328,0.813828586055934,"Exp2","mixed","IP",0,0.654091443343601,0.0809761315338268,0.653509982996643,0.950111329389113,0,1.09266507336519,0.950111329389113,0.049888670610887,0.950111329389113,0.950111329389113,"all","linear"
"4215",15,0.599959465297448,0.824235364923879,"Exp2","mixed","IP",0,0.646312231718848,0.0802747877192202,0.646430830247044,0.928385280306199,0,1.10429934131246,0.928385280306199,0.0716147196938012,0.928385280306199,0.928385280306199,"all","linear"
"4216",15,0.542862864224572,0.939081468291988,"Exp2","mixed","IP",0,0.640713867100977,0.0798282828504554,0.640723612853524,0.914663766747474,0,1.10528193240988,0.914663766747474,0.0853362332525263,0.914663766747474,0.914663766747474,"all","linear"
"4217",15,1.76834346805288,1.29368485002215,"Exp2","mixed","IP",0,1.47575658737156,0.199588639006804,1.47522803008016,0.922266639293429,0,0.198073841719084,0.922266639293429,0.0777333607065712,0.922266639293429,0.922266639293429,"all","linear"
"4218",15,1.44778166151097,1.11629763795372,"Exp2","mixed","IP",0,1.4509214150921,0.19611825295177,1.45110596538525,0.890186825538052,0,0.208858288268645,0.890186825538052,0.109813174461948,0.890186825538052,0.890186825538052,"all","linear"
"4219",15,1.60005476290647,1.09552787915709,"Exp2","mixed","IP",0,1.46497824228285,0.197990383208183,1.46682290232547,0.907405525719567,0,0.198108616476974,0.907405525719567,0.092594474280433,0.907405525719567,0.907405525719567,"all","linear"
"4220",15,0.663061306494331,0.845037972924729,"Exp2","mixed","IP",0,0.650712501488513,0.0806547370266083,0.650757986724283,0.940128603789536,0,1.10052153079605,0.940128603789536,0.0598713962104643,0.940128603789536,0.940128603789536,"all","linear"
"4221",15,1.954332247557,1.22075999465324,"Exp2","mixed","IP",0,1.48373017126201,0.200944590186559,1.48360320385582,0.934993580463134,0,0.184610787970723,0.934993580463134,0.0650064195368665,0.934993580463134,0.934993580463134,"all","linear"
"4222",15,1.954332247557,1.14766183141455,"Exp2","mixed","IP",0,1.48373017126201,0.200944590186559,1.48493928952767,0.934993580463134,0,0.190037166823488,0.934993580463134,0.0650064195368665,0.934993580463134,0.934993580463134,"all","linear"
"4223",15,0.542862864224572,1.04334106611077,"Exp2","mixed","IP",0,0.640713867100977,0.0798282828504554,0.641175399164339,0.914663766747474,0,1.11173902720579,0.914663766747474,0.0853362332525263,0.914663766747474,0.914663766747474,"all","linear"
"4224",15,0.7328,0.824414336449081,"Exp2","mixed","IP",0,0.654091443343601,0.0809761315338268,0.654287483803955,0.950111329389113,0,1.09928810043671,0.950111329389113,0.049888670610887,0.950111329389113,0.950111329389113,"all","linear"
"4225",15,1.954332247557,1.10603849171457,"Exp2","mixed","IP",0,1.48373017126201,0.200944590186559,1.48238189384632,0.934993580463134,0,0.191881481745957,0.934993580463134,0.0650064195368665,0.934993580463134,0.934993580463134,"all","linear"
"4226",15,1.44778166151097,0.991373247758929,"Exp2","mixed","IP",0,1.4509214150921,0.19611825295177,1.45134230646606,0.890186825538052,0,0.212221394714948,0.890186825538052,0.109813174461948,0.890186825538052,0.890186825538052,"all","linear"
"4227",15,1.60005476290647,1.01955597693086,"Exp2","mixed","IP",0,1.46497824228285,0.197990383208183,1.4652038818394,0.907405525719567,0,0.202846816602757,0.907405525719567,0.092594474280433,0.907405525719567,0.907405525719567,"all","linear"
"4228",15,0.4912,0.749264041902279,"Exp2","mixed","IP",0,0.633734489083218,0.0793071210129563,0.633391458024737,0.898753274613219,0,1.11811294718074,0.898753274613219,0.101246725386781,0.898753274613219,0.898753274613219,"all","linear"
"4229",15,1.954332247557,1.12355391384972,"Exp2","mixed","IP",0,1.48373017126201,0.200944590186559,1.48402068800126,0.934993580463134,0,0.185889484925448,0.934993580463134,0.0650064195368665,0.934993580463134,0.934993580463134,"all","linear"
"4230",15,0.599959465297448,0.873849745475127,"Exp2","mixed","IP",0,0.646312231718848,0.0802747877192202,0.646772781170102,0.928385280306199,0,1.10821688401758,0.928385280306199,0.0716147196938012,0.928385280306199,0.928385280306199,"all","linear"
"4231",15,1.44778166151097,0.936260590092388,"Exp2","mixed","IP",0,1.4509214150921,0.19611825295177,1.45049331994244,0.890186825538052,0,0.213104726477049,0.890186825538052,0.109813174461948,0.890186825538052,0.890186825538052,"all","linear"
"4232",15,1.44778166151097,1.05374293647674,"Exp2","mixed","IP",0,1.4509214150921,0.19611825295177,1.4514247704688,0.890186825538052,0,0.213571484334906,0.890186825538052,0.109813174461948,0.890186825538052,0.890186825538052,"all","linear"
"4233",15,0.599959465297448,1.03321898034483,"Exp2","mixed","IP",0,0.646312231718848,0.0802747877192202,0.646437669216105,0.928385280306199,0,1.10724795306038,0.928385280306199,0.0716147196938012,0.928385280306199,0.928385280306199,"all","linear"
"4234",15,0.663061306494331,0.834810165581985,"Exp2","mixed","IP",0,0.650712501488513,0.0806547370266083,0.649755961960939,0.940128603789536,0,1.10083370544448,0.940128603789536,0.0598713962104643,0.940128603789536,0.940128603789536,"all","linear"
"4235",15,1.76834346805288,1.24166077268819,"Exp2","mixed","IP",0,1.47575658737156,0.199588639006804,1.47520064320763,0.922266639293429,0,0.196554833983257,0.922266639293429,0.0777333607065712,0.922266639293429,0.922266639293429,"all","linear"
"4236",15,1.60005476290647,1.25171074123591,"Exp2","mixed","IP",0,1.46497824228285,0.197990383208183,1.46603326681587,0.907405525719567,0,0.202200265151853,0.907405525719567,0.092594474280433,0.907405525719567,0.907405525719567,"all","linear"
"4237",15,1.60005476290647,1.04362085071079,"Exp2","mixed","IP",0,1.46497824228285,0.197990383208183,1.46402229777674,0.907405525719567,0,0.203677010363699,0.907405525719567,0.092594474280433,0.907405525719567,0.907405525719567,"all","linear"
"4238",15,0.599959465297448,0.793136985711499,"Exp2","mixed","IP",0,0.646312231718848,0.0802747877192202,0.646142487910769,0.928385280306199,0,1.10227281443882,0.928385280306199,0.0716147196938012,0.928385280306199,0.928385280306199,"all","linear"
"4239",15,0.663061306494331,0.751613326356164,"Exp2","mixed","IP",0,0.650712501488513,0.0806547370266083,0.650502021523456,0.940128603789536,0,1.09621520953088,0.940128603789536,0.0598713962104643,0.940128603789536,0.940128603789536,"all","linear"
"4240",15,0.663061306494331,0.729529221821394,"Exp2","mixed","IP",0,0.650712501488513,0.0806547370266083,0.651074690576397,0.940128603789536,0,1.1000240275092,0.940128603789536,0.0598713962104643,0.940128603789536,0.940128603789536,"all","linear"
"4241",15,0.542862864224572,0.655495422633066,"Exp2","mixed","IP",0,0.640713867100977,0.0798282828504554,0.640343529686818,0.914663766747474,0,1.11228843274874,0.914663766747474,0.0853362332525263,0.914663766747474,0.914663766747474,"all","linear"
"4242",16,1.60005476290647,1.59671342590809,"Exp2","mixed","IP",0,1.45897511283878,0.268952025647569,1.46079721718157,0.316592992278953,0,-0.0969274455758606,0.316592992278953,0.683407007721047,0.316592992278953,0.316592992278953,"all","linear"
"4243",16,0.7328,0.949436351917939,"Exp2","mixed","IP",0,0.7241942383229,0.112535687904677,0.724195052943133,0.608567707482552,0,0.768052435694249,0.608567707482552,0.391432292517448,0.608567707482552,0.608567707482552,"all","linear"
"4244",16,0.663061306494331,0.688684551818369,"Exp2","mixed","IP",0,0.694111269778033,0.10948329739793,0.694568795491324,0.561490519194975,0,0.793993417159784,0.561490519194975,0.438509480805025,0.561490519194975,0.561490519194975,"all","linear"
"4245",16,1.60005476290647,1.26194411544475,"Exp2","mixed","IP",0,1.45897511283878,0.268952025647569,1.45984764343855,0.316592992278953,0,-0.103415368041516,0.316592992278953,0.683407007721047,0.316592992278953,0.316592992278953,"all","linear"
"4246",16,0.599959465297448,0.886679117254971,"Exp2","mixed","IP",0,0.660580140901533,0.106289434586886,0.660100525225809,0.513309554284186,0,0.828184838091801,0.513309554284186,0.486690445715814,0.513309554284186,0.513309554284186,"all","linear"
"4247",16,0.542862864224572,0.532162792988856,"Exp2","mixed","IP",0,0.624167208838532,0.103001873584349,0.62388139975098,0.464885738331795,0,0.858062711968965,0.464885738331795,0.535114261668205,0.464885738331795,0.464885738331795,"all","linear"
"4248",16,0.663061306494331,0.667200773388686,"Exp2","mixed","IP",0,0.694111269778033,0.10948329739793,0.694132164576312,0.561490519194975,0,0.795378481775012,0.561490519194975,0.438509480805025,0.561490519194975,0.561490519194975,"all","linear"
"4249",16,0.4912,0.636356966294443,"Exp2","mixed","IP",0,0.585570476980025,0.0996737399689326,0.584982320441639,0.417096894528291,0,0.891660751989126,0.417096894528291,0.582903105471709,0.417096894528291,0.417096894528291,"all","linear"
"4250",16,1.31,1.16829172586404,"Exp2","mixed","IP",0,1.27338022818321,0.235170370749083,1.27322159770877,0.238405787319411,0,0.0285700268571177,0.238405787319411,0.761594212680589,0.238405787319411,0.238405787319411,"all","linear"
"4251",16,0.663061306494331,0.812343703453735,"Exp2","mixed","IP",0,0.694111269778033,0.10948329739793,0.693987399976872,0.561490519194975,0,0.794589000840042,0.561490519194975,0.438509480805025,0.561490519194975,0.561490519194975,"all","linear"
"4252",16,1.954332247557,0.95980483673884,"Exp2","mixed","IP",0,1.62829277182585,0.303483149176321,1.6305896500383,0.406502960755175,0,-0.227831465403366,0.406502960755175,0.593497039244825,0.406502960755175,0.406502960755175,"all","linear"
"4253",16,1.60005476290647,0.918005442868889,"Exp2","mixed","IP",0,1.45897511283878,0.268952025647569,1.45855821765089,0.316592992278953,0,-0.100361455939764,0.316592992278953,0.683407007721047,0.316592992278953,0.316592992278953,"all","linear"
"4254",16,0.4912,0.511352577188518,"Exp2","mixed","IP",0,0.585570476980025,0.0996737399689326,0.585960184341992,0.417096894528291,0,0.884149479994309,0.417096894528291,0.582903105471709,0.417096894528291,0.417096894528291,"all","linear"
"4255",16,1.76834346805288,1.57492307076609,"Exp2","mixed","IP",0,1.54674210423358,0.286235733414552,1.54859980582711,0.360344316426586,0,-0.164406359130192,0.360344316426586,0.639655683573414,0.360344316426586,0.360344316426586,"all","linear"
"4256",16,1.60005476290647,1.16826756218325,"Exp2","mixed","IP",0,1.45897511283878,0.268952025647569,1.45820687755858,0.316592992278953,0,-0.103674862113195,0.316592992278953,0.683407007721047,0.316592992278953,0.316592992278953,"all","linear"
"4257",16,1.44778166151097,1.29020467393548,"Exp2","mixed","IP",0,1.36715179904061,0.251860512926069,1.36698645902239,0.275815530333679,0,-0.0395572918203069,0.275815530333679,0.724184469666321,0.275815530333679,0.275815530333679,"all","linear"
"4258",16,1.44778166151097,1.14746980578002,"Exp2","mixed","IP",0,1.36715179904061,0.251860512926069,1.36618899604418,0.275815530333679,0,-0.0415854370269039,0.275815530333679,0.724184469666321,0.275815530333679,0.275815530333679,"all","linear"
"4259",16,1.954332247557,1.6793018697017,"Exp2","mixed","IP",0,1.62829277182585,0.303483149176321,1.62684726510616,0.406502960755175,0,-0.222715290409074,0.406502960755175,0.593497039244825,0.406502960755175,0.406502960755175,"all","linear"
"4260",16,1.76834346805288,1.53068956351672,"Exp2","mixed","IP",0,1.54674210423358,0.286235733414552,1.54520231243201,0.360344316426586,0,-0.166401354041723,0.360344316426586,0.639655683573414,0.360344316426586,0.360344316426586,"all","linear"
"4261",16,1.31,1.07444225125437,"Exp2","mixed","IP",0,1.27338022818321,0.235170370749083,1.27238243687471,0.238405787319411,0,0.0244695525999603,0.238405787319411,0.761594212680589,0.238405787319411,0.238405787319411,"all","linear"
"4262",16,0.7328,0.927491953304525,"Exp2","mixed","IP",0,0.7241942383229,0.112535687904677,0.724021966211996,0.608567707482552,0,0.765608954809483,0.608567707482552,0.391432292517448,0.608567707482552,0.608567707482552,"all","linear"
"4263",16,0.542862864224572,0.636557826899661,"Exp2","mixed","IP",0,0.624167208838532,0.103001873584349,0.623950585555194,0.464885738331795,0,0.855018407813123,0.464885738331795,0.535114261668205,0.464885738331795,0.464885738331795,"all","linear"
"4264",16,0.542862864224572,0.442208956947979,"Exp2","mixed","IP",0,0.624167208838532,0.103001873584349,0.624201034815464,0.464885738331795,0,0.8523882984921,0.464885738331795,0.535114261668205,0.464885738331795,0.464885738331795,"all","linear"
"4265",16,1.76834346805288,0.948829239414408,"Exp2","mixed","IP",0,1.54674210423358,0.286235733414552,1.54665604685525,0.360344316426586,0,-0.163979465525457,0.360344316426586,0.639655683573414,0.360344316426586,0.360344316426586,"all","linear"
"4266",16,0.663061306494331,0.907547854472796,"Exp2","mixed","IP",0,0.694111269778033,0.10948329739793,0.693925701074863,0.561490519194975,0,0.7913215214711,0.561490519194975,0.438509480805025,0.561490519194975,0.561490519194975,"all","linear"
"4267",16,0.599959465297448,0.584279701412925,"Exp2","mixed","IP",0,0.660580140901533,0.106289434586886,0.660539640508075,0.513309554284186,0,0.82983585333638,0.513309554284186,0.486690445715814,0.513309554284186,0.513309554284186,"all","linear"
"4268",16,0.7328,0.793084116418868,"Exp2","mixed","IP",0,0.7241942383229,0.112535687904677,0.724232574043271,0.608567707482552,0,0.763907858238328,0.608567707482552,0.391432292517448,0.608567707482552,0.608567707482552,"all","linear"
"4269",16,1.44778166151097,1.2413404236122,"Exp2","mixed","IP",0,1.36715179904061,0.251860512926069,1.36638156171574,0.275815530333679,0,-0.041066277026722,0.275815530333679,0.724184469666321,0.275815530333679,0.275815530333679,"all","linear"
"4270",16,0.4912,0.845014511423869,"Exp2","mixed","IP",0,0.585570476980025,0.0996737399689326,0.585520424632254,0.417096894528291,0,0.888957315187486,0.417096894528291,0.582903105471709,0.417096894528291,0.417096894528291,"all","linear"
"4271",16,1.44778166151097,1.22047546196973,"Exp2","mixed","IP",0,1.36715179904061,0.251860512926069,1.3667632871768,0.275815530333679,0,-0.0454490970934776,0.275815530333679,0.724184469666321,0.275815530333679,0.275815530333679,"all","linear"
"4272",16,1.31,1.10571081056696,"Exp2","mixed","IP",0,1.27338022818321,0.235170370749083,1.27359292660259,0.238405787319411,0,0.0323339943907369,0.238405787319411,0.761594212680589,0.238405787319411,0.238405787319411,"all","linear"
"4273",16,0.599959465297448,0.936453281219656,"Exp2","mixed","IP",0,0.660580140901533,0.106289434586886,0.660759049875431,0.513309554284186,0,0.821844172725768,0.513309554284186,0.486690445715814,0.513309554284186,0.513309554284186,"all","linear"
"4274",16,0.7328,0.77205265190787,"Exp2","mixed","IP",0,0.7241942383229,0.112535687904677,0.722993863253904,0.608567707482552,0,0.765981527107323,0.608567707482552,0.391432292517448,0.608567707482552,0.608567707482552,"all","linear"
"4275",16,1.954332247557,1.33507927386654,"Exp2","mixed","IP",0,1.62829277182585,0.303483149176321,1.62564454140742,0.406502960755175,0,-0.224063434815858,0.406502960755175,0.593497039244825,0.406502960755175,0.406502960755175,"all","linear"
"4276",16,1.954332247557,1.7210053639601,"Exp2","mixed","IP",0,1.62829277182585,0.303483149176321,1.62779764407453,0.406502960755175,0,-0.224009116627385,0.406502960755175,0.593497039244825,0.406502960755175,0.406502960755175,"all","linear"
"4277",16,0.542862864224572,0.813825616749455,"Exp2","mixed","IP",0,0.624167208838532,0.103001873584349,0.624142776266015,0.464885738331795,0,0.853264641316163,0.464885738331795,0.535114261668205,0.464885738331795,0.464885738331795,"all","linear"
"4278",16,1.76834346805288,1.17867531298543,"Exp2","mixed","IP",0,1.54674210423358,0.286235733414552,1.54763939469066,0.360344316426586,0,-0.162916384299026,0.360344316426586,0.639655683573414,0.360344316426586,0.360344316426586,"all","linear"
"4279",16,0.599959465297448,0.605135601673283,"Exp2","mixed","IP",0,0.660580140901533,0.106289434586886,0.660988075446345,0.513309554284186,0,0.826737202186246,0.513309554284186,0.486690445715814,0.513309554284186,0.513309554284186,"all","linear"
"4280",16,1.44778166151097,1.30379976538643,"Exp2","mixed","IP",0,1.36715179904061,0.251860512926069,1.36817604398625,0.275815530333679,0,-0.0334280300882661,0.275815530333679,0.724184469666321,0.275815530333679,0.275815530333679,"all","linear"
"4281",16,0.4912,0.91801790226782,"Exp2","mixed","IP",0,0.585570476980025,0.0996737399689326,0.586030648794611,0.417096894528291,0,0.893103678289956,0.417096894528291,0.582903105471709,0.417096894528291,0.417096894528291,"all","linear"
"4282",16,0.663061306494331,0.855181002965764,"Exp2","mixed","IP",0,0.694111269778033,0.10948329739793,0.69368469042363,0.561490519194975,0,0.796458799069209,0.561490519194975,0.438509480805025,0.561490519194975,0.561490519194975,"all","linear"
"4283",16,0.599959465297448,0.865884003756037,"Exp2","mixed","IP",0,0.660580140901533,0.106289434586886,0.660112538051074,0.513309554284186,0,0.827921055742131,0.513309554284186,0.486690445715814,0.513309554284186,0.513309554284186,"all","linear"
"4284",16,1.31,0.907488955498593,"Exp2","mixed","IP",0,1.27338022818321,0.235170370749083,1.27375510246579,0.238405787319411,0,0.0333348611110251,0.238405787319411,0.761594212680589,0.238405787319411,0.238405787319411,"all","linear"
"4285",16,0.7328,0.636457019039881,"Exp2","mixed","IP",0,0.7241942383229,0.112535687904677,0.723245119069055,0.608567707482552,0,0.766566663194371,0.608567707482552,0.391432292517448,0.608567707482552,0.608567707482552,"all","linear"
"4286",16,1.954332247557,1.90850873838008,"Exp2","mixed","IP",0,1.62829277182585,0.303483149176321,1.62619846973991,0.406502960755175,0,-0.224434603533811,0.406502960755175,0.593497039244825,0.406502960755175,0.406502960755175,"all","linear"
"4287",16,0.542862864224572,0.490536320467982,"Exp2","mixed","IP",0,0.624167208838532,0.103001873584349,0.624234316516783,0.464885738331795,0,0.852697720114065,0.464885738331795,0.535114261668205,0.464885738331795,0.464885738331795,"all","linear"
"4288",16,1.76834346805288,1.06395596848506,"Exp2","mixed","IP",0,1.54674210423358,0.286235733414552,1.54602799326418,0.360344316426586,0,-0.170089051663531,0.360344316426586,0.639655683573414,0.360344316426586,0.360344316426586,"all","linear"
"4289",16,1.60005476290647,1.2308616919936,"Exp2","mixed","IP",0,1.45897511283878,0.268952025647569,1.46070503755952,0.316592992278953,0,-0.105425749477812,0.316592992278953,0.683407007721047,0.316592992278953,0.316592992278953,"all","linear"
"4290",16,1.31,1.30378239773927,"Exp2","mixed","IP",0,1.27338022818321,0.235170370749083,1.27251762941273,0.238405787319411,0,0.0296667169546014,0.238405787319411,0.761594212680589,0.238405787319411,0.238405787319411,"all","linear"
"4291",16,0.663061306494331,0.792838326467972,"Exp2","mixed","IP",0,0.694111269778033,0.10948329739793,0.694086123853009,0.561490519194975,0,0.797015077730554,0.561490519194975,0.438509480805025,0.561490519194975,0.561490519194975,"all","linear"
"4292",16,0.7328,0.990941628472683,"Exp2","mixed","IP",0,0.7241942383229,0.112535687904677,0.722587178978174,0.608567707482552,0,0.764854349791683,0.608567707482552,0.391432292517448,0.608567707482552,0.608567707482552,"all","linear"
"4293",16,1.76834346805288,1.5853825469494,"Exp2","mixed","IP",0,1.54674210423358,0.286235733414552,1.54691444702921,0.360344316426586,0,-0.160879182738109,0.360344316426586,0.639655683573414,0.360344316426586,0.360344316426586,"all","linear"
"4294",16,1.954332247557,1.07436636219154,"Exp2","mixed","IP",0,1.62829277182585,0.303483149176321,1.62981697388358,0.406502960755175,0,-0.222190596665589,0.406502960755175,0.593497039244825,0.406502960755175,0.406502960755175,"all","linear"
"4295",16,0.663061306494331,0.740726326293043,"Exp2","mixed","IP",0,0.694111269778033,0.10948329739793,0.694877831099316,0.561490519194975,0,0.793058848323271,0.561490519194975,0.438509480805025,0.561490519194975,0.561490519194975,"all","linear"
"4296",16,0.4912,0.667765599449922,"Exp2","mixed","IP",0,0.585570476980025,0.0996737399689326,0.586188035205872,0.417096894528291,0,0.888351860472062,0.417096894528291,0.582903105471709,0.417096894528291,0.417096894528291,"all","linear"
"4297",16,1.60005476290647,1.42890496235123,"Exp2","mixed","IP",0,1.45897511283878,0.268952025647569,1.45965022823681,0.316592992278953,0,-0.102030498776148,0.316592992278953,0.683407007721047,0.316592992278953,0.316592992278953,"all","linear"
"4298",16,1.44778166151097,1.30390434882065,"Exp2","mixed","IP",0,1.36715179904061,0.251860512926069,1.36654902597168,0.275815530333679,0,-0.0407001819974517,0.275815530333679,0.724184469666321,0.275815530333679,0.275815530333679,"all","linear"
"4299",16,0.542862864224572,0.824221663268872,"Exp2","mixed","IP",0,0.624167208838532,0.103001873584349,0.624146190498699,0.464885738331795,0,0.85698063518384,0.464885738331795,0.535114261668205,0.464885738331795,0.464885738331795,"all","linear"
"4300",16,1.44778166151097,0.970214852886784,"Exp2","mixed","IP",0,1.36715179904061,0.251860512926069,1.37010579858087,0.275815530333679,0,-0.0425887755271331,0.275815530333679,0.724184469666321,0.275815530333679,0.275815530333679,"all","linear"
"4301",16,1.954332247557,1.27250402193113,"Exp2","mixed","IP",0,1.62829277182585,0.303483149176321,1.63048004000801,0.406502960755175,0,-0.220490098511825,0.406502960755175,0.593497039244825,0.406502960755175,0.406502960755175,"all","linear"
"4302",16,1.954332247557,1.4707485304516,"Exp2","mixed","IP",0,1.62829277182585,0.303483149176321,1.62997037803604,0.406502960755175,0,-0.222883325290771,0.406502960755175,0.593497039244825,0.406502960755175,0.406502960755175,"all","linear"
"4303",16,1.31,1.19963541912421,"Exp2","mixed","IP",0,1.27338022818321,0.235170370749083,1.27350734892495,0.238405787319411,0,0.0321912845216192,0.238405787319411,0.761594212680589,0.238405787319411,0.238405787319411,"all","linear"
"4304",16,0.663061306494331,0.761588267475418,"Exp2","mixed","IP",0,0.694111269778033,0.10948329739793,0.694115202392832,0.561490519194975,0,0.792208577622851,0.561490519194975,0.438509480805025,0.561490519194975,0.561490519194975,"all","linear"
"4305",16,0.599959465297448,0.907674336243872,"Exp2","mixed","IP",0,0.660580140901533,0.106289434586886,0.660741811497689,0.513309554284186,0,0.823260830214285,0.513309554284186,0.486690445715814,0.513309554284186,0.513309554284186,"all","linear"
"4306",16,0.7328,0.761624135439888,"Exp2","mixed","IP",0,0.7241942383229,0.112535687904677,0.725017100961773,0.608567707482552,0,0.767385851503939,0.608567707482552,0.391432292517448,0.608567707482552,0.608567707482552,"all","linear"
"4307",16,0.7328,0.740939646296283,"Exp2","mixed","IP",0,0.7241942383229,0.112535687904677,0.723227892747948,0.608567707482552,0,0.771407585086726,0.608567707482552,0.391432292517448,0.608567707482552,0.608567707482552,"all","linear"
"4308",16,1.60005476290647,0.907616947500173,"Exp2","mixed","IP",0,1.45897511283878,0.268952025647569,1.45889502199236,0.316592992278953,0,-0.108696287645162,0.316592992278953,0.683407007721047,0.316592992278953,0.316592992278953,"all","linear"
"4309",16,1.31,1.09528191654226,"Exp2","mixed","IP",0,1.27338022818321,0.235170370749083,1.27307669391282,0.238405787319411,0,0.0314872818496775,0.238405787319411,0.761594212680589,0.238405787319411,0.238405787319411,"all","linear"
"4310",16,0.4912,0.490540851157675,"Exp2","mixed","IP",0,0.585570476980025,0.0996737399689326,0.585369472242885,0.417096894528291,0,0.888056547586146,0.417096894528291,0.582903105471709,0.417096894528291,0.417096894528291,"all","linear"
"4311",16,0.599959465297448,0.688603754507312,"Exp2","mixed","IP",0,0.660580140901533,0.106289434586886,0.660429288057172,0.513309554284186,0,0.824697132546844,0.513309554284186,0.486690445715814,0.513309554284186,0.513309554284186,"all","linear"
"4312",16,0.542862864224572,0.7094373788741,"Exp2","mixed","IP",0,0.624167208838532,0.103001873584349,0.624117384302055,0.464885738331795,0,0.860089431409235,0.464885738331795,0.535114261668205,0.464885738331795,0.464885738331795,"all","linear"
"4313",16,0.599959465297448,0.552192219823155,"Exp2","mixed","IP",0,0.660580140901533,0.106289434586886,0.660855771362126,0.513309554284186,0,0.828178920579107,0.513309554284186,0.486690445715814,0.513309554284186,0.513309554284186,"all","linear"
"4314",16,0.4912,0.615691732585219,"Exp2","mixed","IP",0,0.585570476980025,0.0996737399689326,0.586486735599256,0.417096894528291,0,0.890481023165508,0.417096894528291,0.582903105471709,0.417096894528291,0.417096894528291,"all","linear"
"4315",16,1.31,1.2515748755095,"Exp2","mixed","IP",0,1.27338022818321,0.235170370749083,1.2735511087347,0.238405787319411,0,0.0321945188425726,0.238405787319411,0.761594212680589,0.238405787319411,0.238405787319411,"all","linear"
"4316",16,1.76834346805288,1.76252876327635,"Exp2","mixed","IP",0,1.54674210423358,0.286235733414552,1.54704475985637,0.360344316426586,0,-0.163675112951193,0.360344316426586,0.639655683573414,0.360344316426586,0.360344316426586,"all","linear"
"4317",16,1.954332247557,1.83550723532335,"Exp2","mixed","IP",0,1.62829277182585,0.303483149176321,1.62717011626398,0.406502960755175,0,-0.224717843326151,0.406502960755175,0.593497039244825,0.406502960755175,0.406502960755175,"all","linear"
"4318",16,0.542862864224572,0.572759666133607,"Exp2","mixed","IP",0,0.624167208838532,0.103001873584349,0.623667997762221,0.464885738331795,0,0.860482261143405,0.464885738331795,0.535114261668205,0.464885738331795,0.464885738331795,"all","linear"
"4319",16,1.954332247557,1.67907382495559,"Exp2","mixed","IP",0,1.62829277182585,0.303483149176321,1.62874065698643,0.406502960755175,0,-0.22100649593547,0.406502960755175,0.593497039244825,0.406502960755175,0.406502960755175,"all","linear"
"4320",16,0.4912,0.63450089348953,"Exp2","mixed","IP",0,0.585570476980025,0.0996737399689326,0.585849614933298,0.417096894528291,0,0.889321724349543,0.417096894528291,0.582903105471709,0.417096894528291,0.417096894528291,"all","linear"
"4321",16,1.31,0.95849357944553,"Exp2","mixed","IP",0,1.27338022818321,0.235170370749083,1.27352645827064,0.238405787319411,0,0.0269826424298685,0.238405787319411,0.761594212680589,0.238405787319411,0.238405787319411,"all","linear"
"4322",16,1.954332247557,1.74091170704014,"Exp2","mixed","IP",0,1.62829277182585,0.303483149176321,1.62826657191636,0.406502960755175,0,-0.225718022154848,0.406502960755175,0.593497039244825,0.406502960755175,0.406502960755175,"all","linear"
"4323",16,0.599959465297448,0.730211726709967,"Exp2","mixed","IP",0,0.660580140901533,0.106289434586886,0.660178042713679,0.513309554284186,0,0.824107101668959,0.513309554284186,0.486690445715814,0.513309554284186,0.513309554284186,"all","linear"
"4324",16,1.44778166151097,1.35595216421643,"Exp2","mixed","IP",0,1.36715179904061,0.251860512926069,1.3682240358239,0.275815530333679,0,-0.0390945683542399,0.275815530333679,0.724184469666321,0.275815530333679,0.275815530333679,"all","linear"
"4325",16,0.7328,0.740795041762794,"Exp2","mixed","IP",0,0.7241942383229,0.112535687904677,0.724153883727853,0.608567707482552,0,0.76377833540288,0.608567707482552,0.391432292517448,0.608567707482552,0.608567707482552,"all","linear"
"4326",16,1.44778166151097,1.13709339225261,"Exp2","mixed","IP",0,1.36715179904061,0.251860512926069,1.36705382605061,0.275815530333679,0,-0.0424097062122248,0.275815530333679,0.724184469666321,0.275815530333679,0.275815530333679,"all","linear"
"4327",16,1.76834346805288,1.6165861663676,"Exp2","mixed","IP",0,1.54674210423358,0.286235733414552,1.54725226155809,0.360344316426586,0,-0.168787015582995,0.360344316426586,0.639655683573414,0.360344316426586,0.360344316426586,"all","linear"
"4328",16,1.31,1.10575876037274,"Exp2","mixed","IP",0,1.27338022818321,0.235170370749083,1.27296931680322,0.238405787319411,0,0.0271970707850251,0.238405787319411,0.761594212680589,0.238405787319411,0.238405787319411,"all","linear"
"4329",16,0.663061306494331,0.928517021991865,"Exp2","mixed","IP",0,0.694111269778033,0.10948329739793,0.694106242834427,0.561490519194975,0,0.798031504303714,0.561490519194975,0.438509480805025,0.561490519194975,0.561490519194975,"all","linear"
"4330",16,1.60005476290647,1.59585146207246,"Exp2","mixed","IP",0,1.45897511283878,0.268952025647569,1.45959445696195,0.316592992278953,0,-0.0995172190920651,0.316592992278953,0.683407007721047,0.316592992278953,0.316592992278953,"all","linear"
"4331",16,1.44778166151097,1.29351849635441,"Exp2","mixed","IP",0,1.36715179904061,0.251860512926069,1.36653253068153,0.275815530333679,0,-0.0402092159201457,0.275815530333679,0.724184469666321,0.275815530333679,0.275815530333679,"all","linear"
"4332",16,0.4912,0.740782582365682,"Exp2","mixed","IP",0,0.585570476980025,0.0996737399689326,0.585223196065211,0.417096894528291,0,0.887165068340436,0.417096894528291,0.582903105471709,0.417096894528291,0.417096894528291,"all","linear"
"4333",16,0.542862864224572,0.709424164360826,"Exp2","mixed","IP",0,0.624167208838532,0.103001873584349,0.624195627100578,0.464885738331795,0,0.857964898159313,0.464885738331795,0.535114261668205,0.464885738331795,0.464885738331795,"all","linear"
"4334",16,1.60005476290647,1.14745470347953,"Exp2","mixed","IP",0,1.45897511283878,0.268952025647569,1.45890493781276,0.316592992278953,0,-0.103456751186477,0.316592992278953,0.683407007721047,0.316592992278953,0.316592992278953,"all","linear"
"4335",16,1.60005476290647,1.18916197331237,"Exp2","mixed","IP",0,1.45897511283878,0.268952025647569,1.45884447223313,0.316592992278953,0,-0.100627383290817,0.316592992278953,0.683407007721047,0.316592992278953,0.316592992278953,"all","linear"
"4336",16,0.663061306494331,0.657411461816082,"Exp2","mixed","IP",0,0.694111269778033,0.10948329739793,0.693886043245971,0.561490519194975,0,0.79561951417425,0.561490519194975,0.438509480805025,0.561490519194975,0.561490519194975,"all","linear"
"4337",16,0.599959465297448,0.813577183896996,"Exp2","mixed","IP",0,0.660580140901533,0.106289434586886,0.660860822079004,0.513309554284186,0,0.821840350412767,0.513309554284186,0.486690445715814,0.513309554284186,0.513309554284186,"all","linear"
"4338",16,1.76834346805288,1.10577046465642,"Exp2","mixed","IP",0,1.54674210423358,0.286235733414552,1.54433591279331,0.360344316426586,0,-0.172833901584383,0.360344316426586,0.639655683573414,0.360344316426586,0.360344316426586,"all","linear"
"4339",16,0.663061306494331,0.918078689029244,"Exp2","mixed","IP",0,0.694111269778033,0.10948329739793,0.694847987252341,0.561490519194975,0,0.793382448184253,0.561490519194975,0.438509480805025,0.561490519194975,0.561490519194975,"all","linear"
"4340",16,0.7328,0.646849289983948,"Exp2","mixed","IP",0,0.7241942383229,0.112535687904677,0.724544911087017,0.608567707482552,0,0.771959948423673,0.608567707482552,0.391432292517448,0.608567707482552,0.608567707482552,"all","linear"
"4341",16,1.60005476290647,1.32457788879674,"Exp2","mixed","IP",0,1.45897511283878,0.268952025647569,1.45879769214044,0.316592992278953,0,-0.10337084087597,0.316592992278953,0.683407007721047,0.316592992278953,0.316592992278953,"all","linear"
"4342",16,0.4912,0.771963170773233,"Exp2","mixed","IP",0,0.585570476980025,0.0996737399689326,0.585155497473732,0.417096894528291,0,0.890328853145846,0.417096894528291,0.582903105471709,0.417096894528291,0.417096894528291,"all","linear"
"4343",16,1.76834346805288,1.0431242319064,"Exp2","mixed","IP",0,1.54674210423358,0.286235733414552,1.54779756857799,0.360344316426586,0,-0.167980310803153,0.360344316426586,0.639655683573414,0.360344316426586,0.360344316426586,"all","linear"
"4344",16,0.542862864224572,0.749955342495014,"Exp2","mixed","IP",0,0.624167208838532,0.103001873584349,0.623715508138707,0.464885738331795,0,0.857958976696645,0.464885738331795,0.535114261668205,0.464885738331795,0.464885738331795,"all","linear"
"4345",16,0.599959465297448,0.928516644434239,"Exp2","mixed","IP",0,0.660580140901533,0.106289434586886,0.659709761020549,0.513309554284186,0,0.824208014441694,0.513309554284186,0.486690445715814,0.513309554284186,0.513309554284186,"all","linear"
"4346",16,0.599959465297448,0.855469834474206,"Exp2","mixed","IP",0,0.660580140901533,0.106289434586886,0.661043840321729,0.513309554284186,0,0.827339547997359,0.513309554284186,0.486690445715814,0.513309554284186,0.513309554284186,"all","linear"
"4347",16,1.60005476290647,0.989742883322833,"Exp2","mixed","IP",0,1.45897511283878,0.268952025647569,1.45776893853868,0.316592992278953,0,-0.102225105994674,0.316592992278953,0.683407007721047,0.316592992278953,0.316592992278953,"all","linear"
"4348",16,1.31,0.917894063398307,"Exp2","mixed","IP",0,1.27338022818321,0.235170370749083,1.27184528441835,0.238405787319411,0,0.0327120115575158,0.238405787319411,0.761594212680589,0.238405787319411,0.238405787319411,"all","linear"
"4349",16,1.954332247557,1.08472465295836,"Exp2","mixed","IP",0,1.62829277182585,0.303483149176321,1.62918900693106,0.406502960755175,0,-0.226731177839225,0.406502960755175,0.593497039244825,0.406502960755175,0.406502960755175,"all","linear"
"4350",16,0.4912,0.605227348152766,"Exp2","mixed","IP",0,0.585570476980025,0.0996737399689326,0.585526283065574,0.417096894528291,0,0.891743174846572,0.417096894528291,0.582903105471709,0.417096894528291,0.417096894528291,"all","linear"
"4351",16,1.60005476290647,1.00131464398419,"Exp2","mixed","IP",0,1.45897511283878,0.268952025647569,1.45914959382919,0.316592992278953,0,-0.103539459837104,0.316592992278953,0.683407007721047,0.316592992278953,0.316592992278953,"all","linear"
"4352",16,0.7328,0.803202280598271,"Exp2","mixed","IP",0,0.7241942383229,0.112535687904677,0.724035630711415,0.608567707482552,0,0.766566548355039,0.608567707482552,0.391432292517448,0.608567707482552,0.608567707482552,"all","linear"
"4353",16,1.31,1.04302946496682,"Exp2","mixed","IP",0,1.27338022818321,0.235170370749083,1.27504640968382,0.238405787319411,0,0.0296010850569011,0.238405787319411,0.761594212680589,0.238405787319411,0.238405787319411,"all","linear"
"4354",16,0.663061306494331,1.0325080693483,"Exp2","mixed","IP",0,0.694111269778033,0.10948329739793,0.69510949513166,0.561490519194975,0,0.794260956852167,0.561490519194975,0.438509480805025,0.561490519194975,0.561490519194975,"all","linear"
"4355",16,1.44778166151097,1.03275008372293,"Exp2","mixed","IP",0,1.36715179904061,0.251860512926069,1.36622076627788,0.275815530333679,0,-0.0388485475027384,0.275815530333679,0.724184469666321,0.275815530333679,0.275815530333679,"all","linear"
"4356",16,1.954332247557,1.78348358360927,"Exp2","mixed","IP",0,1.62829277182585,0.303483149176321,1.62880796118159,0.406502960755175,0,-0.225860688650524,0.406502960755175,0.593497039244825,0.406502960755175,0.406502960755175,"all","linear"
"4357",16,0.4912,0.532189222016314,"Exp2","mixed","IP",0,0.585570476980025,0.0996737399689326,0.585663535894881,0.417096894528291,0,0.885589551394091,0.417096894528291,0.582903105471709,0.417096894528291,0.417096894528291,"all","linear"
"4358",16,0.542862864224572,0.521655366998857,"Exp2","mixed","IP",0,0.624167208838532,0.103001873584349,0.624741003643787,0.464885738331795,0,0.85563946013168,0.464885738331795,0.535114261668205,0.464885738331795,0.464885738331795,"all","linear"
"4359",16,0.599959465297448,0.573745468836933,"Exp2","mixed","IP",0,0.660580140901533,0.106289434586886,0.660505306543052,0.513309554284186,0,0.829595497101411,0.513309554284186,0.486690445715814,0.513309554284186,0.513309554284186,"all","linear"
"4360",16,0.599959465297448,0.605074814911859,"Exp2","mixed","IP",0,0.660580140901533,0.106289434586886,0.660711164983835,0.513309554284186,0,0.830045382583321,0.513309554284186,0.486690445715814,0.513309554284186,0.513309554284186,"all","linear"
"4361",16,0.663061306494331,0.751139740458711,"Exp2","mixed","IP",0,0.694111269778033,0.10948329739793,0.693741045183775,0.561490519194975,0,0.797601888611938,0.561490519194975,0.438509480805025,0.561490519194975,0.561490519194975,"all","linear"
"4362",16,1.44778166151097,1.42871014266802,"Exp2","mixed","IP",0,1.36715179904061,0.251860512926069,1.36847900595191,0.275815530333679,0,-0.0395762150384121,0.275815530333679,0.724184469666321,0.275815530333679,0.275815530333679,"all","linear"
"4363",16,1.31,1.00119609091962,"Exp2","mixed","IP",0,1.27338022818321,0.235170370749083,1.27326016655493,0.238405787319411,0,0.0275435432086755,0.238405787319411,0.761594212680589,0.238405787319411,0.238405787319411,"all","linear"
"4364",16,1.31,1.21911512219776,"Exp2","mixed","IP",0,1.27338022818321,0.235170370749083,1.27288307694712,0.238405787319411,0,0.0288035862820662,0.238405787319411,0.761594212680589,0.238405787319411,0.238405787319411,"all","linear"
"4365",16,1.44778166151097,1.0536014532945,"Exp2","mixed","IP",0,1.36715179904061,0.251860512926069,1.36711738913001,0.275815530333679,0,-0.0350399147014818,0.275815530333679,0.724184469666321,0.275815530333679,0.275815530333679,"all","linear"
"4366",16,1.76834346805288,1.2829627430001,"Exp2","mixed","IP",0,1.54674210423358,0.286235733414552,1.54669696857528,0.360344316426586,0,-0.164815113186758,0.360344316426586,0.639655683573414,0.360344316426586,0.360344316426586,"all","linear"
"4367",16,0.663061306494331,0.907564467003795,"Exp2","mixed","IP",0,0.694111269778033,0.10948329739793,0.69329184229769,0.561490519194975,0,0.798420945631298,0.561490519194975,0.438509480805025,0.561490519194975,0.561490519194975,"all","linear"
"4368",16,0.4912,0.540962526282783,"Exp2","mixed","IP",0,0.585570476980025,0.0996737399689326,0.584843714269137,0.417096894528291,0,0.890534753367504,0.417096894528291,0.582903105471709,0.417096894528291,0.417096894528291,"all","linear"
"4369",16,0.542862864224572,0.625987348802482,"Exp2","mixed","IP",0,0.624167208838532,0.103001873584349,0.624063774412286,0.464885738331795,0,0.854247334394795,0.464885738331795,0.535114261668205,0.464885738331795,0.464885738331795,"all","linear"
"4370",16,0.7328,0.688588274649192,"Exp2","mixed","IP",0,0.7241942383229,0.112535687904677,0.724075160365771,0.608567707482552,0,0.774973063709582,0.608567707482552,0.391432292517448,0.608567707482552,0.608567707482552,"all","linear"
"4371",16,0.4912,0.55307532687948,"Exp2","mixed","IP",0,0.585570476980025,0.0996737399689326,0.586279849892938,0.417096894528291,0,0.882310902439126,0.417096894528291,0.582903105471709,0.417096894528291,0.417096894528291,"all","linear"
"4372",16,1.954332247557,1.53323694415485,"Exp2","mixed","IP",0,1.62829277182585,0.303483149176321,1.62862660417091,0.406502960755175,0,-0.225668142533609,0.406502960755175,0.593497039244825,0.406502960755175,0.406502960755175,"all","linear"
"4373",16,0.7328,0.926412893891211,"Exp2","mixed","IP",0,0.7241942383229,0.112535687904677,0.724222093622913,0.608567707482552,0,0.765794812028016,0.608567707482552,0.391432292517448,0.608567707482552,0.608567707482552,"all","linear"
"4374",16,1.76834346805288,2.00255869603734,"Exp2","mixed","IP",0,1.54674210423358,0.286235733414552,1.54737922812577,0.360344316426586,0,-0.169562988554221,0.360344316426586,0.639655683573414,0.360344316426586,0.360344316426586,"all","linear"
"4375",16,1.60005476290647,1.32474363655092,"Exp2","mixed","IP",0,1.45897511283878,0.268952025647569,1.45849992568458,0.316592992278953,0,-0.0967908509092988,0.316592992278953,0.683407007721047,0.316592992278953,0.316592992278953,"all","linear"
"4376",16,1.76834346805288,1.54093760748583,"Exp2","mixed","IP",0,1.54674210423358,0.286235733414552,1.54783741340415,0.360344316426586,0,-0.17018577561485,0.360344316426586,0.639655683573414,0.360344316426586,0.360344316426586,"all","linear"
"4377",16,1.44778166151097,1.54240290825055,"Exp2","mixed","IP",0,1.36715179904061,0.251860512926069,1.36917899958136,0.275815530333679,0,-0.0349813154615364,0.275815530333679,0.724184469666321,0.275815530333679,0.275815530333679,"all","linear"
"4378",16,1.76834346805288,0.946568802496586,"Exp2","mixed","IP",0,1.54674210423358,0.286235733414552,1.54416077307449,0.360344316426586,0,-0.169205895318481,0.360344316426586,0.639655683573414,0.360344316426586,0.360344316426586,"all","linear"
"4379",16,0.7328,0.8236387,"Exp2","mixed","IP",0,0.7241942383229,0.112535687904677,0.72425009828914,0.608567707482552,0,0.759564598155195,0.608567707482552,0.391432292517448,0.608567707482552,0.608567707482552,"all","linear"
"4380",1,0.565685424949238,0.526007140657384,"Exp1","mixed","IP",0,0.579867723887635,0.118060907559604,0.579707704692741,0.707078038710361,0,0.719118305789954,0.707078038710361,0.292921961289639,0.707078038710361,0.707078038710361,"all","log"
"4381",1,1.2,1.19783450840987,"Exp1","mixed","IP",0,1.43127071932898,0.19645190143423,1.42982080134017,0.467217143005302,0,0.217152706823112,0.467217143005302,0.532782856994698,0.467217143005302,0.467217143005302,"all","log"
"4382",1,0.8,0.717920096783928,"Exp1","mixed","IP",0,0.641929854848327,0.107103054308324,0.642148811285392,0.707078038710361,0,0.814842879409974,0.707078038710361,0.292921961289639,0.707078038710361,0.707078038710361,"all","log"
"4383",1,1.69705627484772,1.47795791490353,"Exp1","mixed","IP",0,1.7212949118355,0.22794318710226,1.72227466332942,0.467217143005302,0,0.0612920083764019,0.467217143005302,0.532782856994698,0.467217143005302,0.467217143005302,"all","log"
"4384",1,0.672717132202972,0.773946270903252,"Exp1","mixed","IP",0,0.610082586099282,0.112026779560549,0.609890020148932,0.707078038710361,0,0.77347214279827,0.707078038710361,0.292921961289639,0.707078038710361,0.707078038710361,"all","log"
"4385",1,0.8,0.829871990645188,"Exp1","mixed","IP",0,0.641929854848327,0.107103054308324,0.642447094967477,0.707078038710361,0,0.82217207693976,0.707078038710361,0.292921961289639,0.707078038710361,0.707078038710361,"all","log"
"4386",1,0.672717132202972,0.56597492061519,"Exp1","mixed","IP",0,0.610082586099282,0.112026779560549,0.610592729322906,0.707078038710361,0,0.772927535966829,0.707078038710361,0.292921961289639,0.707078038710361,0.707078038710361,"all","log"
"4387",1,2.01815139660892,1.24593473886489,"Exp1","mixed","IP",0,1.88783295682527,0.247305706980058,1.88756608271379,0.467217143005302,0,-0.0181105511682655,0.467217143005302,0.532782856994698,0.467217143005302,0.467217143005302,"all","log"
"4388",1,1.69705627484772,0.941986539735808,"Exp1","mixed","IP",0,1.7212949118355,0.22794318710226,1.71947362002545,0.467217143005302,0,0.0630687365424673,0.467217143005302,0.532782856994698,0.467217143005302,0.467217143005302,"all","log"
"4389",1,0.565685424949238,0.653942476650627,"Exp1","mixed","IP",0,0.579867723887635,0.118060907559604,0.580173884944123,0.707078038710361,0,0.723091249256409,0.707078038710361,0.292921961289639,0.707078038710361,0.707078038710361,"all","log"
"4390",1,2.4,1.30997300482886,"Exp1","mixed","IP",0,2.07061586061509,0.269165462636821,2.07083665083697,0.467217143005302,0,-0.102055598355528,0.467217143005302,0.532782856994698,0.467217143005302,0.467217143005302,"all","log"
"4391",1,1.2,1.34996815316299,"Exp1","mixed","IP",0,1.43127071932898,0.19645190143423,1.43160768804573,0.467217143005302,0,0.207771232569982,0.467217143005302,0.532782856994698,0.467217143005302,0.467217143005302,"all","log"
"4392",1,0.475682846001088,0.589955215385999,"Exp1","mixed","IP",0,0.551199072013304,0.125239546310594,0.55089815697022,0.707078038710361,0,0.660422232558302,0.707078038710361,0.292921961289639,0.707078038710361,0.707078038710361,"all","log"
"4393",1,0.4,0.421965018240371,"Exp1","mixed","IP",0,0.52399511205091,0.133598572354617,0.524371960447031,0.707078038710361,0,0.599388910487265,0.707078038710361,0.292921961289639,0.707078038710361,0.707078038710361,"all","log"
"4394",1,1.2,1.10980506252781,"Exp1","mixed","IP",0,1.43127071932898,0.19645190143423,1.42985471015993,0.467217143005302,0,0.209445228712221,0.467217143005302,0.532782856994698,0.467217143005302,0.467217143005302,"all","log"
"4395",1,0.475682846001088,0.677874254755807,"Exp1","mixed","IP",0,0.551199072013304,0.125239546310594,0.550560066144542,0.707078038710361,0,0.660083661939356,0.707078038710361,0.292921961289639,0.707078038710361,0.707078038710361,"all","log"
"4396",1,0.8,0.845924786728574,"Exp1","mixed","IP",0,0.641929854848327,0.107103054308324,0.642317114785579,0.707078038710361,0,0.810598209305572,0.707078038710361,0.292921961289639,0.707078038710361,0.707078038710361,"all","log"
"4397",1,1.42704853800327,1.02194853501533,"Exp1","mixed","IP",0,1.56954833546967,0.211004007225255,1.56954143780263,0.467217143005302,0,0.141155979560026,0.467217143005302,0.532782856994698,0.467217143005302,0.467217143005302,"all","log"
"4398",1,2.01815139660892,1.8299500527155,"Exp1","mixed","IP",0,1.88783295682527,0.247305706980058,1.88766115921111,0.467217143005302,0,-0.0235821614220134,0.467217143005302,0.532782856994698,0.467217143005302,0.467217143005302,"all","log"
"4399",1,2.4,2.0058994709816,"Exp1","mixed","IP",0,2.07061586061509,0.269165462636821,2.06988428918607,0.467217143005302,0,-0.107737260319688,0.467217143005302,0.532782856994698,0.467217143005302,0.467217143005302,"all","log"
"4400",1,1.42704853800327,1.67002015307662,"Exp1","mixed","IP",0,1.56954833546967,0.211004007225255,1.5707078447949,0.467217143005302,0,0.139933739737023,0.467217143005302,0.532782856994698,0.467217143005302,0.467217143005302,"all","log"
"4401",1,0.8,0.790006220084251,"Exp1","mixed","IP",0,0.641929854848327,0.107103054308324,0.641878443501769,0.707078038710361,0,0.818824139368682,0.707078038710361,0.292921961289639,0.707078038710361,0.707078038710361,"all","log"
"4402",1,1.2,0.909894631755378,"Exp1","mixed","IP",0,1.43127071932898,0.19645190143423,1.4320689780832,0.467217143005302,0,0.205225582015562,0.467217143005302,0.532782856994698,0.467217143005302,0.467217143005302,"all","log"
"4403",1,2.01815139660892,1.62989500496042,"Exp1","mixed","IP",0,1.88783295682527,0.247305706980058,1.88731819772879,0.467217143005302,0,-0.0217751848581548,0.467217143005302,0.532782856994698,0.467217143005302,0.467217143005302,"all","log"
"4404",1,0.475682846001088,0.501850506469054,"Exp1","mixed","IP",0,0.551199072013304,0.125239546310594,0.551078301086711,0.707078038710361,0,0.661668864270631,0.707078038710361,0.292921961289639,0.707078038710361,0.707078038710361,"all","log"
"4405",1,0.475682846001088,0.413932400113481,"Exp1","mixed","IP",0,0.551199072013304,0.125239546310594,0.550673579150093,0.707078038710361,0,0.661247086958889,0.707078038710361,0.292921961289639,0.707078038710361,0.707078038710361,"all","log"
"4406",1,0.4,0.429897181989872,"Exp1","mixed","IP",0,0.52399511205091,0.133598572354617,0.523921961268206,0.707078038710361,0,0.600672665870114,0.707078038710361,0.292921961289639,0.707078038710361,0.707078038710361,"all","log"
"4407",1,2.4,1.34202914731941,"Exp1","mixed","IP",0,2.07061586061509,0.269165462636821,2.0708328591326,0.467217143005302,0,-0.102540333238698,0.467217143005302,0.532782856994698,0.467217143005302,0.467217143005302,"all","log"
"4408",1,0.4,0.605839136154827,"Exp1","mixed","IP",0,0.52399511205091,0.133598572354617,0.524229962228551,0.707078038710361,0,0.592085241142614,0.707078038710361,0.292921961289639,0.707078038710361,0.707078038710361,"all","log"
"4409",1,0.4,0.397849747620057,"Exp1","mixed","IP",0,0.52399511205091,0.133598572354617,0.523696301326842,0.707078038710361,0,0.596353576255886,0.707078038710361,0.292921961289639,0.707078038710361,0.707078038710361,"all","log"
"4410",1,0.565685424949238,0.69388786430136,"Exp1","mixed","IP",0,0.579867723887635,0.118060907559604,0.579815336682186,0.707078038710361,0,0.72499744847584,0.707078038710361,0.292921961289639,0.707078038710361,0.707078038710361,"all","log"
"4411",1,1.42704853800327,1.58189647290055,"Exp1","mixed","IP",0,1.56954833546967,0.211004007225255,1.57013030766527,0.467217143005302,0,0.142574871443198,0.467217143005302,0.532782856994698,0.467217143005302,0.467217143005302,"all","log"
"4412",1,1.69705627484772,1.8699427130141,"Exp1","mixed","IP",0,1.7212949118355,0.22794318710226,1.72135860736393,0.467217143005302,0,0.0620233184122776,0.467217143005302,0.532782856994698,0.467217143005302,0.467217143005302,"all","log"
"4413",1,0.565685424949238,0.661961099585824,"Exp1","mixed","IP",0,0.579867723887635,0.118060907559604,0.580389024134928,0.707078038710361,0,0.723309633562515,0.707078038710361,0.292921961289639,0.707078038710361,0.707078038710361,"all","log"
"4414",1,0.8,0.805910667135322,"Exp1","mixed","IP",0,0.641929854848327,0.107103054308324,0.642501144044695,0.707078038710361,0,0.818222859765383,0.707078038710361,0.292921961289639,0.707078038710361,0.707078038710361,"all","log"
"4415",1,2.4,2.10982278976917,"Exp1","mixed","IP",0,2.07061586061509,0.269165462636821,2.07241433371778,0.467217143005302,0,-0.102707592558638,0.467217143005302,0.532782856994698,0.467217143005302,0.467217143005302,"all","log"
"4416",1,0.565685424949238,0.493904036524327,"Exp1","mixed","IP",0,0.579867723887635,0.118060907559604,0.580079662564266,0.707078038710361,0,0.720727695428824,0.707078038710361,0.292921961289639,0.707078038710361,0.707078038710361,"all","log"
"4417",1,1.42704853800327,1.20592715036037,"Exp1","mixed","IP",0,1.56954833546967,0.211004007225255,1.56804595057824,0.467217143005302,0,0.137953109793083,0.467217143005302,0.532782856994698,0.467217143005302,0.467217143005302,"all","log"
"4418",1,0.672717132202972,0.956879289915378,"Exp1","mixed","IP",0,0.610082586099282,0.112026779560549,0.610723161958195,0.707078038710361,0,0.767112460258105,0.707078038710361,0.292921961289639,0.707078038710361,0.707078038710361,"all","log"
"4419",1,0.8,0.680590565996681,"Exp1","mixed","IP",0,0.641929854848327,0.107103054308324,0.642180878695868,0.707078038710361,0,0.818472386009832,0.707078038710361,0.292921961289639,0.707078038710361,0.707078038710361,"all","log"
"4420",1,0.4,0.365864203098681,"Exp1","mixed","IP",0,0.52399511205091,0.133598572354617,0.523906473489451,0.707078038710361,0,0.601340814539565,0.707078038710361,0.292921961289639,0.707078038710361,0.707078038710361,"all","log"
"4421",1,1.69705627484772,1.74986987581542,"Exp1","mixed","IP",0,1.7212949118355,0.22794318710226,1.72147355031912,0.467217143005302,0,0.0649546264081434,0.467217143005302,0.532782856994698,0.467217143005302,0.467217143005302,"all","log"
"4422",1,1.42704853800327,1.63790802981748,"Exp1","mixed","IP",0,1.56954833546967,0.211004007225255,1.57040888945817,0.467217143005302,0,0.139715977576465,0.467217143005302,0.532782856994698,0.467217143005302,0.467217143005302,"all","log"
"4423",1,1.2,1.50995963164678,"Exp1","mixed","IP",0,1.43127071932898,0.19645190143423,1.43169310083424,0.467217143005302,0,0.206313235568641,0.467217143005302,0.532782856994698,0.467217143005302,0.467217143005302,"all","log"
"4424",1,2.4,1.2698699380162,"Exp1","mixed","IP",0,2.07061586061509,0.269165462636821,2.06955169870102,0.467217143005302,0,-0.101129887354611,0.467217143005302,0.532782856994698,0.467217143005302,0.467217143005302,"all","log"
"4425",1,0.475682846001088,0.557911513065847,"Exp1","mixed","IP",0,0.551199072013304,0.125239546310594,0.550533496725757,0.707078038710361,0,0.654740192746037,0.707078038710361,0.292921961289639,0.707078038710361,0.707078038710361,"all","log"
"4426",1,0.672717132202972,0.571612494906731,"Exp1","mixed","IP",0,0.610082586099282,0.112026779560549,0.608828977422827,0.707078038710361,0,0.770479250300412,0.707078038710361,0.292921961289639,0.707078038710361,0.707078038710361,"all","log"
"4427",1,0.4,0.413922447976802,"Exp1","mixed","IP",0,0.52399511205091,0.133598572354617,0.524478082714627,0.707078038710361,0,0.601811473434283,0.707078038710361,0.292921961289639,0.707078038710361,0.707078038710361,"all","log"
"4428",1,2.01815139660892,1.56589841356617,"Exp1","mixed","IP",0,1.88783295682527,0.247305706980058,1.89047643511896,0.467217143005302,0,-0.0165377540969892,0.467217143005302,0.532782856994698,0.467217143005302,0.467217143005302,"all","log"
"4429",1,1.69705627484772,1.34987422987615,"Exp1","mixed","IP",0,1.7212949118355,0.22794318710226,1.72233724608934,0.467217143005302,0,0.0649533976168166,0.467217143005302,0.532782856994698,0.467217143005302,0.467217143005302,"all","log"
"4430",1,2.01815139660892,1.81373926646484,"Exp1","mixed","IP",0,1.88783295682527,0.247305706980058,1.89036702644017,0.467217143005302,0,-0.0215156788595797,0.467217143005302,0.532782856994698,0.467217143005302,0.467217143005302,"all","log"
"4431",1,2.4,2.02989469395652,"Exp1","mixed","IP",0,2.07061586061509,0.269165462636821,2.07013882821048,0.467217143005302,0,-0.0969013341885258,0.467217143005302,0.532782856994698,0.467217143005302,0.467217143005302,"all","log"
"4432",1,1.69705627484772,1.86184665001747,"Exp1","mixed","IP",0,1.7212949118355,0.22794318710226,1.7219168123346,0.467217143005302,0,0.0614586223410267,0.467217143005302,0.532782856994698,0.467217143005302,0.467217143005302,"all","log"
"4433",1,0.4,0.531138089001615,"Exp1","mixed","IP",0,0.52399511205091,0.133598572354617,0.523503031675185,0.707078038710361,0,0.599507992188789,0.707078038710361,0.292921961289639,0.707078038710361,0.707078038710361,"all","log"
"4434",1,0.8,0.709556881125536,"Exp1","mixed","IP",0,0.641929854848327,0.107103054308324,0.642012367028067,0.707078038710361,0,0.82422533873312,0.707078038710361,0.292921961289639,0.707078038710361,0.707078038710361,"all","log"
"4435",1,2.4,1.70583913615337,"Exp1","mixed","IP",0,2.07061586061509,0.269165462636821,2.07309105163713,0.467217143005302,0,-0.112081504453241,0.467217143005302,0.532782856994698,0.467217143005302,0.467217143005302,"all","log"
"4436",1,1.2,1.30996802876143,"Exp1","mixed","IP",0,1.43127071932898,0.19645190143423,1.43148470041061,0.467217143005302,0,0.209969828938054,0.467217143005302,0.532782856994698,0.467217143005302,0.467217143005302,"all","log"
"4437",1,1.69705627484772,1.6938788451771,"Exp1","mixed","IP",0,1.7212949118355,0.22794318710226,1.72232421973761,0.467217143005302,0,0.0656263690082592,0.467217143005302,0.532782856994698,0.467217143005302,0.467217143005302,"all","log"
"4438",1,2.01815139660892,1.54183228162037,"Exp1","mixed","IP",0,1.88783295682527,0.247305706980058,1.88689190246502,0.467217143005302,0,-0.017633105826333,0.467217143005302,0.532782856994698,0.467217143005302,0.467217143005302,"all","log"
"4439",1,2.01815139660892,1.8539085771863,"Exp1","mixed","IP",0,1.88783295682527,0.247305706980058,1.88926615632036,0.467217143005302,0,-0.0213562007359304,0.467217143005302,0.532782856994698,0.467217143005302,0.467217143005302,"all","log"
"4440",1,0.565685424949238,0.581904870015933,"Exp1","mixed","IP",0,0.579867723887635,0.118060907559604,0.580711372452554,0.707078038710361,0,0.724311682894527,0.707078038710361,0.292921961289639,0.707078038710361,0.707078038710361,"all","log"
"4441",1,0.672717132202972,0.669849722738945,"Exp1","mixed","IP",0,0.610082586099282,0.112026779560549,0.609911720153211,0.707078038710361,0,0.767527713074595,0.707078038710361,0.292921961289639,0.707078038710361,0.707078038710361,"all","log"
"4442",1,1.2,1.20595762877929,"Exp1","mixed","IP",0,1.43127071932898,0.19645190143423,1.43074526618564,0.467217143005302,0,0.213882097335667,0.467217143005302,0.532782856994698,0.467217143005302,0.467217143005302,"all","log"
"4443",1,0.475682846001088,0.645903327435008,"Exp1","mixed","IP",0,0.551199072013304,0.125239546310594,0.551232167825648,0.707078038710361,0,0.668713592500977,0.707078038710361,0.292921961289639,0.707078038710361,0.707078038710361,"all","log"
"4444",1,0.672717132202972,0.544461511666668,"Exp1","mixed","IP",0,0.610082586099282,0.112026779560549,0.609698157357742,0.707078038710361,0,0.777688064118231,0.707078038710361,0.292921961289639,0.707078038710361,0.707078038710361,"all","log"
"4445",1,0.475682846001088,0.453901113083703,"Exp1","mixed","IP",0,0.551199072013304,0.125239546310594,0.551086012751103,0.707078038710361,0,0.660050926554823,0.707078038710361,0.292921961289639,0.707078038710361,0.707078038710361,"all","log"
"4446",1,1.42704853800327,1.54987049782358,"Exp1","mixed","IP",0,1.56954833546967,0.211004007225255,1.57047073413289,0.467217143005302,0,0.139085861427167,0.467217143005302,0.532782856994698,0.467217143005302,0.467217143005302,"all","log"
"4447",1,2.4,1.73387648154676,"Exp1","mixed","IP",0,2.07061586061509,0.269165462636821,2.07190243546461,0.467217143005302,0,-0.108417182225638,0.467217143005302,0.532782856994698,0.467217143005302,0.467217143005302,"all","log"
"4448",1,0.475682846001088,0.501904932216348,"Exp1","mixed","IP",0,0.551199072013304,0.125239546310594,0.551315049560499,0.707078038710361,0,0.658375387331913,0.707078038710361,0.292921961289639,0.707078038710361,0.707078038710361,"all","log"
"4449",1,0.565685424949238,0.661871219353998,"Exp1","mixed","IP",0,0.579867723887635,0.118060907559604,0.580704242911956,0.707078038710361,0,0.721515283117193,0.707078038710361,0.292921961289639,0.707078038710361,0.707078038710361,"all","log"
"4450",1,1.42704853800327,1.60592372931387,"Exp1","mixed","IP",0,1.56954833546967,0.211004007225255,1.56987687026613,0.467217143005302,0,0.137131748844971,0.467217143005302,0.532782856994698,0.467217143005302,0.467217143005302,"all","log"
"4451",1,0.565685424949238,0.565891882477445,"Exp1","mixed","IP",0,0.579867723887635,0.118060907559604,0.579438136293421,0.707078038710361,0,0.71988714737584,0.707078038710361,0.292921961289639,0.707078038710361,0.707078038710361,"all","log"
"4452",1,0.565685424949238,0.66255107467623,"Exp1","mixed","IP",0,0.579867723887635,0.118060907559604,0.579770232888436,0.707078038710361,0,0.719388417838454,0.707078038710361,0.292921961289639,0.707078038710361,0.707078038710361,"all","log"
"4453",1,0.672717132202972,0.573836175393808,"Exp1","mixed","IP",0,0.610082586099282,0.112026779560549,0.610580621741616,0.707078038710361,0,0.772807043074632,0.707078038710361,0.292921961289639,0.707078038710361,0.707078038710361,"all","log"
"4454",1,0.475682846001088,0.741777233864923,"Exp1","mixed","IP",0,0.551199072013304,0.125239546310594,0.550779893865567,0.707078038710361,0,0.664289006925022,0.707078038710361,0.292921961289639,0.707078038710361,0.707078038710361,"all","log"
"4455",1,0.4,0.397953312040045,"Exp1","mixed","IP",0,0.52399511205091,0.133598572354617,0.523738247533237,0.707078038710361,0,0.601908103085913,0.707078038710361,0.292921961289639,0.707078038710361,0.707078038710361,"all","log"
"4456",1,1.42704853800327,1.38200750142278,"Exp1","mixed","IP",0,1.56954833546967,0.211004007225255,1.57071292498139,0.467217143005302,0,0.135804278752705,0.467217143005302,0.532782856994698,0.467217143005302,0.467217143005302,"all","log"
"4457",1,2.01815139660892,1.72585381555473,"Exp1","mixed","IP",0,1.88783295682527,0.247305706980058,1.88849186303011,0.467217143005302,0,-0.0219118780776495,0.467217143005302,0.532782856994698,0.467217143005302,0.467217143005302,"all","log"
"4458",1,0.4,0.445909547519477,"Exp1","mixed","IP",0,0.52399511205091,0.133598572354617,0.524343346178583,0.707078038710361,0,0.598519692960596,0.707078038710361,0.292921961289639,0.707078038710361,0.707078038710361,"all","log"
"4459",1,1.69705627484772,1.35792239821603,"Exp1","mixed","IP",0,1.7212949118355,0.22794318710226,1.72280105553219,0.467217143005302,0,0.065772406475144,0.467217143005302,0.532782856994698,0.467217143005302,0.467217143005302,"all","log"
"4460",1,1.69705627484772,1.21401015117772,"Exp1","mixed","IP",0,1.7212949118355,0.22794318710226,1.72027388216175,0.467217143005302,0,0.0634898324930604,0.467217143005302,0.532782856994698,0.467217143005302,0.467217143005302,"all","log"
"4461",1,0.8,0.789897368593302,"Exp1","mixed","IP",0,0.641929854848327,0.107103054308324,0.641567382215876,0.707078038710361,0,0.814160012655387,0.707078038710361,0.292921961289639,0.707078038710361,0.707078038710361,"all","log"
"4462",1,0.565685424949238,0.59789919729883,"Exp1","mixed","IP",0,0.579867723887635,0.118060907559604,0.579823265269394,0.707078038710361,0,0.720569162639649,0.707078038710361,0.292921961289639,0.707078038710361,0.707078038710361,"all","log"
"4463",1,2.4,1.46983666055894,"Exp1","mixed","IP",0,2.07061586061509,0.269165462636821,2.07311902253391,0.467217143005302,0,-0.104784277588509,0.467217143005302,0.532782856994698,0.467217143005302,0.467217143005302,"all","log"
"4464",1,0.4,0.429879454746697,"Exp1","mixed","IP",0,0.52399511205091,0.133598572354617,0.523192331373941,0.707078038710361,0,0.600519118254569,0.707078038710361,0.292921961289639,0.707078038710361,0.707078038710361,"all","log"
"4465",1,1.42704853800327,1.59790603939109,"Exp1","mixed","IP",0,1.56954833546967,0.211004007225255,1.56873906929042,0.467217143005302,0,0.141859197520468,0.467217143005302,0.532782856994698,0.467217143005302,0.467217143005302,"all","log"
"4466",1,0.672717132202972,0.669860918893391,"Exp1","mixed","IP",0,0.610082586099282,0.112026779560549,0.609582657647829,0.707078038710361,0,0.76714184257069,0.707078038710361,0.292921961289639,0.707078038710361,0.707078038710361,"all","log"
"4467",1,0.475682846001088,0.668013242562665,"Exp1","mixed","IP",0,0.551199072013304,0.125239546310594,0.550315294259102,0.707078038710361,0,0.666039675304755,0.707078038710361,0.292921961289639,0.707078038710361,0.707078038710361,"all","log"
"4468",1,0.475682846001088,0.550002363632302,"Exp1","mixed","IP",0,0.551199072013304,0.125239546310594,0.551045687204925,0.707078038710361,0,0.664622476158937,0.707078038710361,0.292921961289639,0.707078038710361,0.707078038710361,"all","log"
"4469",1,0.672717132202972,0.59791754654907,"Exp1","mixed","IP",0,0.610082586099282,0.112026779560549,0.610042992392451,0.707078038710361,0,0.771902835270492,0.707078038710361,0.292921961289639,0.707078038710361,0.707078038710361,"all","log"
"4470",1,2.4,1.89395379720554,"Exp1","mixed","IP",0,2.07061586061509,0.269165462636821,2.07002980774468,0.467217143005302,0,-0.101892845300605,0.467217143005302,0.532782856994698,0.467217143005302,0.467217143005302,"all","log"
"4471",1,0.8,0.773848304559579,"Exp1","mixed","IP",0,0.641929854848327,0.107103054308324,0.642683010796395,0.707078038710361,0,0.810314570495148,0.707078038710361,0.292921961289639,0.707078038710361,0.707078038710361,"all","log"
"4472",1,1.2,1.30197739620962,"Exp1","mixed","IP",0,1.43127071932898,0.19645190143423,1.43167228158629,0.467217143005302,0,0.212003814873397,0.467217143005302,0.532782856994698,0.467217143005302,0.467217143005302,"all","log"
"4473",1,1.2,0.893990184706126,"Exp1","mixed","IP",0,1.43127071932898,0.19645190143423,1.43179169025652,0.467217143005302,0,0.211052985437569,0.467217143005302,0.532782856994698,0.467217143005302,0.467217143005302,"all","log"
"4474",1,2.01815139660892,1.82189721931172,"Exp1","mixed","IP",0,1.88783295682527,0.247305706980058,1.88610420769457,0.467217143005302,0,-0.0195974638318831,0.467217143005302,0.532782856994698,0.467217143005302,0.467217143005302,"all","log"
"4475",1,2.01815139660892,1.24589493031817,"Exp1","mixed","IP",0,1.88783295682527,0.247305706980058,1.89077192865421,0.467217143005302,0,-0.021313639618381,0.467217143005302,0.532782856994698,0.467217143005302,0.467217143005302,"all","log"
"4476",1,1.42704853800327,1.28592708815995,"Exp1","mixed","IP",0,1.56954833546967,0.211004007225255,1.57158787915778,0.467217143005302,0,0.134428927191384,0.467217143005302,0.532782856994698,0.467217143005302,0.467217143005302,"all","log"
"4477",1,1.69705627484772,1.5899163398517,"Exp1","mixed","IP",0,1.7212949118355,0.22794318710226,1.72134147035661,0.467217143005302,0,0.0597069259428204,0.467217143005302,0.532782856994698,0.467217143005302,0.467217143005302,"all","log"
"4478",1,0.8,0.797949579988199,"Exp1","mixed","IP",0,0.641929854848327,0.107103054308324,0.642003691825418,0.707078038710361,0,0.816754690492351,0.707078038710361,0.292921961289639,0.707078038710361,0.707078038710361,"all","log"
"4479",1,1.69705627484772,1.44590674848223,"Exp1","mixed","IP",0,1.7212949118355,0.22794318710226,1.72001321940246,0.467217143005302,0,0.0652022551786914,0.467217143005302,0.532782856994698,0.467217143005302,0.467217143005302,"all","log"
"4480",1,1.69705627484772,1.87799523541435,"Exp1","mixed","IP",0,1.7212949118355,0.22794318710226,1.72199466475861,0.467217143005302,0,0.0608497623249627,0.467217143005302,0.532782856994698,0.467217143005302,0.467217143005302,"all","log"
"4481",1,0.4,0.454018983698916,"Exp1","mixed","IP",0,0.52399511205091,0.133598572354617,0.522608664068593,0.707078038710361,0,0.597885675850711,0.707078038710361,0.292921961289639,0.707078038710361,0.707078038710361,"all","log"
"4482",1,1.2,1.26189609969515,"Exp1","mixed","IP",0,1.43127071932898,0.19645190143423,1.43219510575723,0.467217143005302,0,0.213502301875696,0.467217143005302,0.532782856994698,0.467217143005302,0.467217143005302,"all","log"
"4483",1,0.4,0.461929999159111,"Exp1","mixed","IP",0,0.52399511205091,0.133598572354617,0.524069442855925,0.707078038710361,0,0.604384080065249,0.707078038710361,0.292921961289639,0.707078038710361,0.707078038710361,"all","log"
"4484",1,2.01815139660892,1.677735546853,"Exp1","mixed","IP",0,1.88783295682527,0.247305706980058,1.88758691435522,0.467217143005302,0,-0.0193804866451979,0.467217143005302,0.532782856994698,0.467217143005302,0.467217143005302,"all","log"
"4485",1,2.01815139660892,1.91790703460538,"Exp1","mixed","IP",0,1.88783295682527,0.247305706980058,1.88962419293886,0.467217143005302,0,-0.0200562561982802,0.467217143005302,0.532782856994698,0.467217143005302,0.467217143005302,"all","log"
"4486",1,0.672717132202972,0.95777187215208,"Exp1","mixed","IP",0,0.610082586099282,0.112026779560549,0.609902233569147,0.707078038710361,0,0.774055703060851,0.707078038710361,0.292921961289639,0.707078038710361,0.707078038710361,"all","log"
"4487",1,1.42704853800327,1.40988841166836,"Exp1","mixed","IP",0,1.56954833546967,0.211004007225255,1.56877893533168,0.467217143005302,0,0.14034740283565,0.467217143005302,0.532782856994698,0.467217143005302,0.467217143005302,"all","log"
"4488",1,0.565685424949238,0.709996019144455,"Exp1","mixed","IP",0,0.579867723887635,0.118060907559604,0.580556690415006,0.707078038710361,0,0.722432145722378,0.707078038710361,0.292921961289639,0.707078038710361,0.707078038710361,"all","log"
"4489",1,0.8,0.573933519726779,"Exp1","mixed","IP",0,0.641929854848327,0.107103054308324,0.642483664984985,0.707078038710361,0,0.812436970492628,0.707078038710361,0.292921961289639,0.707078038710361,0.707078038710361,"all","log"
"4490",1,0.4,0.397906972404598,"Exp1","mixed","IP",0,0.52399511205091,0.133598572354617,0.523934498841656,0.707078038710361,0,0.595751505235942,0.707078038710361,0.292921961289639,0.707078038710361,0.707078038710361,"all","log"
"4491",1,0.8,0.685897542754901,"Exp1","mixed","IP",0,0.641929854848327,0.107103054308324,0.640979672545755,0.707078038710361,0,0.82144885693667,0.707078038710361,0.292921961289639,0.707078038710361,0.707078038710361,"all","log"
"4492",1,0.565685424949238,0.517933780973181,"Exp1","mixed","IP",0,0.579867723887635,0.118060907559604,0.579502212228329,0.707078038710361,0,0.720077137829683,0.707078038710361,0.292921961289639,0.707078038710361,0.707078038710361,"all","log"
"4493",1,0.8,0.725861901666576,"Exp1","mixed","IP",0,0.641929854848327,0.107103054308324,0.642755026135334,0.707078038710361,0,0.819549448466259,0.707078038710361,0.292921961289639,0.707078038710361,0.707078038710361,"all","log"
"4494",1,1.42704853800327,1.02994227760792,"Exp1","mixed","IP",0,1.56954833546967,0.211004007225255,1.57093702784745,0.467217143005302,0,0.137583089049533,0.467217143005302,0.532782856994698,0.467217143005302,0.467217143005302,"all","log"
"4495",1,0.672717132202972,0.837967120627582,"Exp1","mixed","IP",0,0.610082586099282,0.112026779560549,0.61095387891165,0.707078038710361,0,0.772771528490949,0.707078038710361,0.292921961289639,0.707078038710361,0.707078038710361,"all","log"
"4496",1,1.2,1.20603693486737,"Exp1","mixed","IP",0,1.43127071932898,0.19645190143423,1.43172676136655,0.467217143005302,0,0.209631332629394,0.467217143005302,0.532782856994698,0.467217143005302,0.467217143005302,"all","log"
"4497",1,0.475682846001088,0.611256830430648,"Exp1","mixed","IP",0,0.551199072013304,0.125239546310594,0.550537657977212,0.707078038710361,0,0.661326902750591,0.707078038710361,0.292921961289639,0.707078038710361,0.707078038710361,"all","log"
"4498",1,0.4,0.469869316008044,"Exp1","mixed","IP",0,0.52399511205091,0.133598572354617,0.523655961411002,0.707078038710361,0,0.596074014094654,0.707078038710361,0.292921961289639,0.707078038710361,0.707078038710361,"all","log"
"4499",1,1.2,1.27002668416571,"Exp1","mixed","IP",0,1.43127071932898,0.19645190143423,1.43126010864908,0.467217143005302,0,0.209445845259828,0.467217143005302,0.532782856994698,0.467217143005302,0.467217143005302,"all","log"
"4500",1,0.565685424949238,0.722737863836301,"Exp1","mixed","IP",0,0.579867723887635,0.118060907559604,0.579825906042637,0.707078038710361,0,0.72190159882246,0.707078038710361,0.292921961289639,0.707078038710361,0.707078038710361,"all","log"
"4501",1,0.672717132202972,0.605916576216259,"Exp1","mixed","IP",0,0.610082586099282,0.112026779560549,0.61045000833417,0.707078038710361,0,0.775689712725878,0.707078038710361,0.292921961289639,0.707078038710361,0.707078038710361,"all","log"
"4502",1,2.4,1.79792780969001,"Exp1","mixed","IP",0,2.07061586061509,0.269165462636821,2.06990713735927,0.467217143005302,0,-0.104540859509963,0.467217143005302,0.532782856994698,0.467217143005302,0.467217143005302,"all","log"
"4503",1,2.01815139660892,1.53392437620278,"Exp1","mixed","IP",0,1.88783295682527,0.247305706980058,1.88874966109517,0.467217143005302,0,-0.0218211616598061,0.467217143005302,0.532782856994698,0.467217143005302,0.467217143005302,"all","log"
"4504",1,1.42704853800327,1.44589026525682,"Exp1","mixed","IP",0,1.56954833546967,0.211004007225255,1.56850560425172,0.467217143005302,0,0.141065702843259,0.467217143005302,0.532782856994698,0.467217143005302,0.467217143005302,"all","log"
"4505",1,1.69705627484772,1.10198797035628,"Exp1","mixed","IP",0,1.7212949118355,0.22794318710226,1.72234085986264,0.467217143005302,0,0.0652524658980083,0.467217143005302,0.532782856994698,0.467217143005302,0.467217143005302,"all","log"
"4506",1,2.4,2.16003411716883,"Exp1","mixed","IP",0,2.07061586061509,0.269165462636821,2.06991261315905,0.467217143005302,0,-0.108088499569237,0.467217143005302,0.532782856994698,0.467217143005302,0.467217143005302,"all","log"
"4507",1,2.4,2.3338895437264,"Exp1","mixed","IP",0,2.07061586061509,0.269165462636821,2.06947340043798,0.467217143005302,0,-0.101586435584041,0.467217143005302,0.532782856994698,0.467217143005302,0.467217143005302,"all","log"
"4508",1,0.8,0.798017378918303,"Exp1","mixed","IP",0,0.641929854848327,0.107103054308324,0.641904706278089,0.707078038710361,0,0.817167154205834,0.707078038710361,0.292921961289639,0.707078038710361,0.707078038710361,"all","log"
"4509",1,0.475682846001088,0.550054923352945,"Exp1","mixed","IP",0,0.551199072013304,0.125239546310594,0.551910107737566,0.707078038710361,0,0.659967846939174,0.707078038710361,0.292921961289639,0.707078038710361,0.707078038710361,"all","log"
"4510",1,1.42704853800327,1.20587241361136,"Exp1","mixed","IP",0,1.56954833546967,0.211004007225255,1.56994920349794,0.467217143005302,0,0.138953582687086,0.467217143005302,0.532782856994698,0.467217143005302,0.467217143005302,"all","log"
"4511",1,0.672717132202972,0.517860072961412,"Exp1","mixed","IP",0,0.610082586099282,0.112026779560549,0.60883603413112,0.707078038710361,0,0.769883151660929,0.707078038710361,0.292921961289639,0.707078038710361,0.707078038710361,"all","log"
"4512",1,1.2,1.21392369199384,"Exp1","mixed","IP",0,1.43127071932898,0.19645190143423,1.43077200768025,0.467217143005302,0,0.204201313923531,0.467217143005302,0.532782856994698,0.467217143005302,0.467217143005302,"all","log"
"4513",1,1.69705627484772,1.66992187572941,"Exp1","mixed","IP",0,1.7212949118355,0.22794318710226,1.7187351665371,0.467217143005302,0,0.0642281452640408,0.467217143005302,0.532782856994698,0.467217143005302,0.467217143005302,"all","log"
"4514",1,0.475682846001088,0.733929663274466,"Exp1","mixed","IP",0,0.551199072013304,0.125239546310594,0.550450455556718,0.707078038710361,0,0.666175627356606,0.707078038710361,0.292921961289639,0.707078038710361,0.707078038710361,"all","log"
"4515",1,0.565685424949238,0.533988443081398,"Exp1","mixed","IP",0,0.579867723887635,0.118060907559604,0.579401373052669,0.707078038710361,0,0.724397579297876,0.707078038710361,0.292921961289639,0.707078038710361,0.707078038710361,"all","log"
"4516",1,2.01815139660892,1.677880474841,"Exp1","mixed","IP",0,1.88783295682527,0.247305706980058,1.88618630237023,0.467217143005302,0,-0.0186805993539303,0.467217143005302,0.532782856994698,0.467217143005302,0.467217143005302,"all","log"
"4517",1,2.4,2.03784738398645,"Exp1","mixed","IP",0,2.07061586061509,0.269165462636821,2.07141811886993,0.467217143005302,0,-0.0978087202798969,0.467217143005302,0.532782856994698,0.467217143005302,0.467217143005302,"all","log"
"4518",2,1.2,1.12592978811517,"Exp1","mixed","IP",0,1.32648674775766,0.164440814756502,1.32676358325249,0.405368257736072,0,0.388420607637727,0.405368257736072,0.594631742263928,0.405368257736072,0.405368257736072,"all","log"
"4519",2,0.8,0.829917459981516,"Exp1","mixed","IP",0,0.617159135985467,0.0816772699944292,0.61668652250425,0.662461796539036,0,1.08590505099194,0.662461796539036,0.337538203460964,0.662461796539036,0.662461796539036,"all","log"
"4520",2,0.672717132202972,0.573955078823928,"Exp1","mixed","IP",0,0.582046455598037,0.0836935320942409,0.581969478315735,0.662461796539036,0,1.06260169339519,0.662461796539036,0.337538203460964,0.662461796539036,0.662461796539036,"all","log"
"4521",2,0.8,0.765930596724502,"Exp1","mixed","IP",0,0.617159135985467,0.0816772699944292,0.617322400502692,0.662461796539036,0,1.0853555010466,0.662461796539036,0.337538203460964,0.662461796539036,0.662461796539036,"all","log"
"4522",2,0.4,0.573944193743955,"Exp1","mixed","IP",0,0.488424095776502,0.0952375361667584,0.488421764616149,0.662461796539036,0,0.940028846487778,0.662461796539036,0.337538203460964,0.662461796539036,0.662461796539036,"all","log"
"4523",2,1.2,1.06190249455176,"Exp1","mixed","IP",0,1.32648674775766,0.164440814756502,1.32607144462863,0.405368257736072,0,0.387984972216507,0.405368257736072,0.594631742263928,0.405368257736072,0.405368257736072,"all","log"
"4524",2,1.42704853800327,1.30986745080736,"Exp1","mixed","IP",0,1.47034088510184,0.179643936080603,1.4700888768473,0.405368257736072,0,0.297515086686094,0.405368257736072,0.594631742263928,0.405368257736072,0.405368257736072,"all","log"
"4525",2,0.565685424949238,0.589956148673082,"Exp1","mixed","IP",0,0.548964754606042,0.0866105748010999,0.549026571384121,0.662461796539036,0,1.02267239692844,0.662461796539036,0.337538203460964,0.662461796539036,0.662461796539036,"all","log"
"4526",2,0.565685424949238,0.581940685635345,"Exp1","mixed","IP",0,0.548964754606042,0.0866105748010999,0.548589140216446,0.662461796539036,0,1.02973572081157,0.662461796539036,0.337538203460964,0.662461796539036,0.662461796539036,"all","log"
"4527",2,0.4,0.325899931893218,"Exp1","mixed","IP",0,0.488424095776502,0.0952375361667584,0.488180689958778,0.662461796539036,0,0.938921778028322,0.662461796539036,0.337538203460964,0.662461796539036,0.662461796539036,"all","log"
"4528",2,2.01815139660892,2.18192482451923,"Exp1","mixed","IP",0,1.80683565435158,0.21696260330865,1.80571933736903,0.405368257736072,0,0.11257622575271,0.405368257736072,0.594631742263928,0.405368257736072,0.405368257736072,"all","log"
"4529",2,1.2,1.17396938493039,"Exp1","mixed","IP",0,1.32648674775766,0.164440814756502,1.32708287564585,0.405368257736072,0,0.394409106111611,0.405368257736072,0.594631742263928,0.405368257736072,0.405368257736072,"all","log"
"4530",2,1.42704853800327,1.50186442786799,"Exp1","mixed","IP",0,1.47034088510184,0.179643936080603,1.4707185693465,0.405368257736072,0,0.303517980046186,0.405368257736072,0.594631742263928,0.405368257736072,0.405368257736072,"all","log"
"4531",2,0.672717132202972,0.613879380856815,"Exp1","mixed","IP",0,0.582046455598037,0.0836935320942409,0.582501667982264,0.662461796539036,0,1.06069744114929,0.662461796539036,0.337538203460964,0.662461796539036,0.662461796539036,"all","log"
"4532",2,0.4,0.453968203124532,"Exp1","mixed","IP",0,0.488424095776502,0.0952375361667584,0.488269754529568,0.662461796539036,0,0.938283953418768,0.662461796539036,0.337538203460964,0.662461796539036,0.662461796539036,"all","log"
"4533",2,2.4,2.37388541430118,"Exp1","mixed","IP",0,2.00310702866884,0.239345423330002,2.00066278257436,0.405368257736072,0,0.0104776540600184,0.405368257736072,0.594631742263928,0.405368257736072,0.405368257736072,"all","log"
"4534",2,1.42704853800327,1.37395010278851,"Exp1","mixed","IP",0,1.47034088510184,0.179643936080603,1.47136145823928,0.405368257736072,0,0.301009169040645,0.405368257736072,0.594631742263928,0.405368257736072,0.405368257736072,"all","log"
"4535",2,0.672717132202972,0.629924924040097,"Exp1","mixed","IP",0,0.582046455598037,0.0836935320942409,0.582269895439192,0.662461796539036,0,1.06645709120024,0.662461796539036,0.337538203460964,0.662461796539036,0.662461796539036,"all","log"
"4536",2,0.672717132202972,0.709920632205467,"Exp1","mixed","IP",0,0.582046455598037,0.0836935320942409,0.583071259573618,0.662461796539036,0,1.06479681170553,0.662461796539036,0.337538203460964,0.662461796539036,0.662461796539036,"all","log"
"4537",2,1.69705627484772,1.89391365331539,"Exp1","mixed","IP",0,1.62988368294672,0.197113198387127,1.63006977202204,0.405368257736072,0,0.200402238227024,0.405368257736072,0.594631742263928,0.405368257736072,0.405368257736072,"all","log"
"4538",2,1.69705627484772,1.7098724268435,"Exp1","mixed","IP",0,1.62988368294672,0.197113198387127,1.62795605003564,0.405368257736072,0,0.209730614710376,0.405368257736072,0.594631742263928,0.405368257736072,0.405368257736072,"all","log"
"4539",2,0.8,0.701972034672508,"Exp1","mixed","IP",0,0.617159135985467,0.0816772699944292,0.616522547178381,0.662461796539036,0,1.08639015407517,0.662461796539036,0.337538203460964,0.662461796539036,0.662461796539036,"all","log"
"4540",2,1.69705627484772,1.70984785766268,"Exp1","mixed","IP",0,1.62988368294672,0.197113198387127,1.63079373392589,0.405368257736072,0,0.201222912673292,0.405368257736072,0.594631742263928,0.405368257736072,0.405368257736072,"all","log"
"4541",2,0.475682846001088,0.493985805853299,"Exp1","mixed","IP",0,0.517794705230231,0.090451875085432,0.518551793809073,0.662461796539036,0,0.986882102869962,0.662461796539036,0.337538203460964,0.662461796539036,0.662461796539036,"all","log"
"4542",2,2.01815139660892,1.5418966477082,"Exp1","mixed","IP",0,1.80683565435158,0.21696260330865,1.8077359163598,0.405368257736072,0,0.114671913426194,0.405368257736072,0.594631742263928,0.405368257736072,0.405368257736072,"all","log"
"4543",2,0.475682846001088,0.533906997865415,"Exp1","mixed","IP",0,0.517794705230231,0.090451875085432,0.518322265619035,0.662461796539036,0,0.985586641521708,0.662461796539036,0.337538203460964,0.662461796539036,0.662461796539036,"all","log"
"4544",2,0.475682846001088,0.549908378714463,"Exp1","mixed","IP",0,0.517794705230231,0.090451875085432,0.517378278773045,0.662461796539036,0,0.989129744545657,0.662461796539036,0.337538203460964,0.662461796539036,0.662461796539036,"all","log"
"4545",2,1.69705627484772,1.42184072948658,"Exp1","mixed","IP",0,1.62988368294672,0.197113198387127,1.63067480237063,0.405368257736072,0,0.206406669113772,0.405368257736072,0.594631742263928,0.405368257736072,0.405368257736072,"all","log"
"4546",2,0.4,0.421902618953027,"Exp1","mixed","IP",0,0.488424095776502,0.0952375361667584,0.488555528416336,0.662461796539036,0,0.934315154596253,0.662461796539036,0.337538203460964,0.662461796539036,0.662461796539036,"all","log"
"4547",2,2.01815139660892,1.92590241991275,"Exp1","mixed","IP",0,1.80683565435158,0.21696260330865,1.80564666517574,0.405368257736072,0,0.114117337185434,0.405368257736072,0.594631742263928,0.405368257736072,0.405368257736072,"all","log"
"4548",2,2.4,2.1978758229925,"Exp1","mixed","IP",0,2.00310702866884,0.239345423330002,2.00341156471181,0.405368257736072,0,0.0181766103941759,0.405368257736072,0.594631742263928,0.405368257736072,0.405368257736072,"all","log"
"4549",2,0.565685424949238,0.525972395436838,"Exp1","mixed","IP",0,0.548964754606042,0.0866105748010999,0.549226556261245,0.662461796539036,0,1.02694409653792,0.662461796539036,0.337538203460964,0.662461796539036,0.662461796539036,"all","log"
"4550",2,2.4,1.76596480697481,"Exp1","mixed","IP",0,2.00310702866884,0.239345423330002,2.00268590804463,0.405368257736072,0,0.0103039437486971,0.405368257736072,0.594631742263928,0.405368257736072,0.405368257736072,"all","log"
"4551",2,0.475682846001088,0.605894396052463,"Exp1","mixed","IP",0,0.517794705230231,0.090451875085432,0.517992824486666,0.662461796539036,0,0.98781591935272,0.662461796539036,0.337538203460964,0.662461796539036,0.662461796539036,"all","log"
"4552",2,0.8,0.549882565519511,"Exp1","mixed","IP",0,0.617159135985467,0.0816772699944292,0.617290412684537,0.662461796539036,0,1.08755947979491,0.662461796539036,0.337538203460964,0.662461796539036,0.662461796539036,"all","log"
"4553",2,1.2,1.20589408504748,"Exp1","mixed","IP",0,1.32648674775766,0.164440814756502,1.32755436115147,0.405368257736072,0,0.382895403649608,0.405368257736072,0.594631742263928,0.405368257736072,0.405368257736072,"all","log"
"4554",2,1.2,1.18995583767173,"Exp1","mixed","IP",0,1.32648674775766,0.164440814756502,1.325883192738,0.405368257736072,0,0.38318951684433,0.405368257736072,0.594631742263928,0.405368257736072,0.405368257736072,"all","log"
"4555",2,0.475682846001088,0.565898874483537,"Exp1","mixed","IP",0,0.517794705230231,0.090451875085432,0.517860560190539,0.662461796539036,0,0.988477788322337,0.662461796539036,0.337538203460964,0.662461796539036,0.662461796539036,"all","log"
"4556",2,1.42704853800327,1.57391527052459,"Exp1","mixed","IP",0,1.47034088510184,0.179643936080603,1.47024375595019,0.405368257736072,0,0.301390126553724,0.405368257736072,0.594631742263928,0.405368257736072,0.405368257736072,"all","log"
"4557",2,2.4,1.99790163618309,"Exp1","mixed","IP",0,2.00310702866884,0.239345423330002,2.00405050796926,0.405368257736072,0,0.0117785571372237,0.405368257736072,0.594631742263928,0.405368257736072,0.405368257736072,"all","log"
"4558",2,0.8,0.853887342520466,"Exp1","mixed","IP",0,0.617159135985467,0.0816772699944292,0.617644282155835,0.662461796539036,0,1.08867105379159,0.662461796539036,0.337538203460964,0.662461796539036,0.662461796539036,"all","log"
"4559",2,2.4,2.18991727338289,"Exp1","mixed","IP",0,2.00310702866884,0.239345423330002,2.0007909265979,0.405368257736072,0,0.013990597695857,0.405368257736072,0.594631742263928,0.405368257736072,0.405368257736072,"all","log"
"4560",2,2.4,2.17390034241544,"Exp1","mixed","IP",0,2.00310702866884,0.239345423330002,2.00310028977723,0.405368257736072,0,0.0134829601895193,0.405368257736072,0.594631742263928,0.405368257736072,0.405368257736072,"all","log"
"4561",2,2.01815139660892,2.06995092383659,"Exp1","mixed","IP",0,1.80683565435158,0.21696260330865,1.80701786457641,0.405368257736072,0,0.109219700857879,0.405368257736072,0.594631742263928,0.405368257736072,0.405368257736072,"all","log"
"4562",2,0.475682846001088,0.541917795868358,"Exp1","mixed","IP",0,0.517794705230231,0.090451875085432,0.518131358491824,0.662461796539036,0,0.987075824014425,0.662461796539036,0.337538203460964,0.662461796539036,0.662461796539036,"all","log"
"4563",2,1.2,1.22192003508462,"Exp1","mixed","IP",0,1.32648674775766,0.164440814756502,1.32636915168332,0.405368257736072,0,0.379650040557738,0.405368257736072,0.594631742263928,0.405368257736072,0.405368257736072,"all","log"
"4564",2,0.672717132202972,0.645940299997164,"Exp1","mixed","IP",0,0.582046455598037,0.0836935320942409,0.581946794203404,0.662461796539036,0,1.06450906055918,0.662461796539036,0.337538203460964,0.662461796539036,0.662461796539036,"all","log"
"4565",2,1.42704853800327,1.50994053635441,"Exp1","mixed","IP",0,1.47034088510184,0.179643936080603,1.4709260883921,0.405368257736072,0,0.301203824149289,0.405368257736072,0.594631742263928,0.405368257736072,0.405368257736072,"all","log"
"4566",2,1.69705627484772,1.42189950892862,"Exp1","mixed","IP",0,1.62988368294672,0.197113198387127,1.63031646755721,0.405368257736072,0,0.209675082139198,0.405368257736072,0.594631742263928,0.405368257736072,0.405368257736072,"all","log"
"4567",2,0.475682846001088,0.541941743045754,"Exp1","mixed","IP",0,0.517794705230231,0.090451875085432,0.517496102601019,0.662461796539036,0,0.987399135616716,0.662461796539036,0.337538203460964,0.662461796539036,0.662461796539036,"all","log"
"4568",2,2.01815139660892,2.06987535026929,"Exp1","mixed","IP",0,1.80683565435158,0.21696260330865,1.80739080679976,0.405368257736072,0,0.113955082922522,0.405368257736072,0.594631742263928,0.405368257736072,0.405368257736072,"all","log"
"4569",2,1.69705627484772,1.797876755998,"Exp1","mixed","IP",0,1.62988368294672,0.197113198387127,1.63066115132508,0.405368257736072,0,0.205582094642596,0.405368257736072,0.594631742263928,0.405368257736072,0.405368257736072,"all","log"
"4570",2,0.4,0.333915394930955,"Exp1","mixed","IP",0,0.488424095776502,0.0952375361667584,0.488098601682283,0.662461796539036,0,0.941550086148717,0.662461796539036,0.337538203460964,0.662461796539036,0.662461796539036,"all","log"
"4571",2,1.2,1.04598010829432,"Exp1","mixed","IP",0,1.32648674775766,0.164440814756502,1.32731524248088,0.405368257736072,0,0.384094218659741,0.405368257736072,0.594631742263928,0.405368257736072,0.405368257736072,"all","log"
"4572",2,0.565685424949238,0.493861093920714,"Exp1","mixed","IP",0,0.548964754606042,0.0866105748010999,0.548620405857954,0.662461796539036,0,1.02685451420054,0.662461796539036,0.337538203460964,0.662461796539036,0.662461796539036,"all","log"
"4573",2,0.4,0.437916128896177,"Exp1","mixed","IP",0,0.488424095776502,0.0952375361667584,0.488572636364665,0.662461796539036,0,0.937801761349533,0.662461796539036,0.337538203460964,0.662461796539036,0.662461796539036,"all","log"
"4574",2,0.672717132202972,0.557892430515494,"Exp1","mixed","IP",0,0.582046455598037,0.0836935320942409,0.582111482851646,0.662461796539036,0,1.061318900471,0.662461796539036,0.337538203460964,0.662461796539036,0.662461796539036,"all","log"
"4575",2,0.672717132202972,0.61392229917692,"Exp1","mixed","IP",0,0.582046455598037,0.0836935320942409,0.580976760804642,0.662461796539036,0,1.05941317723655,0.662461796539036,0.337538203460964,0.662461796539036,0.662461796539036,"all","log"
"4576",2,1.69705627484772,1.87788055022975,"Exp1","mixed","IP",0,1.62988368294672,0.197113198387127,1.62794914802302,0.405368257736072,0,0.211144758317119,0.405368257736072,0.594631742263928,0.405368257736072,0.405368257736072,"all","log"
"4577",2,0.4,0.34994196696789,"Exp1","mixed","IP",0,0.488424095776502,0.0952375361667584,0.489340981246408,0.662461796539036,0,0.935182257134172,0.662461796539036,0.337538203460964,0.662461796539036,0.662461796539036,"all","log"
"4578",2,1.42704853800327,1.25387117039645,"Exp1","mixed","IP",0,1.47034088510184,0.179643936080603,1.47009823249321,0.405368257736072,0,0.299455956426796,0.405368257736072,0.594631742263928,0.405368257736072,0.405368257736072,"all","log"
"4579",2,2.01815139660892,2.12593756317438,"Exp1","mixed","IP",0,1.80683565435158,0.21696260330865,1.80702443710545,0.405368257736072,0,0.11164400673154,0.405368257736072,0.594631742263928,0.405368257736072,0.405368257736072,"all","log"
"4580",2,0.565685424949238,0.661930484762706,"Exp1","mixed","IP",0,0.548964754606042,0.0866105748010999,0.548592549801332,0.662461796539036,0,1.03351905716273,0.662461796539036,0.337538203460964,0.662461796539036,0.662461796539036,"all","log"
"4581",2,0.565685424949238,0.637880985628726,"Exp1","mixed","IP",0,0.548964754606042,0.0866105748010999,0.548767688739295,0.662461796539036,0,1.03520469801713,0.662461796539036,0.337538203460964,0.662461796539036,0.662461796539036,"all","log"
"4582",2,0.565685424949238,0.446002500462782,"Exp1","mixed","IP",0,0.548964754606042,0.0866105748010999,0.548822791912482,0.662461796539036,0,1.03332278825585,0.662461796539036,0.337538203460964,0.662461796539036,0.662461796539036,"all","log"
"4583",2,2.4,2.12590708494827,"Exp1","mixed","IP",0,2.00310702866884,0.239345423330002,2.00407716613301,0.405368257736072,0,0.00997945535385066,0.405368257736072,0.594631742263928,0.405368257736072,0.405368257736072,"all","log"
"4584",2,1.69705627484772,1.86986011115368,"Exp1","mixed","IP",0,1.62988368294672,0.197113198387127,1.62923877289947,0.405368257736072,0,0.203986363035663,0.405368257736072,0.594631742263928,0.405368257736072,0.405368257736072,"all","log"
"4585",2,0.8,0.709898240038456,"Exp1","mixed","IP",0,0.617159135985467,0.0816772699944292,0.616951743885395,0.662461796539036,0,1.09379903034723,0.662461796539036,0.337538203460964,0.662461796539036,0.662461796539036,"all","log"
"4586",2,0.475682846001088,0.549892517596163,"Exp1","mixed","IP",0,0.517794705230231,0.090451875085432,0.517282018894767,0.662461796539036,0,0.987211500186912,0.662461796539036,0.337538203460964,0.662461796539036,0.662461796539036,"all","log"
"4587",2,0.8,0.925916415013489,"Exp1","mixed","IP",0,0.617159135985467,0.0816772699944292,0.616500918189614,0.662461796539036,0,1.08463250454098,0.662461796539036,0.337538203460964,0.662461796539036,0.662461796539036,"all","log"
"4588",2,2.4,2.07797664994723,"Exp1","mixed","IP",0,2.00310702866884,0.239345423330002,2.00234974268925,0.405368257736072,0,0.0129990547721151,0.405368257736072,0.594631742263928,0.405368257736072,0.405368257736072,"all","log"
"4589",2,1.2,1.18989861324008,"Exp1","mixed","IP",0,1.32648674775766,0.164440814756502,1.32658101454784,0.405368257736072,0,0.387046593957452,0.405368257736072,0.594631742263928,0.405368257736072,0.405368257736072,"all","log"
"4590",2,0.475682846001088,0.525906462942658,"Exp1","mixed","IP",0,0.517794705230231,0.090451875085432,0.518299815478041,0.662461796539036,0,0.990461540437841,0.662461796539036,0.337538203460964,0.662461796539036,0.662461796539036,"all","log"
"4591",2,1.2,1.26987130723865,"Exp1","mixed","IP",0,1.32648674775766,0.164440814756502,1.32611301415607,0.405368257736072,0,0.388675403251774,0.405368257736072,0.594631742263928,0.405368257736072,0.405368257736072,"all","log"
"4592",2,2.01815139660892,2.16584227205749,"Exp1","mixed","IP",0,1.80683565435158,0.21696260330865,1.80652735475075,0.405368257736072,0,0.10889874339209,0.405368257736072,0.594631742263928,0.405368257736072,0.405368257736072,"all","log"
"4593",2,1.69705627484772,1.7978574738554,"Exp1","mixed","IP",0,1.62988368294672,0.197113198387127,1.63026378579104,0.405368257736072,0,0.206114540370482,0.405368257736072,0.594631742263928,0.405368257736072,0.405368257736072,"all","log"
"4594",2,1.42704853800327,1.59791189926182,"Exp1","mixed","IP",0,1.47034088510184,0.179643936080603,1.47096980516771,0.405368257736072,0,0.302295849894754,0.405368257736072,0.594631742263928,0.405368257736072,0.405368257736072,"all","log"
"4595",2,2.01815139660892,1.69388504110248,"Exp1","mixed","IP",0,1.80683565435158,0.21696260330865,1.8063567521917,0.405368257736072,0,0.109099181874739,0.405368257736072,0.594631742263928,0.405368257736072,0.405368257736072,"all","log"
"4596",2,0.4,0.32589899888626,"Exp1","mixed","IP",0,0.488424095776502,0.0952375361667584,0.48795360118585,0.662461796539036,0,0.941495639468727,0.662461796539036,0.337538203460964,0.662461796539036,0.662461796539036,"all","log"
"4597",2,1.42704853800327,1.30989264199525,"Exp1","mixed","IP",0,1.47034088510184,0.179643936080603,1.46953404398421,0.405368257736072,0,0.298808938133335,0.405368257736072,0.594631742263928,0.405368257736072,0.405368257736072,"all","log"
"4598",2,0.8,0.829906885905075,"Exp1","mixed","IP",0,0.617159135985467,0.0816772699944292,0.617078746901627,0.662461796539036,0,1.08743462075891,0.662461796539036,0.337538203460964,0.662461796539036,0.662461796539036,"all","log"
"4599",2,2.4,2.15786133028087,"Exp1","mixed","IP",0,2.00310702866884,0.239345423330002,2.00340184887257,0.405368257736072,0,0.0155720209909621,0.405368257736072,0.594631742263928,0.405368257736072,0.405368257736072,"all","log"
"4600",2,0.475682846001088,0.509920632204739,"Exp1","mixed","IP",0,0.517794705230231,0.090451875085432,0.51834585083434,0.662461796539036,0,0.992164225352525,0.662461796539036,0.337538203460964,0.662461796539036,0.662461796539036,"all","log"
"4601",2,1.42704853800327,1.4459717112295,"Exp1","mixed","IP",0,1.47034088510184,0.179643936080603,1.47126257937815,0.405368257736072,0,0.304605269671742,0.405368257736072,0.594631742263928,0.405368257736072,0.405368257736072,"all","log"
"4602",2,0.4,0.453888275525969,"Exp1","mixed","IP",0,0.488424095776502,0.0952375361667584,0.488030885897723,0.662461796539036,0,0.936193901945642,0.662461796539036,0.337538203460964,0.662461796539036,0.662461796539036,"all","log"
"4603",2,1.2,1.08590876435846,"Exp1","mixed","IP",0,1.32648674775766,0.164440814756502,1.32598405839269,0.405368257736072,0,0.386468925605719,0.405368257736072,0.594631742263928,0.405368257736072,0.405368257736072,"all","log"
"4604",2,2.4,1.66990147446268,"Exp1","mixed","IP",0,2.00310702866884,0.239345423330002,2.00383743670399,0.405368257736072,0,0.0121768087513356,0.405368257736072,0.594631742263928,0.405368257736072,0.405368257736072,"all","log"
"4605",2,0.565685424949238,0.597864937910344,"Exp1","mixed","IP",0,0.548964754606042,0.0866105748010999,0.548635584575201,0.662461796539036,0,1.0353922226948,0.662461796539036,0.337538203460964,0.662461796539036,0.662461796539036,"all","log"
"4606",2,1.69705627484772,1.885900678295,"Exp1","mixed","IP",0,1.62988368294672,0.197113198387127,1.63005927613323,0.405368257736072,0,0.206698635853602,0.405368257736072,0.594631742263928,0.405368257736072,0.405368257736072,"all","log"
"4607",2,1.2,1.22989444581253,"Exp1","mixed","IP",0,1.32648674775766,0.164440814756502,1.32524877785442,0.405368257736072,0,0.388165142860024,0.405368257736072,0.594631742263928,0.405368257736072,0.405368257736072,"all","log"
"4608",2,0.565685424949238,0.685953859694564,"Exp1","mixed","IP",0,0.548964754606042,0.0866105748010999,0.548799232298666,0.662461796539036,0,1.03147114173556,0.662461796539036,0.337538203460964,0.662461796539036,0.662461796539036,"all","log"
"4609",2,1.42704853800327,1.48589819027984,"Exp1","mixed","IP",0,1.47034088510184,0.179643936080603,1.47143035695998,0.405368257736072,0,0.301155704646758,0.405368257736072,0.594631742263928,0.405368257736072,0.405368257736072,"all","log"
"4610",2,0.672717132202972,0.66987317325038,"Exp1","mixed","IP",0,0.582046455598037,0.0836935320942409,0.582043770744431,0.662461796539036,0,1.06410430506021,0.662461796539036,0.337538203460964,0.662461796539036,0.662461796539036,"all","log"
"4611",2,0.672717132202972,0.73389922280694,"Exp1","mixed","IP",0,0.582046455598037,0.0836935320942409,0.582356192970046,0.662461796539036,0,1.06580744755231,0.662461796539036,0.337538203460964,0.662461796539036,0.662461796539036,"all","log"
"4612",2,0.672717132202972,0.733886471713049,"Exp1","mixed","IP",0,0.582046455598037,0.0836935320942409,0.582090969264107,0.662461796539036,0,1.06287720804917,0.662461796539036,0.337538203460964,0.662461796539036,0.662461796539036,"all","log"
"4613",2,2.4,1.98984480983927,"Exp1","mixed","IP",0,2.00310702866884,0.239345423330002,2.00407244596172,0.405368257736072,0,0.0138039913397579,0.405368257736072,0.594631742263928,0.405368257736072,0.405368257736072,"all","log"
"4614",2,2.01815139660892,1.96587212828308,"Exp1","mixed","IP",0,1.80683565435158,0.21696260330865,1.80840851608232,0.405368257736072,0,0.108205780166506,0.405368257736072,0.594631742263928,0.405368257736072,0.405368257736072,"all","log"
"4615",2,0.475682846001088,0.557924152752094,"Exp1","mixed","IP",0,0.517794705230231,0.090451875085432,0.517655654831607,0.662461796539036,0,0.98866328487399,0.662461796539036,0.337538203460964,0.662461796539036,0.662461796539036,"all","log"
"4616",2,0.672717132202972,0.621925011120766,"Exp1","mixed","IP",0,0.582046455598037,0.0836935320942409,0.582156241295026,0.662461796539036,0,1.06200225638923,0.662461796539036,0.337538203460964,0.662461796539036,0.662461796539036,"all","log"
"4617",2,0.4,0.525935386154742,"Exp1","mixed","IP",0,0.488424095776502,0.0952375361667584,0.48850637548539,0.662461796539036,0,0.931011859707071,0.662461796539036,0.337538203460964,0.662461796539036,0.662461796539036,"all","log"
"4618",2,0.8,0.829969708374847,"Exp1","mixed","IP",0,0.617159135985467,0.0816772699944292,0.617243434448377,0.662461796539036,0,1.08797033411385,0.662461796539036,0.337538203460964,0.662461796539036,0.662461796539036,"all","log"
"4619",2,0.565685424949238,0.661925819727912,"Exp1","mixed","IP",0,0.548964754606042,0.0866105748010999,0.548345338690259,0.662461796539036,0,1.02894400679845,0.662461796539036,0.337538203460964,0.662461796539036,0.662461796539036,"all","log"
"4620",2,0.8,0.594591327389935,"Exp1","mixed","IP",0,0.617159135985467,0.0816772699944292,0.618016686726206,0.662461796539036,0,1.08778891454093,0.662461796539036,0.337538203460964,0.662461796539036,0.662461796539036,"all","log"
"4621",2,2.4,1.95786070828035,"Exp1","mixed","IP",0,2.00310702866884,0.239345423330002,2.0041933387942,0.405368257736072,0,0.0160292261871449,0.405368257736072,0.594631742263928,0.405368257736072,0.405368257736072,"all","log"
"4622",2,0.672717132202972,0.669889034372318,"Exp1","mixed","IP",0,0.582046455598037,0.0836935320942409,0.581470558080631,0.662461796539036,0,1.06236599158499,0.662461796539036,0.337538203460964,0.662461796539036,0.662461796539036,"all","log"
"4623",2,1.69705627484772,1.88585185092961,"Exp1","mixed","IP",0,1.62988368294672,0.197113198387127,1.629952113161,0.405368257736072,0,0.210795206180198,0.405368257736072,0.594631742263928,0.405368257736072,0.405368257736072,"all","log"
"4624",2,1.2,1.19786960294732,"Exp1","mixed","IP",0,1.32648674775766,0.164440814756502,1.32597269536584,0.405368257736072,0,0.386395029488653,0.405368257736072,0.594631742263928,0.405368257736072,0.405368257736072,"all","log"
"4625",2,0.4,0.429926168046222,"Exp1","mixed","IP",0,0.488424095776502,0.0952375361667584,0.487994619264641,0.662461796539036,0,0.931397598743941,0.662461796539036,0.337538203460964,0.662461796539036,0.662461796539036,"all","log"
"4626",2,1.69705627484772,1.66188134639015,"Exp1","mixed","IP",0,1.62988368294672,0.197113198387127,1.63087811351755,0.405368257736072,0,0.209384111995631,0.405368257736072,0.594631742263928,0.405368257736072,0.405368257736072,"all","log"
"4627",2,0.8,0.973928021623578,"Exp1","mixed","IP",0,0.617159135985467,0.0816772699944292,0.61702042464774,0.662461796539036,0,1.08149708969436,0.662461796539036,0.337538203460964,0.662461796539036,0.662461796539036,"all","log"
"4628",2,1.42704853800327,1.57387670623939,"Exp1","mixed","IP",0,1.47034088510184,0.179643936080603,1.47135299892404,0.405368257736072,0,0.300811301072364,0.405368257736072,0.594631742263928,0.405368257736072,0.405368257736072,"all","log"
"4629",2,1.42704853800327,1.62994451718623,"Exp1","mixed","IP",0,1.47034088510184,0.179643936080603,1.47116185382917,0.405368257736072,0,0.302550566741846,0.405368257736072,0.594631742263928,0.405368257736072,0.405368257736072,"all","log"
"4630",2,0.475682846001088,0.501872513927083,"Exp1","mixed","IP",0,0.517794705230231,0.090451875085432,0.517152269729785,0.662461796539036,0,0.988592520263046,0.662461796539036,0.337538203460964,0.662461796539036,0.662461796539036,"all","log"
"4631",2,2.01815139660892,1.75793037280164,"Exp1","mixed","IP",0,1.80683565435158,0.21696260330865,1.80532534887311,0.405368257736072,0,0.112992056510149,0.405368257736072,0.594631742263928,0.405368257736072,0.405368257736072,"all","log"
"4632",2,2.01815139660892,1.82985836954322,"Exp1","mixed","IP",0,1.80683565435158,0.21696260330865,1.80837838962277,0.405368257736072,0,0.108569657234089,0.405368257736072,0.594631742263928,0.405368257736072,0.405368257736072,"all","log"
"4633",2,2.4,1.68588575018657,"Exp1","mixed","IP",0,2.00310702866884,0.239345423330002,2.00199427574679,0.405368257736072,0,0.0197882438946542,0.405368257736072,0.594631742263928,0.405368257736072,0.405368257736072,"all","log"
"4634",2,0.565685424949238,0.597892306115682,"Exp1","mixed","IP",0,0.548964754606042,0.0866105748010999,0.549295111452226,0.662461796539036,0,1.02332390200741,0.662461796539036,0.337538203460964,0.662461796539036,0.662461796539036,"all","log"
"4635",2,1.2,1.37387421821768,"Exp1","mixed","IP",0,1.32648674775766,0.164440814756502,1.3252969136871,0.405368257736072,0,0.389388271588406,0.405368257736072,0.594631742263928,0.405368257736072,0.405368257736072,"all","log"
"4636",2,1.2,1.14990837871665,"Exp1","mixed","IP",0,1.32648674775766,0.164440814756502,1.32660335299855,0.405368257736072,0,0.385963369412973,0.405368257736072,0.594631742263928,0.405368257736072,0.405368257736072,"all","log"
"4637",2,2.01815139660892,1.58189714531181,"Exp1","mixed","IP",0,1.80683565435158,0.21696260330865,1.80966556492671,0.405368257736072,0,0.113873886548101,0.405368257736072,0.594631742263928,0.405368257736072,0.405368257736072,"all","log"
"4638",2,1.42704853800327,1.48589010421711,"Exp1","mixed","IP",0,1.47034088510184,0.179643936080603,1.47018288631292,0.405368257736072,0,0.295264663786098,0.405368257736072,0.594631742263928,0.405368257736072,0.405368257736072,"all","log"
"4639",2,0.8,0.941994924443861,"Exp1","mixed","IP",0,0.617159135985467,0.0816772699944292,0.616810128447767,0.662461796539036,0,1.08450971437631,0.662461796539036,0.337538203460964,0.662461796539036,0.662461796539036,"all","log"
"4640",2,1.69705627484772,1.52587318569203,"Exp1","mixed","IP",0,1.62988368294672,0.197113198387127,1.63001283809992,0.405368257736072,0,0.20605468059073,0.405368257736072,0.594631742263928,0.405368257736072,0.405368257736072,"all","log"
"4641",2,0.565685424949238,0.589935933519882,"Exp1","mixed","IP",0,0.548964754606042,0.0866105748010999,0.549182803279465,0.662461796539036,0,1.03092973817885,0.662461796539036,0.337538203460964,0.662461796539036,0.662461796539036,"all","log"
"4642",2,0.4,0.526028686854261,"Exp1","mixed","IP",0,0.488424095776502,0.0952375361667584,0.488270315605117,0.662461796539036,0,0.938793873795794,0.662461796539036,0.337538203460964,0.662461796539036,0.662461796539036,"all","log"
"4643",2,0.475682846001088,0.541945786077122,"Exp1","mixed","IP",0,0.517794705230231,0.090451875085432,0.517704689801134,0.662461796539036,0,0.987679910065872,0.662461796539036,0.337538203460964,0.662461796539036,0.662461796539036,"all","log"
"4644",2,1.42704853800327,1.28587486510514,"Exp1","mixed","IP",0,1.47034088510184,0.179643936080603,1.46987109525905,0.405368257736072,0,0.303095079865689,0.405368257736072,0.594631742263928,0.405368257736072,0.405368257736072,"all","log"
"4645",2,0.4,0.613893064961303,"Exp1","mixed","IP",0,0.488424095776502,0.0952375361667584,0.488281491842929,0.662461796539036,0,0.939672710277344,0.662461796539036,0.337538203460964,0.662461796539036,0.662461796539036,"all","log"
"4646",2,1.69705627484772,1.42988449373661,"Exp1","mixed","IP",0,1.62988368294672,0.197113198387127,1.63090816918175,0.405368257736072,0,0.207858616231227,0.405368257736072,0.594631742263928,0.405368257736072,0.405368257736072,"all","log"
"4647",2,0.475682846001088,0.541921838896087,"Exp1","mixed","IP",0,0.517794705230231,0.090451875085432,0.517034202138887,0.662461796539036,0,0.980392371252786,0.662461796539036,0.337538203460964,0.662461796539036,0.662461796539036,"all","log"
"4648",2,0.565685424949238,0.645944343024894,"Exp1","mixed","IP",0,0.548964754606042,0.0866105748010999,0.549069710190225,0.662461796539036,0,1.03370347690501,0.662461796539036,0.337538203460964,0.662461796539036,0.662461796539036,"all","log"
"4649",2,0.565685424949238,0.565954232901277,"Exp1","mixed","IP",0,0.548964754606042,0.0866105748010999,0.548834254258872,0.662461796539036,0,1.0341707136115,0.662461796539036,0.337538203460964,0.662461796539036,0.662461796539036,"all","log"
"4650",2,2.01815139660892,1.73374403264461,"Exp1","mixed","IP",0,1.80683565435158,0.21696260330865,1.80702967704687,0.405368257736072,0,0.110772940216385,0.405368257736072,0.594631742263928,0.405368257736072,0.405368257736072,"all","log"
"4651",2,0.672717132202972,0.781944106660376,"Exp1","mixed","IP",0,0.582046455598037,0.0836935320942409,0.582558160288588,0.662461796539036,0,1.06274832384728,0.662461796539036,0.337538203460964,0.662461796539036,0.662461796539036,"all","log"
"4652",2,0.8,0.821886446829012,"Exp1","mixed","IP",0,0.617159135985467,0.0816772699944292,0.617401216418543,0.662461796539036,0,1.08168170244716,0.662461796539036,0.337538203460964,0.662461796539036,0.662461796539036,"all","log"
"4653",2,0.8,0.765925309682643,"Exp1","mixed","IP",0,0.617159135985467,0.0816772699944292,0.617650784227796,0.662461796539036,0,1.08586732939561,0.662461796539036,0.337538203460964,0.662461796539036,0.662461796539036,"all","log"
"4654",2,0.672717132202972,0.87794865973774,"Exp1","mixed","IP",0,0.582046455598037,0.0836935320942409,0.581960041344751,0.662461796539036,0,1.06329127485045,0.662461796539036,0.337538203460964,0.662461796539036,0.662461796539036,"all","log"
"4655",2,2.4,1.63787787560796,"Exp1","mixed","IP",0,2.00310702866884,0.239345423330002,2.00270522956975,0.405368257736072,0,0.0140358413030394,0.405368257736072,0.594631742263928,0.405368257736072,0.405368257736072,"all","log"
"4656",3,1.69705627484772,1.11792787525701,"Exp1","mixed","IP",0,1.50070378324365,0.241785842024904,1.49984741133358,0.651772686100273,0,0.00100651965407888,0.651772686100273,0.348227313899727,0.651772686100273,0.651772686100273,"all","log"
"4657",3,1.42704853800327,1.24594531864932,"Exp1","mixed","IP",0,1.41287524777872,0.228400701318246,1.41293114259678,0.651772686100273,0,0.0611576670919907,0.651772686100273,0.348227313899727,0.651772686100273,0.651772686100273,"all","log"
"4658",3,0.672717132202972,0.693954277950979,"Exp1","mixed","IP",0,0.612550246282306,0.111770718808504,0.613031810338117,0.653023777264013,0,0.771777370373439,0.653023777264013,0.346976222735987,0.653023777264013,0.653023777264013,"all","log"
"4659",3,0.565685424949238,0.677979737698479,"Exp1","mixed","IP",0,0.576791407265204,0.109217937682669,0.576155048937373,0.653023777264013,0,0.79835753343079,0.653023777264013,0.346976222735987,0.653023777264013,0.653023777264013,"all","log"
"4660",3,0.8,0.709949655240052,"Exp1","mixed","IP",0,0.650578397007167,0.115215009006761,0.65016930000065,0.653023777264013,0,0.745582981286916,0.653023777264013,0.346976222735987,0.653023777264013,0.653023777264013,"all","log"
"4661",3,0.565685424949238,0.469970168833242,"Exp1","mixed","IP",0,0.576791407265204,0.109217937682669,0.577814564562738,0.653023777264013,0,0.794296010289319,0.653023777264013,0.346976222735987,0.653023777264013,0.653023777264013,"all","log"
"4662",3,2.01815139660892,1.59791577111537,"Exp1","mixed","IP",0,1.59410279021358,0.256194038711317,1.59328237191256,0.651772686100273,0,-0.0557556404000719,0.651772686100273,0.348227313899727,0.651772686100273,0.651772686100273,"all","log"
"4663",3,1.69705627484772,1.22990609029148,"Exp1","mixed","IP",0,1.50070378324365,0.241785842024904,1.49863011881132,0.651772686100273,0,0.00332721728599498,0.651772686100273,0.348227313899727,0.651772686100273,0.651772686100273,"all","log"
"4664",3,1.42704853800327,1.06994112139,"Exp1","mixed","IP",0,1.41287524777872,0.228400701318246,1.41315495642001,0.651772686100273,0,0.053722918920734,0.651772686100273,0.348227313899727,0.651772686100273,0.651772686100273,"all","log"
"4665",3,2.4,1.69383547576581,"Exp1","mixed","IP",0,1.69343249629775,0.271656492905717,1.69340100362215,0.651772686100273,0,-0.108210285448177,0.651772686100273,0.348227313899727,0.651772686100273,0.651772686100273,"all","log"
"4666",3,1.2,1.55786512779741,"Exp1","mixed","IP",0,1.33027920167132,0.216017107739566,1.3305386845484,0.651772686100273,0,0.116941330138979,0.651772686100273,0.348227313899727,0.651772686100273,0.651772686100273,"all","log"
"4667",3,1.69705627484772,1.26961183406456,"Exp1","mixed","IP",0,1.50070378324365,0.241785842024904,1.5020541721617,0.651772686100273,0,0.0036799538894981,0.651772686100273,0.348227313899727,0.651772686100273,0.651772686100273,"all","log"
"4668",3,0.565685424949238,0.517965319711948,"Exp1","mixed","IP",0,0.576791407265204,0.109217937682669,0.576821927984702,0.653023777264013,0,0.794216378946389,0.653023777264013,0.346976222735987,0.653023777264013,0.653023777264013,"all","log"
"4669",3,0.475682846001088,0.517981180739298,"Exp1","mixed","IP",0,0.543163764569931,0.107603837194577,0.543640360004981,0.653023777264013,0,0.821615164018451,0.653023777264013,0.346976222735987,0.653023777264013,0.653023777264013,"all","log"
"4670",3,1.2,1.22188538761111,"Exp1","mixed","IP",0,1.33027920167132,0.216017107739566,1.32988528968617,0.651772686100273,0,0.11780227743173,0.651772686100273,0.348227313899727,0.651772686100273,0.651772686100273,"all","log"
"4671",3,1.42704853800327,0.86189640946759,"Exp1","mixed","IP",0,1.41287524777872,0.228400701318246,1.41222547057617,0.651772686100273,0,0.0620307045463854,0.651772686100273,0.348227313899727,0.651772686100273,0.651772686100273,"all","log"
"4672",3,1.2,1.18187517435581,"Exp1","mixed","IP",0,1.33027920167132,0.216017107739566,1.32901965254771,0.651772686100273,0,0.120561774873965,0.651772686100273,0.348227313899727,0.651772686100273,0.651772686100273,"all","log"
"4673",3,0.475682846001088,0.525887746240187,"Exp1","mixed","IP",0,0.543163764569931,0.107603837194577,0.544094592327282,0.653023777264013,0,0.819649706193912,0.653023777264013,0.346976222735987,0.653023777264013,0.653023777264013,"all","log"
"4674",3,2.4,1.28584916973705,"Exp1","mixed","IP",0,1.69343249629775,0.271656492905717,1.69149155625872,0.651772686100273,0,-0.119026788144456,0.651772686100273,0.348227313899727,0.651772686100273,0.651772686100273,"all","log"
"4675",3,1.42704853800327,1.70986755111153,"Exp1","mixed","IP",0,1.41287524777872,0.228400701318246,1.41281372122409,0.651772686100273,0,0.0573323290415174,0.651772686100273,0.348227313899727,0.651772686100273,0.651772686100273,"all","log"
"4676",3,0.475682846001088,0.565911643519939,"Exp1","mixed","IP",0,0.543163764569931,0.107603837194577,0.542594554275977,0.653023777264013,0,0.816203445123535,0.653023777264013,0.346976222735987,0.653023777264013,0.653023777264013,"all","log"
"4677",3,1.69705627484772,1.31784210131809,"Exp1","mixed","IP",0,1.50070378324365,0.241785842024904,1.50011952671474,0.651772686100273,0,-0.00319871905847085,0.651772686100273,0.348227313899727,0.651772686100273,0.651772686100273,"all","log"
"4678",3,2.01815139660892,1.2939068814776,"Exp1","mixed","IP",0,1.59410279021358,0.256194038711317,1.59529189543018,0.651772686100273,0,-0.0577220438343111,0.651772686100273,0.348227313899727,0.651772686100273,0.651772686100273,"all","log"
"4679",3,0.672717132202972,0.693950234948716,"Exp1","mixed","IP",0,0.612550246282306,0.111770718808504,0.612324488541716,0.653023777264013,0,0.776540619575427,0.653023777264013,0.346976222735987,0.653023777264013,0.653023777264013,"all","log"
"4680",3,0.4,0.501946617387148,"Exp1","mixed","IP",0,0.511537768829164,0.106975775018112,0.511066307035753,0.653023777264013,0,0.823401210517073,0.653023777264013,0.346976222735987,0.653023777264013,0.653023777264013,"all","log"
"4681",3,2.01815139660892,1.14985767373582,"Exp1","mixed","IP",0,1.59410279021358,0.256194038711317,1.59415249212069,0.651772686100273,0,-0.0567197832199307,0.651772686100273,0.348227313899727,0.651772686100273,0.651772686100273,"all","log"
"4682",3,0.4,0.445937294836767,"Exp1","mixed","IP",0,0.511537768829164,0.106975775018112,0.511285841177991,0.653023777264013,0,0.83027865753593,0.653023777264013,0.346976222735987,0.653023777264013,0.653023777264013,"all","log"
"4683",3,2.01815139660892,1.58976662523128,"Exp1","mixed","IP",0,1.59410279021358,0.256194038711317,1.59491761879115,0.651772686100273,0,-0.0477995417097499,0.651772686100273,0.348227313899727,0.651772686100273,0.651772686100273,"all","log"
"4684",3,0.8,0.781979546121875,"Exp1","mixed","IP",0,0.650578397007167,0.115215009006761,0.650735564205513,0.653023777264013,0,0.749201017906589,0.653023777264013,0.346976222735987,0.653023777264013,0.653023777264013,"all","log"
"4685",3,0.565685424949238,0.813993003735959,"Exp1","mixed","IP",0,0.576791407265204,0.109217937682669,0.577209263890303,0.653023777264013,0,0.803005048094442,0.653023777264013,0.346976222735987,0.653023777264013,0.653023777264013,"all","log"
"4686",3,0.672717132202972,0.661994623427745,"Exp1","mixed","IP",0,0.612550246282306,0.111770718808504,0.611967036129026,0.653023777264013,0,0.775536771322707,0.653023777264013,0.346976222735987,0.653023777264013,0.653023777264013,"all","log"
"4687",3,0.4,0.765914504721877,"Exp1","mixed","IP",0,0.511537768829164,0.106975775018112,0.510838673933819,0.653023777264013,0,0.82391072069809,0.653023777264013,0.346976222735987,0.653023777264013,0.653023777264013,"all","log"
"4688",3,0.4,0.429903353488044,"Exp1","mixed","IP",0,0.511537768829164,0.106975775018112,0.511202637789051,0.653023777264013,0,0.814968249867142,0.653023777264013,0.346976222735987,0.653023777264013,0.653023777264013,"all","log"
"4689",3,0.672717132202972,0.614007247557311,"Exp1","mixed","IP",0,0.612550246282306,0.111770718808504,0.612331981894704,0.653023777264013,0,0.773399952678653,0.653023777264013,0.346976222735987,0.653023777264013,0.653023777264013,"all","log"
"4690",3,1.2,1.44679876620285,"Exp1","mixed","IP",0,1.33027920167132,0.216017107739566,1.33104442100413,0.651772686100273,0,0.111206699646732,0.651772686100273,0.348227313899727,0.651772686100273,0.651772686100273,"all","log"
"4691",3,0.475682846001088,0.557945365922933,"Exp1","mixed","IP",0,0.543163764569931,0.107603837194577,0.543381697365643,0.653023777264013,0,0.812744135822477,0.653023777264013,0.346976222735987,0.653023777264013,0.653023777264013,"all","log"
"4692",3,0.672717132202972,0.661885773253744,"Exp1","mixed","IP",0,0.612550246282306,0.111770718808504,0.612873457985333,0.653023777264013,0,0.775290396909791,0.653023777264013,0.346976222735987,0.653023777264013,0.653023777264013,"all","log"
"4693",3,0.8,0.75788447202649,"Exp1","mixed","IP",0,0.650578397007167,0.115215009006761,0.650333698098532,0.653023777264013,0,0.748683296205905,0.653023777264013,0.346976222735987,0.653023777264013,0.653023777264013,"all","log"
"4694",3,0.475682846001088,0.677960144665121,"Exp1","mixed","IP",0,0.543163764569931,0.107603837194577,0.543338705708264,0.653023777264013,0,0.813257065868286,0.653023777264013,0.346976222735987,0.653023777264013,0.653023777264013,"all","log"
"4695",3,1.69705627484772,1.40592179457235,"Exp1","mixed","IP",0,1.50070378324365,0.241785842024904,1.50078526153093,0.651772686100273,0,0.00238859721145928,0.651772686100273,0.348227313899727,0.651772686100273,0.651772686100273,"all","log"
"4696",3,1.69705627484772,1.24586601352348,"Exp1","mixed","IP",0,1.50070378324365,0.241785842024904,1.49951976200652,0.651772686100273,0,-0.000858758967774807,0.651772686100273,0.348227313899727,0.651772686100273,0.651772686100273,"all","log"
"4697",3,0.475682846001088,0.605885469714849,"Exp1","mixed","IP",0,0.543163764569931,0.107603837194577,0.54293246950054,0.653023777264013,0,0.812211383030688,0.653023777264013,0.346976222735987,0.653023777264013,0.653023777264013,"all","log"
"4698",3,1.2,1.08591286263982,"Exp1","mixed","IP",0,1.33027920167132,0.216017107739566,1.33095470659907,0.651772686100273,0,0.113974145325389,0.651772686100273,0.348227313899727,0.651772686100273,0.651772686100273,"all","log"
"4699",3,0.8,0.653950595708011,"Exp1","mixed","IP",0,0.650578397007167,0.115215009006761,0.651143109114167,0.653023777264013,0,0.742429848450724,0.653023777264013,0.346976222735987,0.653023777264013,0.653023777264013,"all","log"
"4700",3,1.42704853800327,0.861909471492254,"Exp1","mixed","IP",0,1.41287524777872,0.228400701318246,1.41026237735487,0.651772686100273,0,0.0654494223201179,0.651772686100273,0.348227313899727,0.651772686100273,0.651772686100273,"all","log"
"4701",3,1.2,0.825495978919207,"Exp1","mixed","IP",0,1.33027920167132,0.216017107739566,1.32913723006459,0.651772686100273,0,0.114191048290904,0.651772686100273,0.348227313899727,0.651772686100273,0.651772686100273,"all","log"
"4702",3,0.4,0.46196190617411,"Exp1","mixed","IP",0,0.511537768829164,0.106975775018112,0.512457694846951,0.653023777264013,0,0.822413169078656,0.653023777264013,0.346976222735987,0.653023777264013,0.653023777264013,"all","log"
"4703",3,0.8,0.653917318653839,"Exp1","mixed","IP",0,0.650578397007167,0.115215009006761,0.64980121046313,0.653023777264013,0,0.744973147723372,0.653023777264013,0.346976222735987,0.653023777264013,0.653023777264013,"all","log"
"4704",3,0.8,0.933877162271529,"Exp1","mixed","IP",0,0.650578397007167,0.115215009006761,0.650017543139045,0.653023777264013,0,0.748043776656779,0.653023777264013,0.346976222735987,0.653023777264013,0.653023777264013,"all","log"
"4705",3,1.42704853800327,0.837957768620981,"Exp1","mixed","IP",0,1.41287524777872,0.228400701318246,1.41152113985926,0.651772686100273,0,0.0589755818099948,0.651772686100273,0.348227313899727,0.651772686100273,0.651772686100273,"all","log"
"4706",3,2.01815139660892,1.07795218305182,"Exp1","mixed","IP",0,1.59410279021358,0.256194038711317,1.5948567465372,0.651772686100273,0,-0.0575309896247249,0.651772686100273,0.348227313899727,0.651772686100273,0.651772686100273,"all","log"
"4707",3,2.01815139660892,1.37382778783285,"Exp1","mixed","IP",0,1.59410279021358,0.256194038711317,1.59417563687856,0.651772686100273,0,-0.0546422728440626,0.651772686100273,0.348227313899727,0.651772686100273,0.651772686100273,"all","log"
"4708",3,1.2,1.51785211553579,"Exp1","mixed","IP",0,1.33027920167132,0.216017107739566,1.33177355147378,0.651772686100273,0,0.119315942985703,0.651772686100273,0.348227313899727,0.651772686100273,0.651772686100273,"all","log"
"4709",3,0.565685424949238,0.781972393109754,"Exp1","mixed","IP",0,0.576791407265204,0.109217937682669,0.576570141172353,0.653023777264013,0,0.800519859497922,0.653023777264013,0.346976222735987,0.653023777264013,0.653023777264013,"all","log"
"4710",3,2.4,1.53386553085147,"Exp1","mixed","IP",0,1.69343249629775,0.271656492905717,1.69384548884214,0.651772686100273,0,-0.114196580936263,0.651772686100273,0.348227313899727,0.651772686100273,0.651772686100273,"all","log"
"4711",3,2.4,1.56593932256146,"Exp1","mixed","IP",0,1.69343249629775,0.271656492905717,1.69303254532351,0.651772686100273,0,-0.116058902420126,0.651772686100273,0.348227313899727,0.651772686100273,0.651772686100273,"all","log"
"4712",3,2.4,1.75786674499977,"Exp1","mixed","IP",0,1.69343249629775,0.271656492905717,1.69336547668321,0.651772686100273,0,-0.110486827862292,0.651772686100273,0.348227313899727,0.651772686100273,0.651772686100273,"all","log"
"4713",3,0.565685424949238,0.597929144139925,"Exp1","mixed","IP",0,0.576791407265204,0.109217937682669,0.576394729617704,0.653023777264013,0,0.798453785480574,0.653023777264013,0.346976222735987,0.653023777264013,0.653023777264013,"all","log"
"4714",3,0.565685424949238,0.701895364509255,"Exp1","mixed","IP",0,0.576791407265204,0.109217937682669,0.577070057746445,0.653023777264013,0,0.796156762480405,0.653023777264013,0.346976222735987,0.653023777264013,0.653023777264013,"all","log"
"4715",3,0.475682846001088,0.573919284175645,"Exp1","mixed","IP",0,0.543163764569931,0.107603837194577,0.542585679121861,0.653023777264013,0,0.814633174157106,0.653023777264013,0.346976222735987,0.653023777264013,0.653023777264013,"all","log"
"4716",3,0.4,0.445973992893414,"Exp1","mixed","IP",0,0.511537768829164,0.106975775018112,0.511219069960059,0.653023777264013,0,0.824010507104235,0.653023777264013,0.346976222735987,0.653023777264013,0.653023777264013,"all","log"
"4717",3,1.42704853800327,0.845925290221203,"Exp1","mixed","IP",0,1.41287524777872,0.228400701318246,1.41321562008127,0.651772686100273,0,0.0601916212578229,0.651772686100273,0.348227313899727,0.651772686100273,0.651772686100273,"all","log"
"4718",3,0.672717132202972,0.725903047463362,"Exp1","mixed","IP",0,0.612550246282306,0.111770718808504,0.612342732369269,0.653023777264013,0,0.779197436287541,0.653023777264013,0.346976222735987,0.653023777264013,0.653023777264013,"all","log"
"4719",3,0.565685424949238,0.629960950776876,"Exp1","mixed","IP",0,0.576791407265204,0.109217937682669,0.577151227333167,0.653023777264013,0,0.79864944713729,0.653023777264013,0.346976222735987,0.653023777264013,0.653023777264013,"all","log"
"4720",3,0.672717132202972,0.757937653110275,"Exp1","mixed","IP",0,0.612550246282306,0.111770718808504,0.612529251278667,0.653023777264013,0,0.770924450367466,0.653023777264013,0.346976222735987,0.653023777264013,0.653023777264013,"all","log"
"4721",3,1.69705627484772,1.74989518039729,"Exp1","mixed","IP",0,1.50070378324365,0.241785842024904,1.4993272927416,0.651772686100273,0,0.00343961983956452,0.651772686100273,0.348227313899727,0.651772686100273,0.651772686100273,"all","log"
"4722",3,2.4,1.50188503929166,"Exp1","mixed","IP",0,1.69343249629775,0.271656492905717,1.69177075647228,0.651772686100273,0,-0.118496477776476,0.651772686100273,0.348227313899727,0.651772686100273,0.651772686100273,"all","log"
"4723",3,2.01815139660892,1.90185219764317,"Exp1","mixed","IP",0,1.59410279021358,0.256194038711317,1.59487182213416,0.651772686100273,0,-0.058529227721883,0.651772686100273,0.348227313899727,0.651772686100273,0.651772686100273,"all","log"
"4724",3,0.4,0.597912661112787,"Exp1","mixed","IP",0,0.511537768829164,0.106975775018112,0.510237738859695,0.653023777264013,0,0.822110117424848,0.653023777264013,0.346976222735987,0.653023777264013,0.653023777264013,"all","log"
"4725",3,1.2,1.2618352667705,"Exp1","mixed","IP",0,1.33027920167132,0.216017107739566,1.32917607701267,0.651772686100273,0,0.115671815109641,0.651772686100273,0.348227313899727,0.651772686100273,0.651772686100273,"all","log"
"4726",3,0.672717132202972,0.597944694160105,"Exp1","mixed","IP",0,0.612550246282306,0.111770718808504,0.612652372790031,0.653023777264013,0,0.778263312379781,0.653023777264013,0.346976222735987,0.653023777264013,0.653023777264013,"all","log"
"4727",3,0.8,0.677939929635613,"Exp1","mixed","IP",0,0.650578397007167,0.115215009006761,0.650736249735259,0.653023777264013,0,0.74600488857684,0.653023777264013,0.346976222735987,0.653023777264013,0.653023777264013,"all","log"
"4728",3,1.2,0.821889306218509,"Exp1","mixed","IP",0,1.33027920167132,0.216017107739566,1.33097740023825,0.651772686100273,0,0.117578394732486,0.651772686100273,0.348227313899727,0.651772686100273,0.651772686100273,"all","log"
"4729",3,2.01815139660892,1.58981234230669,"Exp1","mixed","IP",0,1.59410279021358,0.256194038711317,1.5943225401624,0.651772686100273,0,-0.0565609615550912,0.651772686100273,0.348227313899727,0.651772686100273,0.651772686100273,"all","log"
"4730",3,0.8,0.685949747297855,"Exp1","mixed","IP",0,0.650578397007167,0.115215009006761,0.650086581123407,0.653023777264013,0,0.747109875120301,0.653023777264013,0.346976222735987,0.653023777264013,0.653023777264013,"all","log"
"4731",3,0.672717132202972,0.77389073433369,"Exp1","mixed","IP",0,0.612550246282306,0.111770718808504,0.6125286049579,0.653023777264013,0,0.77694143155063,0.653023777264013,0.346976222735987,0.653023777264013,0.653023777264013,"all","log"
"4732",3,1.2,1.54984224811051,"Exp1","mixed","IP",0,1.33027920167132,0.216017107739566,1.3306995215938,0.651772686100273,0,0.116955994558178,0.651772686100273,0.348227313899727,0.651772686100273,0.651772686100273,"all","log"
"4733",3,2.01815139660892,1.52591604728514,"Exp1","mixed","IP",0,1.59410279021358,0.256194038711317,1.59218047161635,0.651772686100273,0,-0.0524916044182037,0.651772686100273,0.348227313899727,0.651772686100273,0.651772686100273,"all","log"
"4734",3,1.42704853800327,1.13383492840512,"Exp1","mixed","IP",0,1.41287524777872,0.228400701318246,1.41302357096672,0.651772686100273,0,0.0596481482330594,0.651772686100273,0.348227313899727,0.651772686100273,0.651772686100273,"all","log"
"4735",3,0.475682846001088,0.797951909375115,"Exp1","mixed","IP",0,0.543163764569931,0.107603837194577,0.542429374921101,0.653023777264013,0,0.812402833617767,0.653023777264013,0.346976222735987,0.653023777264013,0.653023777264013,"all","log"
"4736",3,1.2,1.04587528134289,"Exp1","mixed","IP",0,1.33027920167132,0.216017107739566,1.3291625907489,0.651772686100273,0,0.112370750691211,0.651772686100273,0.348227313899727,0.651772686100273,0.651772686100273,"all","log"
"4737",3,1.42704853800327,1.48592262805687,"Exp1","mixed","IP",0,1.41287524777872,0.228400701318246,1.41415679439898,0.651772686100273,0,0.0618750083785931,0.651772686100273,0.348227313899727,0.651772686100273,0.651772686100273,"all","log"
"4738",3,0.8,0.685886925199156,"Exp1","mixed","IP",0,0.650578397007167,0.115215009006761,0.651083807034024,0.653023777264013,0,0.739711463197157,0.653023777264013,0.346976222735987,0.653023777264013,0.653023777264013,"all","log"
"4739",3,1.69705627484772,1.35782619053498,"Exp1","mixed","IP",0,1.50070378324365,0.241785842024904,1.5007678847607,0.651772686100273,0,-0.000737239713582078,0.651772686100273,0.348227313899727,0.651772686100273,0.651772686100273,"all","log"
"4740",3,0.672717132202972,0.71789011979854,"Exp1","mixed","IP",0,0.612550246282306,0.111770718808504,0.612363276119205,0.653023777264013,0,0.775728473027409,0.653023777264013,0.346976222735987,0.653023777264013,0.653023777264013,"all","log"
"4741",3,1.42704853800327,1.02188532541186,"Exp1","mixed","IP",0,1.41287524777872,0.228400701318246,1.41402929800187,0.651772686100273,0,0.0571136552837684,0.651772686100273,0.348227313899727,0.651772686100273,0.651772686100273,"all","log"
"4742",3,0.565685424949238,0.533930218956812,"Exp1","mixed","IP",0,0.576791407265204,0.109217937682669,0.577169328955265,0.653023777264013,0,0.798084658749707,0.653023777264013,0.346976222735987,0.653023777264013,0.653023777264013,"all","log"
"4743",3,0.475682846001088,0.541897429553501,"Exp1","mixed","IP",0,0.543163764569931,0.107603837194577,0.542734815589592,0.653023777264013,0,0.812655301161036,0.653023777264013,0.346976222735987,0.653023777264013,0.653023777264013,"all","log"
"4744",3,0.4,0.357966762756405,"Exp1","mixed","IP",0,0.511537768829164,0.106975775018112,0.511689583757341,0.653023777264013,0,0.825779502767733,0.653023777264013,0.346976222735987,0.653023777264013,0.653023777264013,"all","log"
"4745",3,1.69705627484772,1.18990800605752,"Exp1","mixed","IP",0,1.50070378324365,0.241785842024904,1.50068170468436,0.651772686100273,0,0.000125568136836344,0.651772686100273,0.348227313899727,0.651772686100273,0.651772686100273,"all","log"
"4746",3,0.475682846001088,0.597915460115473,"Exp1","mixed","IP",0,0.543163764569931,0.107603837194577,0.542796270078513,0.653023777264013,0,0.817943486681594,0.653023777264013,0.346976222735987,0.653023777264013,0.653023777264013,"all","log"
"4747",3,1.69705627484772,1.0219080284478,"Exp1","mixed","IP",0,1.50070378324365,0.241785842024904,1.50202155100574,0.651772686100273,0,0.00430348432384653,0.651772686100273,0.348227313899727,0.651772686100273,0.651772686100273,"all","log"
"4748",3,0.4,0.477945154445479,"Exp1","mixed","IP",0,0.511537768829164,0.106975775018112,0.511775962664858,0.653023777264013,0,0.823683883396714,0.653023777264013,0.346976222735987,0.653023777264013,0.653023777264013,"all","log"
"4749",3,2.01815139660892,1.13394440057527,"Exp1","mixed","IP",0,1.59410279021358,0.256194038711317,1.59361889215634,0.651772686100273,0,-0.0498258931950621,0.651772686100273,0.348227313899727,0.651772686100273,0.651772686100273,"all","log"
"4750",3,0.565685424949238,0.478018550558772,"Exp1","mixed","IP",0,0.576791407265204,0.109217937682669,0.576995972189541,0.653023777264013,0,0.801656031682602,0.653023777264013,0.346976222735987,0.653023777264013,0.653023777264013,"all","log"
"4751",3,2.4,1.2699172365501,"Exp1","mixed","IP",0,1.69343249629775,0.271656492905717,1.69326819883235,0.651772686100273,0,-0.106165947216862,0.651772686100273,0.348227313899727,0.651772686100273,0.651772686100273,"all","log"
"4752",3,0.8,0.685919580249902,"Exp1","mixed","IP",0,0.650578397007167,0.115215009006761,0.649631502605817,0.653023777264013,0,0.748444631032472,0.653023777264013,0.346976222735987,0.653023777264013,0.653023777264013,"all","log"
"4753",3,2.4,1.64589692697336,"Exp1","mixed","IP",0,1.69343249629775,0.271656492905717,1.69326203263347,0.651772686100273,0,-0.115395355808802,0.651772686100273,0.348227313899727,0.651772686100273,0.651772686100273,"all","log"
"4754",3,2.4,1.72586199539728,"Exp1","mixed","IP",0,1.69343249629775,0.271656492905717,1.69323757272491,0.651772686100273,0,-0.112512211133723,0.651772686100273,0.348227313899727,0.651772686100273,0.651772686100273,"all","log"
"4755",3,0.565685424949238,0.565389784693252,"Exp1","mixed","IP",0,0.576791407265204,0.109217937682669,0.577084164220575,0.653023777264013,0,0.798940568156361,0.653023777264013,0.346976222735987,0.653023777264013,0.653023777264013,"all","log"
"4756",3,0.4,0.349996442157135,"Exp1","mixed","IP",0,0.511537768829164,0.106975775018112,0.511580651539589,0.653023777264013,0,0.8194602531206,0.653023777264013,0.346976222735987,0.653023777264013,0.653023777264013,"all","log"
"4757",3,2.4,1.28585010274037,"Exp1","mixed","IP",0,1.69343249629775,0.271656492905717,1.6946195256374,0.651772686100273,0,-0.112038295565239,0.651772686100273,0.348227313899727,0.651772686100273,0.651772686100273,"all","log"
"4758",3,0.475682846001088,0.477928360414808,"Exp1","mixed","IP",0,0.543163764569931,0.107603837194577,0.542839238512694,0.653023777264013,0,0.814672532097751,0.653023777264013,0.346976222735987,0.653023777264013,0.653023777264013,"all","log"
"4759",3,1.69705627484772,1.40585181946153,"Exp1","mixed","IP",0,1.50070378324365,0.241785842024904,1.50002271786258,0.651772686100273,0,0.00415646823858306,0.651772686100273,0.348227313899727,0.651772686100273,0.651772686100273,"all","log"
"4760",3,1.42704853800327,1.38189234158199,"Exp1","mixed","IP",0,1.41287524777872,0.228400701318246,1.41346285750221,0.651772686100273,0,0.0567257810699192,0.651772686100273,0.348227313899727,0.651772686100273,0.651772686100273,"all","log"
"4761",3,2.4,2.03777589553283,"Exp1","mixed","IP",0,1.69343249629775,0.271656492905717,1.69273407001274,0.651772686100273,0,-0.11470397574364,0.651772686100273,0.348227313899727,0.651772686100273,0.651772686100273,"all","log"
"4762",3,2.4,1.21386655093374,"Exp1","mixed","IP",0,1.69343249629775,0.271656492905717,1.6956174272375,0.651772686100273,0,-0.112425281543759,0.651772686100273,0.348227313899727,0.651772686100273,0.651772686100273,"all","log"
"4763",3,1.42704853800327,1.7259173534876,"Exp1","mixed","IP",0,1.41287524777872,0.228400701318246,1.41324446524607,0.651772686100273,0,0.0636521252856739,0.651772686100273,0.348227313899727,0.651772686100273,0.651772686100273,"all","log"
"4764",3,2.01815139660892,1.80590201494488,"Exp1","mixed","IP",0,1.59410279021358,0.256194038711317,1.59246435951924,0.651772686100273,0,-0.0547567159376323,0.651772686100273,0.348227313899727,0.651772686100273,0.651772686100273,"all","log"
"4765",3,0.672717132202972,0.557910844869184,"Exp1","mixed","IP",0,0.612550246282306,0.111770718808504,0.612660857511717,0.653023777264013,0,0.775955434614723,0.653023777264013,0.346976222735987,0.653023777264013,0.653023777264013,"all","log"
"4766",3,0.565685424949238,0.557975532970886,"Exp1","mixed","IP",0,0.576791407265204,0.109217937682669,0.576545473012463,0.653023777264013,0,0.792522498984304,0.653023777264013,0.346976222735987,0.653023777264013,0.653023777264013,"all","log"
"4767",3,1.42704853800327,1.62985085660694,"Exp1","mixed","IP",0,1.41287524777872,0.228400701318246,1.4136969898466,0.651772686100273,0,0.0570487659500966,0.651772686100273,0.348227313899727,0.651772686100273,0.651772686100273,"all","log"
"4768",3,1.69705627484772,1.01395419087203,"Exp1","mixed","IP",0,1.50070378324365,0.241785842024904,1.50143508102705,0.651772686100273,0,0.00132291601996495,0.651772686100273,0.348227313899727,0.651772686100273,0.651772686100273,"all","log"
"4769",3,2.01815139660892,1.15793280150319,"Exp1","mixed","IP",0,1.59410279021358,0.256194038711317,1.59466594119831,0.651772686100273,0,-0.0514139293341816,0.651772686100273,0.348227313899727,0.651772686100273,0.651772686100273,"all","log"
"4770",3,0.4,0.493914718688757,"Exp1","mixed","IP",0,0.511537768829164,0.106975775018112,0.511129696074211,0.653023777264013,0,0.82663538963906,0.653023777264013,0.346976222735987,0.653023777264013,0.653023777264013,"all","log"
"4771",3,1.2,1.36372338185902,"Exp1","mixed","IP",0,1.33027920167132,0.216017107739566,1.32942840234221,0.651772686100273,0,0.118496299399562,0.651772686100273,0.348227313899727,0.651772686100273,0.651772686100273,"all","log"
"4772",3,2.01815139660892,1.4537950332633,"Exp1","mixed","IP",0,1.59410279021358,0.256194038711317,1.59493576558844,0.651772686100273,0,-0.0532800895274104,0.651772686100273,0.348227313899727,0.651772686100273,0.651772686100273,"all","log"
"4773",3,0.4,0.493961679767381,"Exp1","mixed","IP",0,0.511537768829164,0.106975775018112,0.510220704533076,0.653023777264013,0,0.824405433075927,0.653023777264013,0.346976222735987,0.653023777264013,0.653023777264013,"all","log"
"4774",3,0.8,0.698757680547715,"Exp1","mixed","IP",0,0.650578397007167,0.115215009006761,0.650369681951318,0.653023777264013,0,0.741158913726628,0.653023777264013,0.346976222735987,0.653023777264013,0.653023777264013,"all","log"
"4775",3,1.2,1.13391298952774,"Exp1","mixed","IP",0,1.33027920167132,0.216017107739566,1.32838493591384,0.651772686100273,0,0.120947008465228,0.651772686100273,0.348227313899727,0.651772686100273,0.651772686100273,"all","log"
"4776",3,0.565685424949238,1.00513888193746,"Exp1","mixed","IP",0,0.576791407265204,0.109217937682669,0.576349228733125,0.653023777264013,0,0.801792817453208,0.653023777264013,0.346976222735987,0.653023777264013,0.653023777264013,"all","log"
"4777",3,0.8,0.637914166352857,"Exp1","mixed","IP",0,0.650578397007167,0.115215009006761,0.65068873227567,0.653023777264013,0,0.74494664620395,0.653023777264013,0.346976222735987,0.653023777264013,0.653023777264013,"all","log"
"4778",3,0.475682846001088,0.541946256627853,"Exp1","mixed","IP",0,0.543163764569931,0.107603837194577,0.542963495353235,0.653023777264013,0,0.815588165543002,0.653023777264013,0.346976222735987,0.653023777264013,0.653023777264013,"all","log"
"4779",3,0.475682846001088,0.549955141290411,"Exp1","mixed","IP",0,0.543163764569931,0.107603837194577,0.544055005421386,0.653023777264013,0,0.821684914823423,0.653023777264013,0.346976222735987,0.653023777264013,0.653023777264013,"all","log"
"4780",3,0.4,0.534010146082437,"Exp1","mixed","IP",0,0.511537768829164,0.106975775018112,0.511382766162609,0.653023777264013,0,0.828781912765249,0.653023777264013,0.346976222735987,0.653023777264013,0.653023777264013,"all","log"
"4781",3,0.475682846001088,0.565957360588072,"Exp1","mixed","IP",0,0.543163764569931,0.107603837194577,0.542898372987021,0.653023777264013,0,0.814258614415166,0.653023777264013,0.346976222735987,0.653023777264013,0.653023777264013,"all","log"
"4782",3,0.8,0.565451051788841,"Exp1","mixed","IP",0,0.650578397007167,0.115215009006761,0.65093232181046,0.653023777264013,0,0.742601838850795,0.653023777264013,0.346976222735987,0.653023777264013,0.653023777264013,"all","log"
"4783",3,0.565685424949238,0.653799760468246,"Exp1","mixed","IP",0,0.576791407265204,0.109217937682669,0.576701523063813,0.653023777264013,0,0.800497668530186,0.653023777264013,0.346976222735987,0.653023777264013,0.653023777264013,"all","log"
"4784",3,2.4,1.31163546450625,"Exp1","mixed","IP",0,1.69343249629775,0.271656492905717,1.69359945008685,0.651772686100273,0,-0.115713838934697,0.651772686100273,0.348227313899727,0.651772686100273,0.651772686100273,"all","log"
"4785",3,1.69705627484772,1.76586256764131,"Exp1","mixed","IP",0,1.50070378324365,0.241785842024904,1.50227684975204,0.651772686100273,0,0.00176612647719812,0.651772686100273,0.348227313899727,0.651772686100273,0.651772686100273,"all","log"
"4786",3,1.69705627484772,1.58184202170378,"Exp1","mixed","IP",0,1.50070378324365,0.241785842024904,1.50226808833439,0.651772686100273,0,0.00490887321520564,0.651772686100273,0.348227313899727,0.651772686100273,0.651772686100273,"all","log"
"4787",3,0.4,0.453946801502752,"Exp1","mixed","IP",0,0.511537768829164,0.106975775018112,0.511896324368859,0.653023777264013,0,0.819543855770215,0.653023777264013,0.346976222735987,0.653023777264013,0.653023777264013,"all","log"
"4788",3,0.672717132202972,0.565983795630018,"Exp1","mixed","IP",0,0.612550246282306,0.111770718808504,0.612163819019323,0.653023777264013,0,0.777391771483033,0.653023777264013,0.346976222735987,0.653023777264013,0.653023777264013,"all","log"
"4789",3,1.42704853800327,1.50985909189694,"Exp1","mixed","IP",0,1.41287524777872,0.228400701318246,1.41295006427965,0.651772686100273,0,0.0598473349893782,0.651772686100273,0.348227313899727,0.651772686100273,0.651772686100273,"all","log"
"4790",3,2.4,2.18983212193416,"Exp1","mixed","IP",0,1.69343249629775,0.271656492905717,1.69442091511062,0.651772686100273,0,-0.116916406097204,0.651772686100273,0.348227313899727,0.651772686100273,0.651772686100273,"all","log"
"4791",3,0.672717132202972,0.797889398276311,"Exp1","mixed","IP",0,0.612550246282306,0.111770718808504,0.612767579522894,0.653023777264013,0,0.769302522095501,0.653023777264013,0.346976222735987,0.653023777264013,0.653023777264013,"all","log"
"4792",3,0.672717132202972,0.629894085672277,"Exp1","mixed","IP",0,0.612550246282306,0.111770718808504,0.613005697072803,0.653023777264013,0,0.774367722151704,0.653023777264013,0.346976222735987,0.653023777264013,0.653023777264013,"all","log"
"4793",4,1.69705627484772,1.62986981361473,"Exp1","mixed","IP",0,1.64573030410294,0.201262569453018,1.6451179322178,0.085563443999579,0,0.186937053356292,0.085563443999579,0.914436556000421,0.085563443999579,0.085563443999579,"all","log"
"4794",4,0.8,0.717987273705148,"Exp1","mixed","IP",0,0.570980971175883,0.092752191795888,0.571202424596411,0.807473421232045,0,0.963418191843414,0.807473421232045,0.192526578767955,0.807473421232045,0.807473421232045,"all","log"
"4795",4,1.69705627484772,1.46991627765192,"Exp1","mixed","IP",0,1.64573030410294,0.201262569453018,1.64651072040632,0.085563443999579,0,0.181163029254537,0.085563443999579,0.914436556000421,0.085563443999579,0.085563443999579,"all","log"
"4796",4,1.69705627484772,1.77384084045752,"Exp1","mixed","IP",0,1.64573030410294,0.201262569453018,1.6470727041691,0.085563443999579,0,0.183165655941263,0.085563443999579,0.914436556000421,0.085563443999579,0.085563443999579,"all","log"
"4797",4,0.565685424949238,0.701932611596021,"Exp1","mixed","IP",0,0.534046715703152,0.107913606444127,0.53374032639705,0.807473421232045,0,0.809561316845596,0.807473421232045,0.192526578767955,0.807473421232045,0.807473421232045,"all","log"
"4798",4,2.4,2.01388668248637,"Exp1","mixed","IP",0,2.25964501963165,0.268434285080908,2.26056448779732,0.085563443999579,0,-0.0985826033203383,0.085563443999579,0.914436556000421,0.085563443999579,0.085563443999579,"all","log"
"4799",4,2.4,2.35783873806895,"Exp1","mixed","IP",0,2.25964501963165,0.268434285080908,2.25826705916141,0.085563443999579,0,-0.10152114274726,0.085563443999579,0.914436556000421,0.085563443999579,0.085563443999579,"all","log"
"4800",4,1.69705627484772,1.69390559154544,"Exp1","mixed","IP",0,1.64573030410294,0.201262569453018,1.64633043524771,0.085563443999579,0,0.184293063375235,0.085563443999579,0.914436556000421,0.085563443999579,0.085563443999579,"all","log"
"4801",4,0.672717132202972,0.661940884308933,"Exp1","mixed","IP",0,0.552182714791214,0.0999248597982659,0.552135309462767,0.807473421232045,0,0.885536399313023,0.807473421232045,0.192526578767955,0.807473421232045,0.807473421232045,"all","log"
"4802",4,0.672717132202972,0.741946109180844,"Exp1","mixed","IP",0,0.552182714791214,0.0999248597982659,0.55243781458127,0.807473421232045,0,0.886211375914507,0.807473421232045,0.192526578767955,0.807473421232045,0.807473421232045,"all","log"
"4803",4,1.42704853800327,1.30988592363565,"Exp1","mixed","IP",0,1.40453823343329,0.17659290513901,1.40413675565616,0.085563443999579,0,0.313852102385014,0.085563443999579,0.914436556000421,0.085563443999579,0.085563443999579,"all","log"
"4804",4,2.01815139660892,1.645907992498,"Exp1","mixed","IP",0,1.92838713458097,0.23167094835838,1.92980981808683,0.085563443999579,0,0.037536881492762,0.085563443999579,0.914436556000421,0.085563443999579,0.085563443999579,"all","log"
"4805",4,0.8,0.773982347397578,"Exp1","mixed","IP",0,0.570980971175883,0.092752191795888,0.571960145283917,0.807473421232045,0,0.960272177712139,0.807473421232045,0.192526578767955,0.807473421232045,0.807473421232045,"all","log"
"4806",4,2.01815139660892,2.01385713708123,"Exp1","mixed","IP",0,1.92838713458097,0.23167094835838,1.9274715801044,0.085563443999579,0,0.044198176663184,0.085563443999579,0.914436556000421,0.085563443999579,0.085563443999579,"all","log"
"4807",4,0.8,0.614005797119262,"Exp1","mixed","IP",0,0.570980971175883,0.092752191795888,0.570983097256904,0.807473421232045,0,0.960850950428471,0.807473421232045,0.192526578767955,0.807473421232045,0.807473421232045,"all","log"
"4808",4,1.42704853800327,1.59785068063229,"Exp1","mixed","IP",0,1.40453823343329,0.17659290513901,1.40415783743049,0.085563443999579,0,0.310740123523464,0.085563443999579,0.914436556000421,0.085563443999579,0.085563443999579,"all","log"
"4809",4,0.4,0.493966237376753,"Exp1","mixed","IP",0,0.499663803597444,0.126558972332749,0.499551824362635,0.807473421232045,0,0.648738047809891,0.807473421232045,0.192526578767955,0.807473421232045,0.807473421232045,"all","log"
"4810",4,2.01815139660892,1.95792395323724,"Exp1","mixed","IP",0,1.92838713458097,0.23167094835838,1.92928559150643,0.085563443999579,0,0.0434051591780996,0.085563443999579,0.914436556000421,0.085563443999579,0.085563443999579,"all","log"
"4811",4,2.01815139660892,1.77383773041493,"Exp1","mixed","IP",0,1.92838713458097,0.23167094835838,1.9275423993079,0.085563443999579,0,0.0454755073900672,0.085563443999579,0.914436556000421,0.085563443999579,0.085563443999579,"all","log"
"4812",4,0.475682846001088,0.501937276660101,"Exp1","mixed","IP",0,0.516548311639616,0.11677168413894,0.516594775640988,0.807473421232045,0,0.734632833510981,0.807473421232045,0.192526578767955,0.807473421232045,0.807473421232045,"all","log"
"4813",4,0.4,0.397936517809285,"Exp1","mixed","IP",0,0.499663803597444,0.126558972332749,0.500678674645104,0.807473421232045,0,0.646938528530333,0.807473421232045,0.192526578767955,0.807473421232045,0.807473421232045,"all","log"
"4814",4,0.475682846001088,0.406012054525036,"Exp1","mixed","IP",0,0.516548311639616,0.11677168413894,0.516345666359959,0.807473421232045,0,0.733374440545056,0.807473421232045,0.192526578767955,0.807473421232045,0.807473421232045,"all","log"
"4815",4,0.672717132202972,0.493926428830946,"Exp1","mixed","IP",0,0.552182714791214,0.0999248597982659,0.55233890671764,0.807473421232045,0,0.879065359603368,0.807473421232045,0.192526578767955,0.807473421232045,0.807473421232045,"all","log"
"4816",4,0.565685424949238,0.573914548468565,"Exp1","mixed","IP",0,0.534046715703152,0.107913606444127,0.533793148451793,0.807473421232045,0,0.804733137047562,0.807473421232045,0.192526578767955,0.807473421232045,0.807473421232045,"all","log"
"4817",4,1.2,1.28595507854379,"Exp1","mixed","IP",0,1.19872330505861,0.157198585846079,1.19860668761195,0.085563443999579,0,0.432938635140397,0.085563443999579,0.914436556000421,0.085563443999579,0.085563443999579,"all","log"
"4818",4,0.475682846001088,0.493891596353478,"Exp1","mixed","IP",0,0.516548311639616,0.11677168413894,0.517188622985085,0.807473421232045,0,0.73501651895731,0.807473421232045,0.192526578767955,0.807473421232045,0.807473421232045,"all","log"
"4819",4,1.42704853800327,1.36586886816167,"Exp1","mixed","IP",0,1.40453823343329,0.17659290513901,1.404180721254,0.085563443999579,0,0.320414473429965,0.085563443999579,0.914436556000421,0.085563443999579,0.085563443999579,"all","log"
"4820",4,2.4,2.37382311321471,"Exp1","mixed","IP",0,2.25964501963165,0.268434285080908,2.25947792540451,0.085563443999579,0,-0.100706634825375,0.085563443999579,0.914436556000421,0.085563443999579,0.085563443999579,"all","log"
"4821",4,0.4,0.581913889139287,"Exp1","mixed","IP",0,0.499663803597444,0.126558972332749,0.499947881215549,0.807473421232045,0,0.644290999200803,0.807473421232045,0.192526578767955,0.807473421232045,0.807473421232045,"all","log"
"4822",4,0.565685424949238,0.565934490061863,"Exp1","mixed","IP",0,0.534046715703152,0.107913606444127,0.5340909883668,0.807473421232045,0,0.816552533325182,0.807473421232045,0.192526578767955,0.807473421232045,0.807473421232045,"all","log"
"4823",4,1.2,1.02191867860483,"Exp1","mixed","IP",0,1.19872330505861,0.157198585846079,1.19912796953649,0.085563443999579,0,0.430346065484436,0.085563443999579,0.914436556000421,0.085563443999579,0.085563443999579,"all","log"
"4824",4,1.2,1.4539091991951,"Exp1","mixed","IP",0,1.19872330505861,0.157198585846079,1.19891082629851,0.085563443999579,0,0.431776629158936,0.085563443999579,0.914436556000421,0.085563443999579,0.085563443999579,"all","log"
"4825",4,1.2,1.38191109010086,"Exp1","mixed","IP",0,1.19872330505861,0.157198585846079,1.19789206602477,0.085563443999579,0,0.438014660287572,0.085563443999579,0.914436556000421,0.085563443999579,0.085563443999579,"all","log"
"4826",4,2.4,2.25387405571291,"Exp1","mixed","IP",0,2.25964501963165,0.268434285080908,2.25989993007636,0.085563443999579,0,-0.101216991679295,0.085563443999579,0.914436556000421,0.085563443999579,0.085563443999579,"all","log"
"4827",4,1.69705627484772,1.6138614911406,"Exp1","mixed","IP",0,1.64573030410294,0.201262569453018,1.64563212080267,0.085563443999579,0,0.183641477483381,0.085563443999579,0.914436556000421,0.085563443999579,0.085563443999579,"all","log"
"4828",4,0.475682846001088,0.493974634492133,"Exp1","mixed","IP",0,0.516548311639616,0.11677168413894,0.516660247950533,0.807473421232045,0,0.732820936619036,0.807473421232045,0.192526578767955,0.807473421232045,0.807473421232045,"all","log"
"4829",4,0.8,0.573975505304134,"Exp1","mixed","IP",0,0.570980971175883,0.092752191795888,0.571217616097854,0.807473421232045,0,0.959761927736308,0.807473421232045,0.192526578767955,0.807473421232045,0.807473421232045,"all","log"
"4830",4,1.42704853800327,1.59790479537469,"Exp1","mixed","IP",0,1.40453823343329,0.17659290513901,1.4057321662377,0.085563443999579,0,0.314662478496298,0.085563443999579,0.914436556000421,0.085563443999579,0.085563443999579,"all","log"
"4831",4,1.69705627484772,1.65385974951687,"Exp1","mixed","IP",0,1.64573030410294,0.201262569453018,1.64508623566016,0.085563443999579,0,0.184601466159175,0.085563443999579,0.914436556000421,0.085563443999579,0.085563443999579,"all","log"
"4832",4,1.2,1.39785565670081,"Exp1","mixed","IP",0,1.19872330505861,0.157198585846079,1.19919723396361,0.085563443999579,0,0.435457431839896,0.085563443999579,0.914436556000421,0.085563443999579,0.085563443999579,"all","log"
"4833",4,0.4,0.397952068022732,"Exp1","mixed","IP",0,0.499663803597444,0.126558972332749,0.49985186733567,0.807473421232045,0,0.651359926883198,0.807473421232045,0.192526578767955,0.807473421232045,0.807473421232045,"all","log"
"4834",4,1.69705627484772,1.93388083560603,"Exp1","mixed","IP",0,1.64573030410294,0.201262569453018,1.64689282658613,0.085563443999579,0,0.181756192198905,0.085563443999579,0.914436556000421,0.085563443999579,0.085563443999579,"all","log"
"4835",4,2.01815139660892,1.80588578679408,"Exp1","mixed","IP",0,1.92838713458097,0.23167094835838,1.9282402311207,0.085563443999579,0,0.0431035934079247,0.085563443999579,0.914436556000421,0.085563443999579,0.085563443999579,"all","log"
"4836",4,0.475682846001088,0.605922485297015,"Exp1","mixed","IP",0,0.516548311639616,0.11677168413894,0.516059991100041,0.807473421232045,0,0.730935763948296,0.807473421232045,0.192526578767955,0.807473421232045,0.807473421232045,"all","log"
"4837",4,1.42704853800327,1.62188695616987,"Exp1","mixed","IP",0,1.40453823343329,0.17659290513901,1.40474358664687,0.085563443999579,0,0.309813128535293,0.085563443999579,0.914436556000421,0.085563443999579,0.085563443999579,"all","log"
"4838",4,1.69705627484772,1.97390926139542,"Exp1","mixed","IP",0,1.64573030410294,0.201262569453018,1.64631579963286,0.085563443999579,0,0.193825785947144,0.085563443999579,0.914436556000421,0.085563443999579,0.085563443999579,"all","log"
"4839",4,0.4,0.557958474710176,"Exp1","mixed","IP",0,0.499663803597444,0.126558972332749,0.500540117279592,0.807473421232045,0,0.645692438515659,0.807473421232045,0.192526578767955,0.807473421232045,0.807473421232045,"all","log"
"4840",4,0.565685424949238,0.485961298629263,"Exp1","mixed","IP",0,0.534046715703152,0.107913606444127,0.533454508649872,0.807473421232045,0,0.812004410995531,0.807473421232045,0.192526578767955,0.807473421232045,0.807473421232045,"all","log"
"4841",4,2.4,2.59782859933011,"Exp1","mixed","IP",0,2.25964501963165,0.268434285080908,2.25775846139186,0.085563443999579,0,-0.103245384511382,0.085563443999579,0.914436556000421,0.085563443999579,0.085563443999579,"all","log"
"4842",4,2.4,2.5418052242494,"Exp1","mixed","IP",0,2.25964501963165,0.268434285080908,2.26020825529431,0.085563443999579,0,-0.104510012247816,0.085563443999579,0.914436556000421,0.085563443999579,0.085563443999579,"all","log"
"4843",4,0.8,0.605872102606099,"Exp1","mixed","IP",0,0.570980971175883,0.092752191795888,0.570572131865186,0.807473421232045,0,0.963027981561276,0.807473421232045,0.192526578767955,0.807473421232045,0.807473421232045,"all","log"
"4844",4,0.8,0.861956745527095,"Exp1","mixed","IP",0,0.570980971175883,0.092752191795888,0.571419261040084,0.807473421232045,0,0.961694173137388,0.807473421232045,0.192526578767955,0.807473421232045,0.807473421232045,"all","log"
"4845",4,0.4,0.437970541675895,"Exp1","mixed","IP",0,0.499663803597444,0.126558972332749,0.499647818717548,0.807473421232045,0,0.650838276043348,0.807473421232045,0.192526578767955,0.807473421232045,0.807473421232045,"all","log"
"4846",4,0.475682846001088,0.389988492842349,"Exp1","mixed","IP",0,0.516548311639616,0.11677168413894,0.515879644423018,0.807473421232045,0,0.735772191222279,0.807473421232045,0.192526578767955,0.807473421232045,0.807473421232045,"all","log"
"4847",4,0.672717132202972,0.53393930440734,"Exp1","mixed","IP",0,0.552182714791214,0.0999248597982659,0.551801825692872,0.807473421232045,0,0.878900314358841,0.807473421232045,0.192526578767955,0.807473421232045,0.807473421232045,"all","log"
"4848",4,1.2,1.30192265945925,"Exp1","mixed","IP",0,1.19872330505861,0.157198585846079,1.19903239515121,0.085563443999579,0,0.432160945575462,0.085563443999579,0.914436556000421,0.085563443999579,0.085563443999579,"all","log"
"4849",4,2.4,2.30189280305012,"Exp1","mixed","IP",0,2.25964501963165,0.268434285080908,2.25934115999462,0.085563443999579,0,-0.102555579874826,0.085563443999579,0.914436556000421,0.085563443999579,0.085563443999579,"all","log"
"4850",4,1.2,1.22992983743779,"Exp1","mixed","IP",0,1.19872330505861,0.157198585846079,1.19813619603228,0.085563443999579,0,0.429659381597,0.085563443999579,0.914436556000421,0.085563443999579,0.085563443999579,"all","log"
"4851",4,0.565685424949238,0.493942601052822,"Exp1","mixed","IP",0,0.534046715703152,0.107913606444127,0.534362615991118,0.807473421232045,0,0.812179282458605,0.807473421232045,0.192526578767955,0.807473421232045,0.807473421232045,"all","log"
"4852",4,0.672717132202972,0.54196601345393,"Exp1","mixed","IP",0,0.552182714791214,0.0999248597982659,0.552523563810983,0.807473421232045,0,0.891136914970623,0.807473421232045,0.192526578767955,0.807473421232045,0.807473421232045,"all","log"
"4853",4,0.672717132202972,0.70192732452324,"Exp1","mixed","IP",0,0.552182714791214,0.0999248597982659,0.552057205028337,0.807473421232045,0,0.881853336858002,0.807473421232045,0.192526578767955,0.807473421232045,0.807473421232045,"all","log"
"4854",4,0.8,0.845938159912293,"Exp1","mixed","IP",0,0.570980971175883,0.092752191795888,0.571082815670339,0.807473421232045,0,0.960099386977635,0.807473421232045,0.192526578767955,0.807473421232045,0.807473421232045,"all","log"
"4855",4,1.2,1.20589200687891,"Exp1","mixed","IP",0,1.19872330505861,0.157198585846079,1.19958105116153,0.085563443999579,0,0.434452301709774,0.085563443999579,0.914436556000421,0.085563443999579,0.085563443999579,"all","log"
"4856",4,0.4,0.541967568475229,"Exp1","mixed","IP",0,0.499663803597444,0.126558972332749,0.498979316485341,0.807473421232045,0,0.650831294964336,0.807473421232045,0.192526578767955,0.807473421232045,0.807473421232045,"all","log"
"4857",4,0.565685424949238,0.469974746453772,"Exp1","mixed","IP",0,0.534046715703152,0.107913606444127,0.533668610422365,0.807473421232045,0,0.807095736355134,0.807473421232045,0.192526578767955,0.807473421232045,0.807473421232045,"all","log"
"4858",4,0.565685424949238,0.605948609655115,"Exp1","mixed","IP",0,0.534046715703152,0.107913606444127,0.535285371900545,0.807473421232045,0,0.812811038851055,0.807473421232045,0.192526578767955,0.807473421232045,0.807473421232045,"all","log"
"4859",4,1.42704853800327,1.14990999536576,"Exp1","mixed","IP",0,1.40453823343329,0.17659290513901,1.40584975099753,0.085563443999579,0,0.319033560298172,0.085563443999579,0.914436556000421,0.085563443999579,0.085563443999579,"all","log"
"4860",4,2.01815139660892,1.78191202311382,"Exp1","mixed","IP",0,1.92838713458097,0.23167094835838,1.92889957214882,0.085563443999579,0,0.0429213162826165,0.085563443999579,0.914436556000421,0.085563443999579,0.085563443999579,"all","log"
"4861",4,2.4,2.52580592089907,"Exp1","mixed","IP",0,2.25964501963165,0.268434285080908,2.25823688925391,0.085563443999579,0,-0.0992686917132924,0.085563443999579,0.914436556000421,0.085563443999579,0.085563443999579,"all","log"
"4862",4,1.42704853800327,1.17394502688603,"Exp1","mixed","IP",0,1.40453823343329,0.17659290513901,1.40496651758445,0.085563443999579,0,0.314429441533402,0.085563443999579,0.914436556000421,0.085563443999579,0.085563443999579,"all","log"
"4863",4,0.475682846001088,0.597948957979952,"Exp1","mixed","IP",0,0.516548311639616,0.11677168413894,0.51637361608116,0.807473421232045,0,0.729477193357228,0.807473421232045,0.192526578767955,0.807473421232045,0.807473421232045,"all","log"
"4864",4,2.01815139660892,2.18191264512234,"Exp1","mixed","IP",0,1.92838713458097,0.23167094835838,1.92765890828377,0.085563443999579,0,0.0437845845796087,0.085563443999579,0.914436556000421,0.085563443999579,0.085563443999579,"all","log"
"4865",4,1.42704853800327,1.67792588146403,"Exp1","mixed","IP",0,1.40453823343329,0.17659290513901,1.40567559995999,0.085563443999579,0,0.314987788709976,0.085563443999579,0.914436556000421,0.085563443999579,0.085563443999579,"all","log"
"4866",4,0.4,0.453932835519026,"Exp1","mixed","IP",0,0.499663803597444,0.126558972332749,0.500283355628176,0.807473421232045,0,0.650084751375654,0.807473421232045,0.192526578767955,0.807473421232045,0.807473421232045,"all","log"
"4867",4,1.69705627484772,1.69388599827698,"Exp1","mixed","IP",0,1.64573030410294,0.201262569453018,1.64746880064431,0.085563443999579,0,0.184039946540223,0.085563443999579,0.914436556000421,0.085563443999579,0.085563443999579,"all","log"
"4868",4,0.4,0.469939913976305,"Exp1","mixed","IP",0,0.499663803597444,0.126558972332749,0.499098740522743,0.807473421232045,0,0.64822316411895,0.807473421232045,0.192526578767955,0.807473421232045,0.807473421232045,"all","log"
"4869",4,0.8,0.66193031016428,"Exp1","mixed","IP",0,0.570980971175883,0.092752191795888,0.571182481899086,0.807473421232045,0,0.972093828196109,0.807473421232045,0.192526578767955,0.807473421232045,0.807473421232045,"all","log"
"4870",4,2.01815139660892,2.06984412466272,"Exp1","mixed","IP",0,1.92838713458097,0.23167094835838,1.92932630039344,0.085563443999579,0,0.048464132901001,0.085563443999579,0.914436556000421,0.085563443999579,0.085563443999579,"all","log"
"4871",4,0.8,0.805926528352302,"Exp1","mixed","IP",0,0.570980971175883,0.092752191795888,0.571098291371121,0.807473421232045,0,0.96375910020726,0.807473421232045,0.192526578767955,0.807473421232045,0.807473421232045,"all","log"
"4872",4,0.565685424949238,0.517953685245175,"Exp1","mixed","IP",0,0.534046715703152,0.107913606444127,0.533943749750281,0.807473421232045,0,0.805343873640371,0.807473421232045,0.192526578767955,0.807473421232045,0.807473421232045,"all","log"
"4873",4,0.475682846001088,0.573925122613218,"Exp1","mixed","IP",0,0.516548311639616,0.11677168413894,0.516167621464437,0.807473421232045,0,0.723476092935823,0.807473421232045,0.192526578767955,0.807473421232045,0.807473421232045,"all","log"
"4874",4,2.4,2.38182680794534,"Exp1","mixed","IP",0,2.25964501963165,0.268434285080908,2.25892943255514,0.085563443999579,0,-0.0980824586232603,0.085563443999579,0.914436556000421,0.085563443999579,0.085563443999579,"all","log"
"4875",4,0.565685424949238,0.565978341662685,"Exp1","mixed","IP",0,0.534046715703152,0.107913606444127,0.533302151235853,0.807473421232045,0,0.807168600825644,0.807473421232045,0.192526578767955,0.807473421232045,0.807473421232045,"all","log"
"4876",4,0.4,0.445921676685884,"Exp1","mixed","IP",0,0.499663803597444,0.126558972332749,0.49988420544923,0.807473421232045,0,0.648692066189197,0.807473421232045,0.192526578767955,0.807473421232045,0.807473421232045,"all","log"
"4877",4,2.01815139660892,2.10990116284484,"Exp1","mixed","IP",0,1.92838713458097,0.23167094835838,1.92900318540786,0.085563443999579,0,0.0484370280299145,0.085563443999579,0.914436556000421,0.085563443999579,0.085563443999579,"all","log"
"4878",4,0.672717132202972,0.661964209629332,"Exp1","mixed","IP",0,0.552182714791214,0.0999248597982659,0.551889942892071,0.807473421232045,0,0.890436046714904,0.807473421232045,0.192526578767955,0.807473421232045,0.807473421232045,"all","log"
"4879",4,0.565685424949238,0.645955265146767,"Exp1","mixed","IP",0,0.534046715703152,0.107913606444127,0.533765888512282,0.807473421232045,0,0.80647246772771,0.807473421232045,0.192526578767955,0.807473421232045,0.807473421232045,"all","log"
"4880",4,1.42704853800327,1.24585263373956,"Exp1","mixed","IP",0,1.40453823343329,0.17659290513901,1.40589972850501,0.085563443999579,0,0.321206242200251,0.085563443999579,0.914436556000421,0.085563443999579,0.085563443999579,"all","log"
"4881",4,2.01815139660892,1.5659394661302,"Exp1","mixed","IP",0,1.92838713458097,0.23167094835838,1.93082916734085,0.085563443999579,0,0.0407332364704235,0.085563443999579,0.914436556000421,0.085563443999579,0.085563443999579,"all","log"
"4882",4,0.672717132202972,0.701970554116087,"Exp1","mixed","IP",0,0.552182714791214,0.0999248597982659,0.552315945297318,0.807473421232045,0,0.885506864895067,0.807473421232045,0.192526578767955,0.807473421232045,0.807473421232045,"all","log"
"4883",4,2.01815139660892,2.06183327683402,"Exp1","mixed","IP",0,1.92838713458097,0.23167094835838,1.92900128961523,0.085563443999579,0,0.0477150676365024,0.085563443999579,0.914436556000421,0.085563443999579,0.085563443999579,"all","log"
"4884",4,0.475682846001088,0.549975306261331,"Exp1","mixed","IP",0,0.516548311639616,0.11677168413894,0.516456354857259,0.807473421232045,0,0.734660234995654,0.807473421232045,0.192526578767955,0.807473421232045,0.807473421232045,"all","log"
"4885",4,0.8,0.773924189600166,"Exp1","mixed","IP",0,0.570980971175883,0.092752191795888,0.570936559673482,0.807473421232045,0,0.961019627626583,0.807473421232045,0.192526578767955,0.807473421232045,0.807473421232045,"all","log"
"4886",4,1.2,0.941953573283627,"Exp1","mixed","IP",0,1.19872330505861,0.157198585846079,1.19767482205994,0.085563443999579,0,0.435105971199486,0.085563443999579,0.914436556000421,0.085563443999579,0.085563443999579,"all","log"
"4887",4,0.672717132202972,0.589892081520247,"Exp1","mixed","IP",0,0.552182714791214,0.0999248597982659,0.552335025980294,0.807473421232045,0,0.884085629218804,0.807473421232045,0.192526578767955,0.807473421232045,0.807473421232045,"all","log"
"4888",4,1.42704853800327,1.39795859911192,"Exp1","mixed","IP",0,1.40453823343329,0.17659290513901,1.40510583457277,0.085563443999579,0,0.314954173614718,0.085563443999579,0.914436556000421,0.085563443999579,0.085563443999579,"all","log"
"4889",4,2.4,2.56586638012777,"Exp1","mixed","IP",0,2.25964501963165,0.268434285080908,2.25846788203078,0.085563443999579,0,-0.100814002280678,0.085563443999579,0.914436556000421,0.085563443999579,0.085563443999579,"all","log"
"4890",4,0.672717132202972,0.54199120479916,"Exp1","mixed","IP",0,0.552182714791214,0.0999248597982659,0.552778701269634,0.807473421232045,0,0.88490265580133,0.807473421232045,0.192526578767955,0.807473421232045,0.807473421232045,"all","log"
"4891",4,0.4,0.493930782890857,"Exp1","mixed","IP",0,0.499663803597444,0.126558972332749,0.499182760127956,0.807473421232045,0,0.649436574188452,0.807473421232045,0.192526578767955,0.807473421232045,0.807473421232045,"all","log"
"4892",4,1.2,0.925898911174045,"Exp1","mixed","IP",0,1.19872330505861,0.157198585846079,1.19802906200109,0.085563443999579,0,0.437895220167952,0.085563443999579,0.914436556000421,0.085563443999579,0.085563443999579,"all","log"
"4893",4,1.69705627484772,1.82990184705386,"Exp1","mixed","IP",0,1.64573030410294,0.201262569453018,1.64552577925277,0.085563443999579,0,0.180424220526769,0.085563443999579,0.914436556000421,0.085563443999579,0.085563443999579,"all","log"
"4894",4,1.69705627484772,1.46988331120019,"Exp1","mixed","IP",0,1.64573030410294,0.201262569453018,1.64708907721519,0.085563443999579,0,0.179818767794308,0.085563443999579,0.914436556000421,0.085563443999579,0.085563443999579,"all","log"
"4895",4,1.42704853800327,1.50983678496186,"Exp1","mixed","IP",0,1.40453823343329,0.17659290513901,1.40460996404562,0.085563443999579,0,0.317114877164043,0.085563443999579,0.914436556000421,0.085563443999579,0.085563443999579,"all","log"
"4896",4,0.475682846001088,0.4779893263335,"Exp1","mixed","IP",0,0.516548311639616,0.11677168413894,0.516236298942371,0.807473421232045,0,0.735081387388405,0.807473421232045,0.192526578767955,0.807473421232045,0.807473421232045,"all","log"
"4897",4,2.4,1.87784222131677,"Exp1","mixed","IP",0,2.25964501963165,0.268434285080908,2.26009457858401,0.085563443999579,0,-0.101035792614337,0.085563443999579,0.914436556000421,0.085563443999579,0.085563443999579,"all","log"
"4898",4,0.4,0.453932213510598,"Exp1","mixed","IP",0,0.499663803597444,0.126558972332749,0.499675793762258,0.807473421232045,0,0.653722680028464,0.807473421232045,0.192526578767955,0.807473421232045,0.807473421232045,"all","log"
"4899",4,1.2,0.925858480619809,"Exp1","mixed","IP",0,1.19872330505861,0.157198585846079,1.19850379393628,0.085563443999579,0,0.432946047350334,0.085563443999579,0.914436556000421,0.085563443999579,0.085563443999579,"all","log"
"4900",4,0.8,0.717935024988947,"Exp1","mixed","IP",0,0.570980971175883,0.092752191795888,0.571055670859813,0.807473421232045,0,0.963275133030727,0.807473421232045,0.192526578767955,0.807473421232045,0.807473421232045,"all","log"
"4901",4,0.672717132202972,0.525973863201671,"Exp1","mixed","IP",0,0.552182714791214,0.0999248597982659,0.551325404406654,0.807473421232045,0,0.891781091035047,0.807473421232045,0.192526578767955,0.807473421232045,0.807473421232045,"all","log"
"4902",4,0.475682846001088,0.525991901448833,"Exp1","mixed","IP",0,0.516548311639616,0.11677168413894,0.517623910171209,0.807473421232045,0,0.73210338221467,0.807473421232045,0.192526578767955,0.807473421232045,0.807473421232045,"all","log"
"4903",4,2.01815139660892,2.0379136278957,"Exp1","mixed","IP",0,1.92838713458097,0.23167094835838,1.92697636964028,0.085563443999579,0,0.0477525032249432,0.085563443999579,0.914436556000421,0.085563443999579,0.085563443999579,"all","log"
"4904",4,0.4,0.501975219180167,"Exp1","mixed","IP",0,0.499663803597444,0.126558972332749,0.501026284819601,0.807473421232045,0,0.655631406991488,0.807473421232045,0.192526578767955,0.807473421232045,0.807473421232045,"all","log"
"4905",4,0.565685424949238,0.461977582812779,"Exp1","mixed","IP",0,0.534046715703152,0.107913606444127,0.533975341555765,0.807473421232045,0,0.812135302247957,0.807473421232045,0.192526578767955,0.807473421232045,0.807473421232045,"all","log"
"4906",4,1.2,1.22986048348685,"Exp1","mixed","IP",0,1.19872330505861,0.157198585846079,1.19970387911139,0.085563443999579,0,0.429763529823392,0.085563443999579,0.914436556000421,0.085563443999579,0.085563443999579,"all","log"
"4907",4,1.42704853800327,1.30992790921118,"Exp1","mixed","IP",0,1.40453823343329,0.17659290513901,1.40481254466046,0.085563443999579,0,0.316565263703283,0.085563443999579,0.914436556000421,0.085563443999579,0.085563443999579,"all","log"
"4908",4,2.01815139660892,1.7738492375729,"Exp1","mixed","IP",0,1.92838713458097,0.23167094835838,1.92861102206768,0.085563443999579,0,0.0453624374087841,0.085563443999579,0.914436556000421,0.085563443999579,0.085563443999579,"all","log"
"4909",4,1.2,1.33386062032878,"Exp1","mixed","IP",0,1.19872330505861,0.157198585846079,1.19934441499099,0.085563443999579,0,0.428258022497174,0.085563443999579,0.914436556000421,0.085563443999579,0.085563443999579,"all","log"
"4910",4,0.475682846001088,0.493798917083041,"Exp1","mixed","IP",0,0.516548311639616,0.11677168413894,0.516266393601,0.807473421232045,0,0.731278025111758,0.807473421232045,0.192526578767955,0.807473421232045,0.807473421232045,"all","log"
"4911",4,2.01815139660892,2.04585138972243,"Exp1","mixed","IP",0,1.92838713458097,0.23167094835838,1.92889421879346,0.085563443999579,0,0.0421209827626771,0.085563443999579,0.914436556000421,0.085563443999579,0.085563443999579,"all","log"
"4912",4,0.475682846001088,0.47792401543802,"Exp1","mixed","IP",0,0.516548311639616,0.11677168413894,0.517075804946249,0.807473421232045,0,0.731352064694109,0.807473421232045,0.192526578767955,0.807473421232045,0.807473421232045,"all","log"
"4913",4,0.565685424949238,0.5179897617395,"Exp1","mixed","IP",0,0.534046715703152,0.107913606444127,0.535446104557347,0.807473421232045,0,0.814446907808491,0.807473421232045,0.192526578767955,0.807473421232045,0.807473421232045,"all","log"
"4914",4,0.672717132202972,0.661863755251943,"Exp1","mixed","IP",0,0.552182714791214,0.0999248597982659,0.552698021508866,0.807473421232045,0,0.887182564977252,0.807473421232045,0.192526578767955,0.807473421232045,0.807473421232045,"all","log"
"4915",4,0.8,0.733920955156009,"Exp1","mixed","IP",0,0.570980971175883,0.092752191795888,0.570768833092727,0.807473421232045,0,0.963248265710033,0.807473421232045,0.192526578767955,0.807473421232045,0.807473421232045,"all","log"
"4916",4,2.4,2.25390857718639,"Exp1","mixed","IP",0,2.25964501963165,0.268434285080908,2.25761038932335,0.085563443999579,0,-0.0962658134560149,0.085563443999579,0.914436556000421,0.085563443999579,0.085563443999579,"all","log"
"4917",4,1.42704853800327,1.54191687478033,"Exp1","mixed","IP",0,1.40453823343329,0.17659290513901,1.40437346388701,0.085563443999579,0,0.316100969548275,0.085563443999579,0.914436556000421,0.085563443999579,0.085563443999579,"all","log"
"4918",4,0.565685424949238,0.589950550321646,"Exp1","mixed","IP",0,0.534046715703152,0.107913606444127,0.533526520937694,0.807473421232045,0,0.811605802410586,0.807473421232045,0.192526578767955,0.807473421232045,0.807473421232045,"all","log"
"4919",4,1.2,1.38187065954662,"Exp1","mixed","IP",0,1.19872330505861,0.157198585846079,1.19933264575121,0.085563443999579,0,0.431230303119792,0.085563443999579,0.914436556000421,0.085563443999579,0.085563443999579,"all","log"
"4920",4,0.672717132202972,0.669946445065307,"Exp1","mixed","IP",0,0.552182714791214,0.0999248597982659,0.551213047418693,0.807473421232045,0,0.889508052478943,0.807473421232045,0.192526578767955,0.807473421232045,0.807473421232045,"all","log"
"4921",4,0.8,0.757907159007118,"Exp1","mixed","IP",0,0.570980971175883,0.092752191795888,0.571093146815055,0.807473421232045,0,0.956071561815861,0.807473421232045,0.192526578767955,0.807473421232045,0.807473421232045,"all","log"
"4922",4,0.565685424949238,0.709942215407864,"Exp1","mixed","IP",0,0.534046715703152,0.107913606444127,0.534292632601603,0.807473421232045,0,0.811920026478225,0.807473421232045,0.192526578767955,0.807473421232045,0.807473421232045,"all","log"
"4923",4,0.8,0.693895950413662,"Exp1","mixed","IP",0,0.570980971175883,0.092752191795888,0.571105396137693,0.807473421232045,0,0.964327758330607,0.807473421232045,0.192526578767955,0.807473421232045,0.807473421232045,"all","log"
"4924",4,0.4,0.453979175154473,"Exp1","mixed","IP",0,0.499663803597444,0.126558972332749,0.500970878443041,0.807473421232045,0,0.644912780983955,0.807473421232045,0.192526578767955,0.807473421232045,0.807473421232045,"all","log"
"4925",4,1.69705627484772,1.55785522129509,"Exp1","mixed","IP",0,1.64573030410294,0.201262569453018,1.64390334115137,0.085563443999579,0,0.188484785083256,0.085563443999579,0.914436556000421,0.085563443999579,0.085563443999579,"all","log"
"4926",4,2.4,2.46987180404221,"Exp1","mixed","IP",0,2.25964501963165,0.268434285080908,2.26002744278055,0.085563443999579,0,-0.0993257550804209,0.085563443999579,0.914436556000421,0.085563443999579,0.085563443999579,"all","log"
"4927",4,1.69705627484772,1.89384059165423,"Exp1","mixed","IP",0,1.64573030410294,0.201262569453018,1.64701060459248,0.085563443999579,0,0.192486017450897,0.085563443999579,0.914436556000421,0.085563443999579,0.085563443999579,"all","log"
"4928",4,2.4,2.19782673330428,"Exp1","mixed","IP",0,2.25964501963165,0.268434285080908,2.25970756340733,0.085563443999579,0,-0.10716391884297,0.085563443999579,0.914436556000421,0.085563443999579,0.085563443999579,"all","log"
"4929",4,0.672717132202972,0.653932835519299,"Exp1","mixed","IP",0,0.552182714791214,0.0999248597982659,0.551799369398808,0.807473421232045,0,0.888946705012308,0.807473421232045,0.192526578767955,0.807473421232045,0.807473421232045,"all","log"
"4930",4,0.475682846001088,0.389946196261917,"Exp1","mixed","IP",0,0.516548311639616,0.11677168413894,0.516706858691972,0.807473421232045,0,0.728216467576944,0.807473421232045,0.192526578767955,0.807473421232045,0.807473421232045,"all","log"
"4931",4,1.69705627484772,1.65385695047871,"Exp1","mixed","IP",0,1.64573030410294,0.201262569453018,1.64547022340599,0.085563443999579,0,0.180065489386052,0.085563443999579,0.914436556000421,0.085563443999579,0.085563443999579,"all","log"
"4932",4,1.42704853800327,1.36582688258659,"Exp1","mixed","IP",0,1.40453823343329,0.17659290513901,1.40352180875507,0.085563443999579,0,0.325045492186319,0.085563443999579,0.914436556000421,0.085563443999579,0.085563443999579,"all","log"
"4933",5,0.475682846001088,0.941881731298054,"Exp1","mixed","IP",0,0.550697933360241,0.119354375575403,0.550856803120217,0.589342580535399,0,0.714486309518178,0.589342580535399,0.410657419464601,0.589342580535399,0.589342580535399,"all","log"
"4934",5,2.01815139660892,1.24586476290551,"Exp1","mixed","IP",0,1.7594886121659,0.31530984843405,1.75902380671538,0.2893628762292,0,-0.256999514784518,0.2893628762292,0.7106371237708,0.2893628762292,0.2893628762292,"all","log"
"4935",5,0.565685424949238,0.557900627917661,"Exp1","mixed","IP",0,0.591270510873313,0.117336725395611,0.59073675501853,0.589342580535399,0,0.723547271099434,0.589342580535399,0.410657419464601,0.589342580535399,0.589342580535399,"all","log"
"4936",5,0.8,0.725907930297581,"Exp1","mixed","IP",0,0.681844109578162,0.117513729232234,0.683085519585328,0.589342580535399,0,0.729688114715366,0.589342580535399,0.410657419464601,0.589342580535399,0.589342580535399,"all","log"
"4937",5,1.42704853800327,1.3819297503569,"Exp1","mixed","IP",0,1.37534390122875,0.2499387808163,1.37570405456893,0.2893628762292,0,-0.0297390999605055,0.2893628762292,0.7106371237708,0.2893628762292,0.2893628762292,"all","log"
"4938",5,2.01815139660892,1.78985289498269,"Exp1","mixed","IP",0,1.7594886121659,0.31530984843405,1.76074623609322,0.2893628762292,0,-0.259590997623659,0.2893628762292,0.7106371237708,0.2893628762292,0.2893628762292,"all","log"
"4939",5,1.69705627484772,1.35792364223289,"Exp1","mixed","IP",0,1.5555189683362,0.280322296142072,1.55651708423529,0.2893628762292,0,-0.145800542773814,0.2893628762292,0.7106371237708,0.2893628762292,0.2893628762292,"all","log"
"4940",5,2.01815139660892,1.67788607291732,"Exp1","mixed","IP",0,1.7594886121659,0.31530984843405,1.76147295884543,0.2893628762292,0,-0.264547213559555,0.2893628762292,0.7106371237708,0.2893628762292,0.2893628762292,"all","log"
"4941",5,2.4,1.87789602505472,"Exp1","mixed","IP",0,1.990419659456,0.355368950930826,1.98632353402452,0.2893628762292,0,-0.387401006272789,0.2893628762292,0.7106371237708,0.2893628762292,0.2893628762292,"all","log"
"4942",5,1.69705627484772,1.46190325279349,"Exp1","mixed","IP",0,1.5555189683362,0.280322296142072,1.55658318154098,0.2893628762292,0,-0.144292342005987,0.2893628762292,0.7106371237708,0.2893628762292,0.2893628762292,"all","log"
"4943",5,1.69705627484772,2.00586183946598,"Exp1","mixed","IP",0,1.5555189683362,0.280322296142072,1.55704714835645,0.2893628762292,0,-0.143222020432525,0.2893628762292,0.7106371237708,0.2893628762292,0.2893628762292,"all","log"
"4944",5,1.42704853800327,1.44588746621685,"Exp1","mixed","IP",0,1.37534390122875,0.2499387808163,1.3755806664728,0.2893628762292,0,-0.0332082396181318,0.2893628762292,0.7106371237708,0.2893628762292,0.2893628762292,"all","log"
"4945",5,0.672717132202972,0.989920071904635,"Exp1","mixed","IP",0,0.634906973796156,0.116733163297185,0.635124204730976,0.589342580535399,0,0.733025535975509,0.589342580535399,0.410657419464601,0.589342580535399,0.589342580535399,"all","log"
"4946",5,0.4,0.437924513044891,"Exp1","mixed","IP",0,0.5129697633112,0.122806143196291,0.512886964512546,0.589342580535399,0,0.68954334757703,0.589342580535399,0.410657419464601,0.589342580535399,0.589342580535399,"all","log"
"4947",5,0.475682846001088,0.453953983808788,"Exp1","mixed","IP",0,0.550697933360241,0.119354375575403,0.551111320323416,0.589342580535399,0,0.715638725691253,0.589342580535399,0.410657419464601,0.589342580535399,0.589342580535399,"all","log"
"4948",5,0.672717132202972,0.717950264198407,"Exp1","mixed","IP",0,0.634906973796156,0.116733163297185,0.635424120231629,0.589342580535399,0,0.732165209291422,0.589342580535399,0.410657419464601,0.589342580535399,0.589342580535399,"all","log"
"4949",5,0.672717132202972,0.789870000217888,"Exp1","mixed","IP",0,0.634906973796156,0.116733163297185,0.635080379076043,0.589342580535399,0,0.72975555464152,0.589342580535399,0.410657419464601,0.589342580535399,0.589342580535399,"all","log"
"4950",5,0.475682846001088,0.733970093829157,"Exp1","mixed","IP",0,0.550697933360241,0.119354375575403,0.550066542692644,0.589342580535399,0,0.709539297284052,0.589342580535399,0.410657419464601,0.589342580535399,0.589342580535399,"all","log"
"4951",5,0.565685424949238,0.605936480488708,"Exp1","mixed","IP",0,0.591270510873313,0.117336725395611,0.591403825726414,0.589342580535399,0,0.73411397825488,0.589342580535399,0.410657419464601,0.589342580535399,0.589342580535399,"all","log"
"4952",5,2.4,1.58992007190409,"Exp1","mixed","IP",0,1.990419659456,0.355368950930826,1.99071297876049,0.2893628762292,0,-0.373849025685811,0.2893628762292,0.7106371237708,0.2893628762292,0.2893628762292,"all","log"
"4953",5,2.01815139660892,2.07787207772617,"Exp1","mixed","IP",0,1.7594886121659,0.31530984843405,1.76127639842787,0.2893628762292,0,-0.265396906918078,0.2893628762292,0.7106371237708,0.2893628762292,0.2893628762292,"all","log"
"4954",5,1.42704853800327,1.8618905016192,"Exp1","mixed","IP",0,1.37534390122875,0.2499387808163,1.37378619853644,0.2893628762292,0,-0.0318099585505535,0.2893628762292,0.7106371237708,0.2893628762292,0.2893628762292,"all","log"
"4955",5,1.42704853800327,1.72586563371806,"Exp1","mixed","IP",0,1.37534390122875,0.2499387808163,1.37469014064291,0.2893628762292,0,-0.0315635786063446,0.2893628762292,0.7106371237708,0.2893628762292,0.2893628762292,"all","log"
"4956",5,0.565685424949238,0.597987833512889,"Exp1","mixed","IP",0,0.591270510873313,0.117336725395611,0.591236907471675,0.589342580535399,0,0.729035729020884,0.589342580535399,0.410657419464601,0.589342580535399,0.589342580535399,"all","log"
"4957",5,1.2,1.53395298859505,"Exp1","mixed","IP",0,1.21617072059492,0.223782582509154,1.2159643226534,0.2893628762292,0,0.0744908758534219,0.2893628762292,0.7106371237708,0.2893628762292,0.2893628762292,"all","log"
"4958",5,1.2,1.34990937335715,"Exp1","mixed","IP",0,1.21617072059492,0.223782582509154,1.21553161669151,0.2893628762292,0,0.0731765436215542,0.2893628762292,0.7106371237708,0.2893628762292,0.2893628762292,"all","log"
"4959",5,0.8,1.04587875809739,"Exp1","mixed","IP",0,0.681844109578162,0.117513729232234,0.682244499102174,0.589342580535399,0,0.725517619282223,0.589342580535399,0.410657419464601,0.589342580535399,0.589342580535399,"all","log"
"4960",5,1.2,1.35788507770394,"Exp1","mixed","IP",0,1.21617072059492,0.223782582509154,1.21657989797282,0.2893628762292,0,0.0828087877261313,0.2893628762292,0.7106371237708,0.2893628762292,0.2893628762292,"all","log"
"4961",5,1.2,1.2619160039676,"Exp1","mixed","IP",0,1.21617072059492,0.223782582509154,1.21750795099014,0.2893628762292,0,0.086121265126412,0.2893628762292,0.7106371237708,0.2893628762292,0.2893628762292,"all","log"
"4962",5,0.4,0.45394931874489,"Exp1","mixed","IP",0,0.5129697633112,0.122806143196291,0.512754926422483,0.589342580535399,0,0.688626419607648,0.589342580535399,0.410657419464601,0.589342580535399,0.589342580535399,"all","log"
"4963",5,1.69705627484772,1.80593026040424,"Exp1","mixed","IP",0,1.5555189683362,0.280322296142072,1.5553757198097,0.2893628762292,0,-0.150416927516418,0.2893628762292,0.7106371237708,0.2893628762292,0.2893628762292,"all","log"
"4964",5,0.4,0.637914871913381,"Exp1","mixed","IP",0,0.5129697633112,0.122806143196291,0.512946146174458,0.589342580535399,0,0.687650801473475,0.589342580535399,0.410657419464601,0.589342580535399,0.589342580535399,"all","log"
"4965",5,2.4,2.28584062897517,"Exp1","mixed","IP",0,1.990419659456,0.355368950930826,1.99061355023362,0.2893628762292,0,-0.383039752181176,0.2893628762292,0.7106371237708,0.2893628762292,0.2893628762292,"all","log"
"4966",5,1.42704853800327,1.31786193898643,"Exp1","mixed","IP",0,1.37534390122875,0.2499387808163,1.37594083047764,0.2893628762292,0,-0.0409425543935364,0.2893628762292,0.7106371237708,0.2893628762292,0.2893628762292,"all","log"
"4967",5,2.01815139660892,1.98314359999858,"Exp1","mixed","IP",0,1.7594886121659,0.31530984843405,1.75880110933113,0.2893628762292,0,-0.263113522513694,0.2893628762292,0.7106371237708,0.2893628762292,0.2893628762292,"all","log"
"4968",5,2.4,1.92229965882871,"Exp1","mixed","IP",0,1.990419659456,0.355368950930826,1.99057497157385,0.2893628762292,0,-0.383274209631344,0.2893628762292,0.7106371237708,0.2893628762292,0.2893628762292,"all","log"
"4969",5,0.475682846001088,0.669858430858767,"Exp1","mixed","IP",0,0.550697933360241,0.119354375575403,0.550505179275952,0.589342580535399,0,0.71695477206632,0.589342580535399,0.410657419464601,0.589342580535399,0.589342580535399,"all","log"
"4970",5,2.4,2.58991074177538,"Exp1","mixed","IP",0,1.990419659456,0.355368950930826,1.98788379608652,0.2893628762292,0,-0.38248352341066,0.2893628762292,0.7106371237708,0.2893628762292,0.2893628762292,"all","log"
"4971",5,1.69705627484772,1.34985028254778,"Exp1","mixed","IP",0,1.5555189683362,0.280322296142072,1.55490377469732,0.2893628762292,0,-0.145585278043226,0.2893628762292,0.7106371237708,0.2893628762292,0.2893628762292,"all","log"
"4972",5,0.672717132202972,0.486001418179512,"Exp1","mixed","IP",0,0.634906973796156,0.116733163297185,0.635024862411749,0.589342580535399,0,0.732721031881599,0.589342580535399,0.410657419464601,0.589342580535399,0.589342580535399,"all","log"
"4973",5,1.69705627484772,1.40592528433535,"Exp1","mixed","IP",0,1.5555189683362,0.280322296142072,1.55559722832775,0.2893628762292,0,-0.147363329228637,0.2893628762292,0.7106371237708,0.2893628762292,0.2893628762292,"all","log"
"4974",5,0.8,0.901915506361547,"Exp1","mixed","IP",0,0.681844109578162,0.117513729232234,0.682454022309096,0.589342580535399,0,0.722173599926758,0.589342580535399,0.410657419464601,0.589342580535399,0.589342580535399,"all","log"
"4975",5,2.01815139660892,1.19787773800363,"Exp1","mixed","IP",0,1.7594886121659,0.31530984843405,1.75844826607748,0.2893628762292,0,-0.263078930121791,0.2893628762292,0.7106371237708,0.2893628762292,0.2893628762292,"all","log"
"4976",5,1.69705627484772,1.83790647479782,"Exp1","mixed","IP",0,1.5555189683362,0.280322296142072,1.55531412385934,0.2893628762292,0,-0.146144244003599,0.2893628762292,0.7106371237708,0.2893628762292,0.2893628762292,"all","log"
"4977",5,1.42704853800327,1.4698876652601,"Exp1","mixed","IP",0,1.37534390122875,0.2499387808163,1.37567120039664,0.2893628762292,0,-0.0264976539854059,0.2893628762292,0.7106371237708,0.2893628762292,0.2893628762292,"all","log"
"4978",5,1.2,1.4618908126231,"Exp1","mixed","IP",0,1.21617072059492,0.223782582509154,1.21642159656611,0.2893628762292,0,0.0809746107353098,0.2893628762292,0.7106371237708,0.2893628762292,0.2893628762292,"all","log"
"4979",5,1.2,0.821879181063196,"Exp1","mixed","IP",0,1.21617072059492,0.223782582509154,1.21876168468203,0.2893628762292,0,0.0783105812170374,0.2893628762292,0.7106371237708,0.2893628762292,0.2893628762292,"all","log"
"4980",5,1.42704853800327,0.909949057501763,"Exp1","mixed","IP",0,1.37534390122875,0.2499387808163,1.37310645224609,0.2893628762292,0,-0.0312428849023037,0.2893628762292,0.7106371237708,0.2893628762292,0.2893628762292,"all","log"
"4981",5,0.565685424949238,0.941945487172234,"Exp1","mixed","IP",0,0.591270510873313,0.117336725395611,0.590904029828528,0.589342580535399,0,0.727193878886634,0.589342580535399,0.410657419464601,0.589342580535399,0.589342580535399,"all","log"
"4982",5,1.2,1.52587807388772,"Exp1","mixed","IP",0,1.21617072059492,0.223782582509154,1.2173801454414,0.2893628762292,0,0.0811491574513216,0.2893628762292,0.7106371237708,0.2893628762292,0.2893628762292,"all","log"
"4983",5,1.69705627484772,1.0219444919594,"Exp1","mixed","IP",0,1.5555189683362,0.280322296142072,1.55602094754104,0.2893628762292,0,-0.147191965549002,0.2893628762292,0.7106371237708,0.2893628762292,0.2893628762292,"all","log"
"4984",5,0.475682846001088,0.709950612522334,"Exp1","mixed","IP",0,0.550697933360241,0.119354375575403,0.550366744422274,0.589342580535399,0,0.711936720413586,0.589342580535399,0.410657419464601,0.589342580535399,0.589342580535399,"all","log"
"4985",5,0.4,0.381962405804188,"Exp1","mixed","IP",0,0.5129697633112,0.122806143196291,0.512427849742556,0.589342580535399,0,0.691535656175868,0.589342580535399,0.410657419464601,0.589342580535399,0.589342580535399,"all","log"
"4986",5,2.01815139660892,1.50190182217375,"Exp1","mixed","IP",0,1.7594886121659,0.31530984843405,1.76069920115826,0.2893628762292,0,-0.257648467191153,0.2893628762292,0.7106371237708,0.2893628762292,0.2893628762292,"all","log"
"4987",5,2.01815139660892,1.05389147195183,"Exp1","mixed","IP",0,1.7594886121659,0.31530984843405,1.75831470649751,0.2893628762292,0,-0.267584070019887,0.2893628762292,0.7106371237708,0.2893628762292,0.2893628762292,"all","log"
"4988",5,0.672717132202972,0.597932163749647,"Exp1","mixed","IP",0,0.634906973796156,0.116733163297185,0.635372531970267,0.589342580535399,0,0.729502258596262,0.589342580535399,0.410657419464601,0.589342580535399,0.589342580535399,"all","log"
"4989",5,2.4,2.55784744618813,"Exp1","mixed","IP",0,1.990419659456,0.355368950930826,1.98927466946547,0.2893628762292,0,-0.383143384412895,0.2893628762292,0.7106371237708,0.2893628762292,0.2893628762292,"all","log"
"4990",5,0.4,0.98193348240784,"Exp1","mixed","IP",0,0.5129697633112,0.122806143196291,0.513323726773445,0.589342580535399,0,0.692608938872655,0.589342580535399,0.410657419464601,0.589342580535399,0.589342580535399,"all","log"
"4991",5,0.8,0.566009753093567,"Exp1","mixed","IP",0,0.681844109578162,0.117513729232234,0.681376320645736,0.589342580535399,0,0.721879374631915,0.589342580535399,0.410657419464601,0.589342580535399,0.589342580535399,"all","log"
"4992",5,0.8,0.797990321547331,"Exp1","mixed","IP",0,0.681844109578162,0.117513729232234,0.681268227971068,0.589342580535399,0,0.726321699354532,0.589342580535399,0.410657419464601,0.589342580535399,0.589342580535399,"all","log"
"4993",5,0.565685424949238,0.63793477618583,"Exp1","mixed","IP",0,0.591270510873313,0.117336725395611,0.591310757315404,0.589342580535399,0,0.724310682282991,0.589342580535399,0.410657419464601,0.589342580535399,0.589342580535399,"all","log"
"4994",5,0.475682846001088,0.861920669031861,"Exp1","mixed","IP",0,0.550697933360241,0.119354375575403,0.550916147210268,0.589342580535399,0,0.713264367907495,0.589342580535399,0.410657419464601,0.589342580535399,0.589342580535399,"all","log"
"4995",5,0.4,0.405937102497774,"Exp1","mixed","IP",0,0.5129697633112,0.122806143196291,0.512213759030425,0.589342580535399,0,0.689883810728533,0.589342580535399,0.410657419464601,0.589342580535399,0.589342580535399,"all","log"
"4996",5,0.672717132202972,1.02991646425471,"Exp1","mixed","IP",0,0.634906973796156,0.116733163297185,0.635073721253687,0.589342580535399,0,0.730331633501659,0.589342580535399,0.410657419464601,0.589342580535399,0.589342580535399,"all","log"
"4997",5,0.8,0.533901050883287,"Exp1","mixed","IP",0,0.681844109578162,0.117513729232234,0.682042146174366,0.589342580535399,0,0.721774275984425,0.589342580535399,0.410657419464601,0.589342580535399,0.589342580535399,"all","log"
"4998",5,1.2,0.933878658576759,"Exp1","mixed","IP",0,1.21617072059492,0.223782582509154,1.2172982590547,0.2893628762292,0,0.0843567291766035,0.2893628762292,0.7106371237708,0.2893628762292,0.2893628762292,"all","log"
"4999",5,0.672717132202972,0.605918442241091,"Exp1","mixed","IP",0,0.634906973796156,0.116733163297185,0.635407103750827,0.589342580535399,0,0.73051004844218,0.589342580535399,0.410657419464601,0.589342580535399,0.589342580535399,"all","log"
"5000",5,0.8,0.96591023172823,"Exp1","mixed","IP",0,0.681844109578162,0.117513729232234,0.682181491295905,0.589342580535399,0,0.725440423939202,0.589342580535399,0.410657419464601,0.589342580535399,0.589342580535399,"all","log"
"5001",5,1.69705627484772,1.71785198685029,"Exp1","mixed","IP",0,1.5555189683362,0.280322296142072,1.55631124929735,0.2893628762292,0,-0.141094929621492,0.2893628762292,0.7106371237708,0.2893628762292,0.2893628762292,"all","log"
"5002",5,2.4,2.29384245768051,"Exp1","mixed","IP",0,1.990419659456,0.355368950930826,1.9902567942155,0.2893628762292,0,-0.380806200797565,0.2893628762292,0.7106371237708,0.2893628762292,0.2893628762292,"all","log"
"5003",5,1.42704853800327,1.8138496729789,"Exp1","mixed","IP",0,1.37534390122875,0.2499387808163,1.37655871441824,0.2893628762292,0,-0.0285804082723546,0.2893628762292,0.7106371237708,0.2893628762292,0.2893628762292,"all","log"
"5004",5,0.475682846001088,0.75790404896361,"Exp1","mixed","IP",0,0.550697933360241,0.119354375575403,0.549130521213901,0.589342580535399,0,0.71683453243235,0.589342580535399,0.410657419464601,0.589342580535399,0.589342580535399,"all","log"
"5005",5,2.01815139660892,2.2059585617917,"Exp1","mixed","IP",0,1.7594886121659,0.31530984843405,1.75980027761361,0.2893628762292,0,-0.256833070266407,0.2893628762292,0.7106371237708,0.2893628762292,0.2893628762292,"all","log"
"5006",5,1.69705627484772,1.23794472832196,"Exp1","mixed","IP",0,1.5555189683362,0.280322296142072,1.55590810044994,0.2893628762292,0,-0.143559457714237,0.2893628762292,0.7106371237708,0.2893628762292,0.2893628762292,"all","log"
"5007",5,0.565685424949238,0.437955613470876,"Exp1","mixed","IP",0,0.591270510873313,0.117336725395611,0.590755278402699,0.589342580535399,0,0.726453891105677,0.589342580535399,0.410657419464601,0.589342580535399,0.589342580535399,"all","log"
"5008",5,1.42704853800327,0.957911513066392,"Exp1","mixed","IP",0,1.37534390122875,0.2499387808163,1.37473037046856,0.2893628762292,0,-0.027944227564241,0.2893628762292,0.7106371237708,0.2893628762292,0.2893628762292,"all","log"
"5009",5,0.4,0.461942750334856,"Exp1","mixed","IP",0,0.5129697633112,0.122806143196291,0.512786119339506,0.589342580535399,0,0.688305764845368,0.589342580535399,0.410657419464601,0.589342580535399,0.589342580535399,"all","log"
"5010",5,0.475682846001088,0.605921241280157,"Exp1","mixed","IP",0,0.550697933360241,0.119354375575403,0.55097235444197,0.589342580535399,0,0.713050349023024,0.589342580535399,0.410657419464601,0.589342580535399,0.589342580535399,"all","log"
"5011",5,0.8,0.621895975294137,"Exp1","mixed","IP",0,0.681844109578162,0.117513729232234,0.681787049910467,0.589342580535399,0,0.726118333441376,0.589342580535399,0.410657419464601,0.589342580535399,0.589342580535399,"all","log"
"5012",5,0.565685424949238,0.517934402980245,"Exp1","mixed","IP",0,0.591270510873313,0.117336725395611,0.59082387707555,0.589342580535399,0,0.730574708853844,0.589342580535399,0.410657419464601,0.589342580535399,0.589342580535399,"all","log"
"5013",5,0.4,0.381982932085521,"Exp1","mixed","IP",0,0.5129697633112,0.122806143196291,0.512960156982563,0.589342580535399,0,0.689925869677484,0.589342580535399,0.410657419464601,0.589342580535399,0.589342580535399,"all","log"
"5014",5,1.42704853800327,0.989886794448466,"Exp1","mixed","IP",0,1.37534390122875,0.2499387808163,1.37666878491035,0.2893628762292,0,-0.0303829214403952,0.2893628762292,0.7106371237708,0.2893628762292,0.2893628762292,"all","log"
"5015",5,0.8,1.329268020364,"Exp1","mixed","IP",0,0.681844109578162,0.117513729232234,0.682315298107115,0.589342580535399,0,0.724971397611005,0.589342580535399,0.410657419464601,0.589342580535399,0.589342580535399,"all","log"
"5016",5,0.565685424949238,1.0459154566006,"Exp1","mixed","IP",0,0.591270510873313,0.117336725395611,0.591995419361224,0.589342580535399,0,0.729495375483685,0.589342580535399,0.410657419464601,0.589342580535399,0.589342580535399,"all","log"
"5017",5,2.4,1.89995897853714,"Exp1","mixed","IP",0,1.990419659456,0.355368950930826,1.989740701731,0.2893628762292,0,-0.382199507432379,0.2893628762292,0.7106371237708,0.2893628762292,0.2893628762292,"all","log"
"5018",5,2.01815139660892,1.75791369009676,"Exp1","mixed","IP",0,1.7594886121659,0.31530984843405,1.75771448448177,0.2893628762292,0,-0.262997589128867,0.2893628762292,0.7106371237708,0.2893628762292,0.2893628762292,"all","log"
"5019",5,0.4,0.555791396999666,"Exp1","mixed","IP",0,0.5129697633112,0.122806143196291,0.512263388885247,0.589342580535399,0,0.683672890510527,0.589342580535399,0.410657419464601,0.589342580535399,0.589342580535399,"all","log"
"5020",5,1.69705627484772,1.90190897527191,"Exp1","mixed","IP",0,1.5555189683362,0.280322296142072,1.55496035510906,0.2893628762292,0,-0.14231659755733,0.2893628762292,0.7106371237708,0.2893628762292,0.2893628762292,"all","log"
"5021",5,0.475682846001088,0.621996740675058,"Exp1","mixed","IP",0,0.550697933360241,0.119354375575403,0.550535082409599,0.589342580535399,0,0.716573460767646,0.589342580535399,0.410657419464601,0.589342580535399,0.589342580535399,"all","log"
"5022",5,0.565685424949238,1.07791624033143,"Exp1","mixed","IP",0,0.591270510873313,0.117336725395611,0.591804270632055,0.589342580535399,0,0.735721383460943,0.589342580535399,0.410657419464601,0.589342580535399,0.589342580535399,"all","log"
"5023",5,2.4,1.74988946908434,"Exp1","mixed","IP",0,1.990419659456,0.355368950930826,1.9939156285261,0.2893628762292,0,-0.381507007969797,0.2893628762292,0.7106371237708,0.2893628762292,0.2893628762292,"all","log"
"5024",5,0.672717132202972,0.853929725475609,"Exp1","mixed","IP",0,0.634906973796156,0.116733163297185,0.635234896990912,0.589342580535399,0,0.731728164585319,0.589342580535399,0.410657419464601,0.589342580535399,0.589342580535399,"all","log"
"5025",5,0.4,0.493978366543161,"Exp1","mixed","IP",0,0.5129697633112,0.122806143196291,0.512367491355513,0.589342580535399,0,0.685249431400895,0.589342580535399,0.410657419464601,0.589342580535399,0.589342580535399,"all","log"
"5026",5,1.69705627484772,1.93390167289181,"Exp1","mixed","IP",0,1.5555189683362,0.280322296142072,1.55618903848923,0.2893628762292,0,-0.142100085793061,0.2893628762292,0.7106371237708,0.2893628762292,0.2893628762292,"all","log"
"5027",5,1.2,1.58986440214085,"Exp1","mixed","IP",0,1.21617072059492,0.223782582509154,1.21594585514853,0.2893628762292,0,0.0762351038689653,0.2893628762292,0.7106371237708,0.2893628762292,0.2893628762292,"all","log"
"5028",5,2.4,1.44907152787073,"Exp1","mixed","IP",0,1.990419659456,0.355368950930826,1.98975853183643,0.2893628762292,0,-0.387160132233552,0.2893628762292,0.7106371237708,0.2893628762292,0.2893628762292,"all","log"
"5029",5,2.01815139660892,1.57388593607629,"Exp1","mixed","IP",0,1.7594886121659,0.31530984843405,1.76089836918837,0.2893628762292,0,-0.264964289351761,0.2893628762292,0.7106371237708,0.2893628762292,0.2893628762292,"all","log"
"5030",5,1.2,0.965887839422066,"Exp1","mixed","IP",0,1.21617072059492,0.223782582509154,1.21404990634714,0.2893628762292,0,0.0779111059669725,0.2893628762292,0.7106371237708,0.2893628762292,0.2893628762292,"all","log"
"5031",5,0.565685424949238,0.533967916800066,"Exp1","mixed","IP",0,0.591270510873313,0.117336725395611,0.591797266116749,0.589342580535399,0,0.720139948151361,0.589342580535399,0.410657419464601,0.589342580535399,0.589342580535399,"all","log"
"5032",5,1.42704853800327,1.01392524701441,"Exp1","mixed","IP",0,1.37534390122875,0.2499387808163,1.37744098028813,0.2893628762292,0,-0.0305004169053291,0.2893628762292,0.7106371237708,0.2893628762292,0.2893628762292,"all","log"
"5033",5,0.565685424949238,0.709939416368798,"Exp1","mixed","IP",0,0.591270510873313,0.117336725395611,0.590852291291117,0.589342580535399,0,0.735272627446216,0.589342580535399,0.410657419464601,0.589342580535399,0.589342580535399,"all","log"
"5034",5,2.01815139660892,1.62988069876337,"Exp1","mixed","IP",0,1.7594886121659,0.31530984843405,1.75850547076151,0.2893628762292,0,-0.259777975425753,0.2893628762292,0.7106371237708,0.2893628762292,0.2893628762292,"all","log"
"5035",5,2.4,2.4298474213083,"Exp1","mixed","IP",0,1.990419659456,0.355368950930826,1.99086008365206,0.2893628762292,0,-0.38334026660266,0.2893628762292,0.7106371237708,0.2893628762292,0.2893628762292,"all","log"
"5036",5,0.8,0.749917459467724,"Exp1","mixed","IP",0,0.681844109578162,0.117513729232234,0.682422290534658,0.589342580535399,0,0.719478549400642,0.589342580535399,0.410657419464601,0.589342580535399,0.589342580535399,"all","log"
"5037",5,1.42704853800327,0.98191513315578,"Exp1","mixed","IP",0,1.37534390122875,0.2499387808163,1.37425332069761,0.2893628762292,0,-0.0310855386798152,0.2893628762292,0.7106371237708,0.2893628762292,0.2893628762292,"all","log"
"5038",5,1.42704853800327,1.56586513611092,"Exp1","mixed","IP",0,1.37534390122875,0.2499387808163,1.37363333174537,0.2893628762292,0,-0.0331124629168532,0.2893628762292,0.7106371237708,0.2893628762292,0.2893628762292,"all","log"
"5039",5,0.8,0.837901498729479,"Exp1","mixed","IP",0,0.681844109578162,0.117513729232234,0.682338348590775,0.589342580535399,0,0.723433768953832,0.589342580535399,0.410657419464601,0.589342580535399,0.589342580535399,"all","log"
"5040",5,0.4,0.661893922665513,"Exp1","mixed","IP",0,0.5129697633112,0.122806143196291,0.513182223193708,0.589342580535399,0,0.686731326438424,0.589342580535399,0.410657419464601,0.589342580535399,0.589342580535399,"all","log"
"5041",5,1.42704853800327,1.30184957345773,"Exp1","mixed","IP",0,1.37534390122875,0.2499387808163,1.3739070635387,0.2893628762292,0,-0.0296626102303775,0.2893628762292,0.7106371237708,0.2893628762292,0.2893628762292,"all","log"
"5042",5,0.8,0.533918778126463,"Exp1","mixed","IP",0,0.681844109578162,0.117513729232234,0.681717661918534,0.589342580535399,0,0.723118568548471,0.589342580535399,0.410657419464601,0.589342580535399,0.589342580535399,"all","log"
"5043",5,0.475682846001088,0.485934241258292,"Exp1","mixed","IP",0,0.550697933360241,0.119354375575403,0.551218524565908,0.589342580535399,0,0.718042444133563,0.589342580535399,0.410657419464601,0.589342580535399,0.589342580535399,"all","log"
"5044",5,2.4,1.79786156578211,"Exp1","mixed","IP",0,1.990419659456,0.355368950930826,1.99232418507796,0.2893628762292,0,-0.381662436778718,0.2893628762292,0.7106371237708,0.2893628762292,0.2893628762292,"all","log"
"5045",5,0.672717132202972,0.765930136001771,"Exp1","mixed","IP",0,0.634906973796156,0.116733163297185,0.634474572279021,0.589342580535399,0,0.729122303051262,0.589342580535399,0.410657419464601,0.589342580535399,0.589342580535399,"all","log"
"5046",5,2.01815139660892,1.84586445190143,"Exp1","mixed","IP",0,1.7594886121659,0.31530984843405,1.76036682897022,0.2893628762292,0,-0.261290081089319,0.2893628762292,0.7106371237708,0.2893628762292,0.2893628762292,"all","log"
"5047",5,0.565685424949238,0.685941394356632,"Exp1","mixed","IP",0,0.591270510873313,0.117336725395611,0.591600342702328,0.589342580535399,0,0.72707250034916,0.589342580535399,0.410657419464601,0.589342580535399,0.589342580535399,"all","log"
"5048",5,2.01815139660892,1.74187768824231,"Exp1","mixed","IP",0,1.7594886121659,0.31530984843405,1.75881408953071,0.2893628762292,0,-0.267675219662928,0.2893628762292,0.7106371237708,0.2893628762292,0.2893628762292,"all","log"
"5049",5,0.672717132202972,0.981945611574702,"Exp1","mixed","IP",0,0.634906973796156,0.116733163297185,0.635169970804831,0.589342580535399,0,0.734229137740699,0.589342580535399,0.410657419464601,0.589342580535399,0.589342580535399,"all","log"
"5050",5,0.672717132202972,0.48597591582984,"Exp1","mixed","IP",0,0.634906973796156,0.116733163297185,0.633820152031024,0.589342580535399,0,0.738818886237199,0.589342580535399,0.410657419464601,0.589342580535399,0.589342580535399,"all","log"
"5051",5,1.69705627484772,1.14991186139105,"Exp1","mixed","IP",0,1.5555189683362,0.280322296142072,1.55440886344904,0.2893628762292,0,-0.144269743942243,0.2893628762292,0.7106371237708,0.2893628762292,0.2893628762292,"all","log"
"5052",5,2.4,1.54986427773838,"Exp1","mixed","IP",0,1.990419659456,0.355368950930826,1.99196747519281,0.2893628762292,0,-0.379467514108712,0.2893628762292,0.7106371237708,0.2893628762292,0.2893628762292,"all","log"
"5053",5,0.475682846001088,0.694099969209674,"Exp1","mixed","IP",0,0.550697933360241,0.119354375575403,0.55036337827764,0.589342580535399,0,0.715067486826157,0.589342580535399,0.410657419464601,0.589342580535399,0.589342580535399,"all","log"
"5054",5,1.2,1.16590867670766,"Exp1","mixed","IP",0,1.21617072059492,0.223782582509154,1.21803621575652,0.2893628762292,0,0.0787763489510447,0.2893628762292,0.7106371237708,0.2893628762292,0.2893628762292,"all","log"
"5055",5,0.4,0.525997188520705,"Exp1","mixed","IP",0,0.5129697633112,0.122806143196291,0.512281797426821,0.589342580535399,0,0.684658172965426,0.589342580535399,0.410657419464601,0.589342580535399,0.589342580535399,"all","log"
"5056",5,0.565685424949238,0.701953448880886,"Exp1","mixed","IP",0,0.591270510873313,0.117336725395611,0.591526497201357,0.589342580535399,0,0.725005030997423,0.589342580535399,0.410657419464601,0.589342580535399,0.589342580535399,"all","log"
"5057",5,0.4,0.917930670929309,"Exp1","mixed","IP",0,0.5129697633112,0.122806143196291,0.512945503653159,0.589342580535399,0,0.685324526479455,0.589342580535399,0.410657419464601,0.589342580535399,0.589342580535399,"all","log"
"5058",5,1.2,1.29390652455822,"Exp1","mixed","IP",0,1.21617072059492,0.223782582509154,1.2154461335436,0.2893628762292,0,0.0806241260757237,0.2893628762292,0.7106371237708,0.2893628762292,0.2893628762292,"all","log"
"5059",5,2.4,2.4538597495166,"Exp1","mixed","IP",0,1.990419659456,0.355368950930826,1.99103681726889,0.2893628762292,0,-0.381413138766913,0.2893628762292,0.7106371237708,0.2893628762292,0.2893628762292,"all","log"
"5060",5,1.69705627484772,1.28589816476324,"Exp1","mixed","IP",0,1.5555189683362,0.280322296142072,1.55401146699735,0.2893628762292,0,-0.150744197482253,0.2893628762292,0.7106371237708,0.2893628762292,0.2893628762292,"all","log"
"5061",6,0.475682846001088,0.597901947185619,"Exp1","mixed","IP",0,0.567583776978615,0.0847986545406841,0.567470052738903,0.885672332761909,0,1.04444443922547,0.885672332761909,0.114327667238091,0.885672332761909,0.885672332761909,"all","log"
"5062",6,1.2,1.3979327364159,"Exp1","mixed","IP",0,1.34729572501719,0.203919101089602,1.34720659320162,0.443962186602572,0,0.175815388857027,0.443962186602572,0.556037813397428,0.443962186602572,0.443962186602572,"all","log"
"5063",6,0.475682846001088,0.725887491797039,"Exp1","mixed","IP",0,0.567583776978615,0.0847986545406841,0.567951274828008,0.885672332761909,0,1.05098264106884,0.885672332761909,0.114327667238091,0.885672332761909,0.885672332761909,"all","log"
"5064",6,1.69705627484772,1.50989948404685,"Exp1","mixed","IP",0,1.63338197247994,0.243601500573345,1.63375536681372,0.443962186602572,0,-0.00639275001190674,0.443962186602572,0.556037813397428,0.443962186602572,0.443962186602572,"all","log"
"5065",6,1.42704853800327,1.52598887855629,"Exp1","mixed","IP",0,1.48340104179272,0.222585470731796,1.48290025323317,0.443962186602572,0,0.0862035243899162,0.443962186602572,0.556037813397428,0.443962186602572,0.443962186602572,"all","log"
"5066",6,0.4,0.541896647705926,"Exp1","mixed","IP",0,0.556485556473673,0.0905999916200202,0.5566768414635,0.885672332761909,0,0.990706241824771,0.885672332761909,0.114327667238091,0.885672332761909,0.885672332761909,"all","log"
"5067",6,0.475682846001088,0.549959072092861,"Exp1","mixed","IP",0,0.567583776978615,0.0847986545406841,0.567869837470892,0.885672332761909,0,1.05182693308889,0.885672332761909,0.114327667238091,0.885672332761909,0.885672332761909,"all","log"
"5068",6,0.672717132202972,0.733891136744205,"Exp1","mixed","IP",0,0.590523897902477,0.0751527212594142,0.590117305353338,0.885672332761909,0,1.16569205592149,0.885672332761909,0.114327667238091,0.885672332761909,0.885672332761909,"all","log"
"5069",6,2.01815139660892,1.66188290140281,"Exp1","mixed","IP",0,1.79866575550503,0.267108311818452,1.79873056292021,0.443962186602572,0,-0.0925447514387704,0.443962186602572,0.556037813397428,0.443962186602572,0.443962186602572,"all","log"
"5070",6,0.4,0.75785604324119,"Exp1","mixed","IP",0,0.556485556473673,0.0905999916200202,0.556705334859921,0.885672332761909,0,0.989646101046557,0.885672332761909,0.114327667238091,0.885672332761909,0.885672332761909,"all","log"
"5071",6,1.69705627484772,1.58988275212141,"Exp1","mixed","IP",0,1.63338197247994,0.243601500573345,1.63247217301973,0.443962186602572,0,-0.00423738636350938,0.443962186602572,0.556037813397428,0.443962186602572,0.443962186602572,"all","log"
"5072",6,0.4,0.65397224615208,"Exp1","mixed","IP",0,0.556485556473673,0.0905999916200202,0.556297542003878,0.885672332761909,0,0.985160882710664,0.885672332761909,0.114327667238091,0.885672332761909,0.885672332761909,"all","log"
"5073",6,1.2,0.97392428959256,"Exp1","mixed","IP",0,1.34729572501719,0.203919101089602,1.34572379244396,0.443962186602572,0,0.175080701962862,0.443962186602572,0.556037813397428,0.443962186602572,0.443962186602572,"all","log"
"5074",6,0.4,0.645990371367589,"Exp1","mixed","IP",0,0.556485556473673,0.0905999916200202,0.555830798232708,0.885672332761909,0,0.983050475767905,0.885672332761909,0.114327667238091,0.885672332761909,0.885672332761909,"all","log"
"5075",6,1.2,1.08588388417002,"Exp1","mixed","IP",0,1.34729572501719,0.203919101089602,1.34646499533795,0.443962186602572,0,0.170361862380657,0.443962186602572,0.556037813397428,0.443962186602572,0.443962186602572,"all","log"
"5076",6,1.69705627484772,1.50189646110448,"Exp1","mixed","IP",0,1.63338197247994,0.243601500573345,1.63297115018888,0.443962186602572,0,-0.00599644670214242,0.443962186602572,0.556037813397428,0.443962186602572,0.443962186602572,"all","log"
"5077",6,0.565685424949238,0.51789659794531,"Exp1","mixed","IP",0,0.578927926414286,0.0796644533618971,0.579544585808631,0.885672332761909,0,1.10456552306864,0.885672332761909,0.114327667238091,0.885672332761909,0.885672332761909,"all","log"
"5078",6,2.01815139660892,1.42988511573958,"Exp1","mixed","IP",0,1.79866575550503,0.267108311818452,1.80047424573803,0.443962186602572,0,-0.0999492116402817,0.443962186602572,0.556037813397428,0.443962186602572,0.443962186602572,"all","log"
"5079",6,0.565685424949238,0.701963637607605,"Exp1","mixed","IP",0,0.578927926414286,0.0796644533618971,0.578519345306756,0.885672332761909,0,1.11561877755688,0.885672332761909,0.114327667238091,0.885672332761909,0.885672332761909,"all","log"
"5080",6,0.8,0.581892480274746,"Exp1","mixed","IP",0,0.602377735118449,0.0712210169740917,0.602690521609734,0.885672332761909,0,1.22348509492164,0.885672332761909,0.114327667238091,0.885672332761909,0.885672332761909,"all","log"
"5081",6,0.672717132202972,0.729884182732349,"Exp1","mixed","IP",0,0.590523897902477,0.0751527212594142,0.590412245720233,0.885672332761909,0,1.17363065591092,0.885672332761909,0.114327667238091,0.885672332761909,0.885672332761909,"all","log"
"5082",6,0.8,0.813879380856179,"Exp1","mixed","IP",0,0.602377735118449,0.0712210169740917,0.602603189853025,0.885672332761909,0,1.22508194164248,0.885672332761909,0.114327667238091,0.885672332761909,0.885672332761909,"all","log"
"5083",6,2.01815139660892,1.32588842480391,"Exp1","mixed","IP",0,1.79866575550503,0.267108311818452,1.79999178998209,0.443962186602572,0,-0.0953232108968187,0.443962186602572,0.556037813397428,0.443962186602572,0.443962186602572,"all","log"
"5084",6,0.672717132202972,0.773858979103352,"Exp1","mixed","IP",0,0.590523897902477,0.0751527212594142,0.590278464633969,0.885672332761909,0,1.16888250387845,0.885672332761909,0.114327667238091,0.885672332761909,0.885672332761909,"all","log"
"5085",6,2.4,1.8939086772757,"Exp1","mixed","IP",0,1.98082771639112,0.293283025621955,1.98052541097121,0.443962186602572,0,-0.190655630462837,0.443962186602572,0.556037813397428,0.443962186602572,0.443962186602572,"all","log"
"5086",6,2.4,1.78985600592114,"Exp1","mixed","IP",0,1.98082771639112,0.293283025621955,1.97942780663188,0.443962186602572,0,-0.196131348984313,0.443962186602572,0.556037813397428,0.443962186602572,0.443962186602572,"all","log"
"5087",6,1.2,1.34992828286249,"Exp1","mixed","IP",0,1.34729572501719,0.203919101089602,1.34742129623809,0.443962186602572,0,0.179573788980192,0.443962186602572,0.556037813397428,0.443962186602572,0.443962186602572,"all","log"
"5088",6,2.01815139660892,1.93385972550914,"Exp1","mixed","IP",0,1.79866575550503,0.267108311818452,1.7984355542361,0.443962186602572,0,-0.0967989450408654,0.443962186602572,0.556037813397428,0.443962186602572,0.443962186602572,"all","log"
"5089",6,0.672717132202972,0.693980518813532,"Exp1","mixed","IP",0,0.590523897902477,0.0751527212594142,0.590610575134584,0.885672332761909,0,1.17393215051452,0.885672332761909,0.114327667238091,0.885672332761909,0.885672332761909,"all","log"
"5090",6,1.69705627484772,1.28208623472574,"Exp1","mixed","IP",0,1.63338197247994,0.243601500573345,1.63498258528639,0.443962186602572,0,-0.00304395879941548,0.443962186602572,0.556037813397428,0.443962186602572,0.443962186602572,"all","log"
"5091",6,1.42704853800327,1.42989475681134,"Exp1","mixed","IP",0,1.48340104179272,0.222585470731796,1.48327864512482,0.443962186602572,0,0.0841970873777053,0.443962186602572,0.556037813397428,0.443962186602572,0.443962186602572,"all","log"
"5092",6,1.42704853800327,1.33475510121571,"Exp1","mixed","IP",0,1.48340104179272,0.222585470731796,1.48650263810735,0.443962186602572,0,0.0869439897636818,0.443962186602572,0.556037813397428,0.443962186602572,0.443962186602572,"all","log"
"5093",6,0.8,1.03784677537215,"Exp1","mixed","IP",0,0.602377735118449,0.0712210169740917,0.602147370783392,0.885672332761909,0,1.22576940947604,0.885672332761909,0.114327667238091,0.885672332761909,0.885672332761909,"all","log"
"5094",6,2.4,2.06989090038269,"Exp1","mixed","IP",0,1.98082771639112,0.293283025621955,1.98012257953494,0.443962186602572,0,-0.190812254331171,0.443962186602572,0.556037813397428,0.443962186602572,0.443962186602572,"all","log"
"5095",6,0.8,1.14990868971609,"Exp1","mixed","IP",0,0.602377735118449,0.0712210169740917,0.60214220418555,0.885672332761909,0,1.22367962427303,0.885672332761909,0.114327667238091,0.885672332761909,0.885672332761909,"all","log"
"5096",6,0.565685424949238,0.749914287757747,"Exp1","mixed","IP",0,0.578927926414286,0.0796644533618971,0.579155065942087,0.885672332761909,0,1.11490469515296,0.885672332761909,0.114327667238091,0.885672332761909,0.885672332761909,"all","log"
"5097",6,1.42704853800327,1.31790530601074,"Exp1","mixed","IP",0,1.48340104179272,0.222585470731796,1.48491310499559,0.443962186602572,0,0.0865798511563857,0.443962186602572,0.556037813397428,0.443962186602572,0.443962186602572,"all","log"
"5098",6,0.475682846001088,0.357928195781824,"Exp1","mixed","IP",0,0.567583776978615,0.0847986545406841,0.567355028487785,0.885672332761909,0,1.05143856766611,0.885672332761909,0.114327667238091,0.885672332761909,0.885672332761909,"all","log"
"5099",6,0.565685424949238,0.701906724181299,"Exp1","mixed","IP",0,0.578927926414286,0.0796644533618971,0.578774056239187,0.885672332761909,0,1.11246024144934,0.885672332761909,0.114327667238091,0.885672332761909,0.885672332761909,"all","log"
"5100",6,1.2,1.32589744387178,"Exp1","mixed","IP",0,1.34729572501719,0.203919101089602,1.34697700774949,0.443962186602572,0,0.170276281710182,0.443962186602572,0.556037813397428,0.443962186602572,0.443962186602572,"all","log"
"5101",6,0.565685424949238,0.677933731623398,"Exp1","mixed","IP",0,0.578927926414286,0.0796644533618971,0.57875182477197,0.885672332761909,0,1.11578809592938,0.885672332761909,0.114327667238091,0.885672332761909,0.885672332761909,"all","log"
"5102",6,0.8,0.677924090551187,"Exp1","mixed","IP",0,0.602377735118449,0.0712210169740917,0.602001246696073,0.885672332761909,0,1.22586775613696,0.885672332761909,0.114327667238091,0.885672332761909,0.885672332761909,"all","log"
"5103",6,0.4,0.469883125324486,"Exp1","mixed","IP",0,0.556485556473673,0.0905999916200202,0.556459627257903,0.885672332761909,0,0.98693116221018,0.885672332761909,0.114327667238091,0.885672332761909,0.885672332761909,"all","log"
"5104",6,2.4,1.31792054512471,"Exp1","mixed","IP",0,1.98082771639112,0.293283025621955,1.98108209026982,0.443962186602572,0,-0.18920900311049,0.443962186602572,0.556037813397428,0.443962186602572,0.443962186602572,"all","log"
"5105",6,0.565685424949238,0.885885439181493,"Exp1","mixed","IP",0,0.578927926414286,0.0796644533618971,0.578794372292555,0.885672332761909,0,1.11407712036206,0.885672332761909,0.114327667238091,0.885672332761909,0.885672332761909,"all","log"
"5106",6,0.8,0.989873422051915,"Exp1","mixed","IP",0,0.602377735118449,0.0712210169740917,0.602243782937369,0.885672332761909,0,1.22386550846308,0.885672332761909,0.114327667238091,0.885672332761909,0.885672332761909,"all","log"
"5107",6,0.672717132202972,0.805920520244399,"Exp1","mixed","IP",0,0.590523897902477,0.0751527212594142,0.591228972841515,0.885672332761909,0,1.17141419958177,0.885672332761909,0.114327667238091,0.885672332761909,0.885672332761909,"all","log"
"5108",6,1.42704853800327,1.21393940430562,"Exp1","mixed","IP",0,1.48340104179272,0.222585470731796,1.48433676296489,0.443962186602572,0,0.0853993061432809,0.443962186602572,0.556037813397428,0.443962186602572,0.443962186602572,"all","log"
"5109",6,1.42704853800327,1.42183264342611,"Exp1","mixed","IP",0,1.48340104179272,0.222585470731796,1.48046955523185,0.443962186602572,0,0.0842181128944681,0.443962186602572,0.556037813397428,0.443962186602572,0.443962186602572,"all","log"
"5110",6,0.672717132202972,0.77393206465058,"Exp1","mixed","IP",0,0.590523897902477,0.0751527212594142,0.590555355123665,0.885672332761909,0,1.17375288231379,0.885672332761909,0.114327667238091,0.885672332761909,0.885672332761909,"all","log"
"5111",6,2.01815139660892,1.24592599388552,"Exp1","mixed","IP",0,1.79866575550503,0.267108311818452,1.79778868088986,0.443962186602572,0,-0.0925922259398723,0.443962186602572,0.556037813397428,0.443962186602572,0.443962186602572,"all","log"
"5112",6,2.4,2.12588282676188,"Exp1","mixed","IP",0,1.98082771639112,0.293283025621955,1.98332598716033,0.443962186602572,0,-0.191895743114531,0.443962186602572,0.556037813397428,0.443962186602572,0.443962186602572,"all","log"
"5113",6,1.69705627484772,1.76586715224494,"Exp1","mixed","IP",0,1.63338197247994,0.243601500573345,1.6315244620666,0.443962186602572,0,-0.00385783073853608,0.443962186602572,0.556037813397428,0.443962186602572,0.443962186602572,"all","log"
"5114",6,0.475682846001088,0.677922224536815,"Exp1","mixed","IP",0,0.567583776978615,0.0847986545406841,0.567683146148648,0.885672332761909,0,1.05295168869964,0.885672332761909,0.114327667238091,0.885672332761909,0.885672332761909,"all","log"
"5115",6,0.475682846001088,0.55790673662159,"Exp1","mixed","IP",0,0.567583776978615,0.0847986545406841,0.567323372154783,0.885672332761909,0,1.04929442100308,0.885672332761909,0.114327667238091,0.885672332761909,0.885672332761909,"all","log"
"5116",6,0.672717132202972,0.637899023763566,"Exp1","mixed","IP",0,0.590523897902477,0.0751527212594142,0.590600434089477,0.885672332761909,0,1.1725742284118,0.885672332761909,0.114327667238091,0.885672332761909,0.885672332761909,"all","log"
"5117",6,0.565685424949238,0.717900018970795,"Exp1","mixed","IP",0,0.578927926414286,0.0796644533618971,0.578417118322627,0.885672332761909,0,1.11076599385225,0.885672332761909,0.114327667238091,0.885672332761909,0.885672332761909,"all","log"
"5118",6,1.42704853800327,1.29387197900087,"Exp1","mixed","IP",0,1.48340104179272,0.222585470731796,1.48607034427496,0.443962186602572,0,0.0858355093817908,0.443962186602572,0.556037813397428,0.443962186602572,0.443962186602572,"all","log"
"5119",6,2.01815139660892,1.35789398552515,"Exp1","mixed","IP",0,1.79866575550503,0.267108311818452,1.80038709602107,0.443962186602572,0,-0.0952216292837621,0.443962186602572,0.556037813397428,0.443962186602572,0.443962186602572,"all","log"
"5120",6,2.4,1.71789597594034,"Exp1","mixed","IP",0,1.98082771639112,0.293283025621955,1.98123733199146,0.443962186602572,0,-0.193042732736466,0.443962186602572,0.556037813397428,0.443962186602572,0.443962186602572,"all","log"
"5121",6,0.8,0.845886807592251,"Exp1","mixed","IP",0,0.602377735118449,0.0712210169740917,0.60193506089914,0.885672332761909,0,1.22635921356009,0.885672332761909,0.114327667238091,0.885672332761909,0.885672332761909,"all","log"
"5122",6,0.475682846001088,0.709915345165427,"Exp1","mixed","IP",0,0.567583776978615,0.0847986545406841,0.567709713864864,0.885672332761909,0,1.05376688581907,0.885672332761909,0.114327667238091,0.885672332761909,0.885672332761909,"all","log"
"5123",6,1.69705627484772,1.18989550321658,"Exp1","mixed","IP",0,1.63338197247994,0.243601500573345,1.63137639304408,0.443962186602572,0,-0.00694988281673088,0.443962186602572,0.556037813397428,0.443962186602572,0.443962186602572,"all","log"
"5124",6,1.42704853800327,1.51016165901092,"Exp1","mixed","IP",0,1.48340104179272,0.222585470731796,1.48485740681425,0.443962186602572,0,0.0830686614935283,0.443962186602572,0.556037813397428,0.443962186602572,0.443962186602572,"all","log"
"5125",6,0.4,0.651450639265022,"Exp1","mixed","IP",0,0.556485556473673,0.0905999916200202,0.557098931204424,0.885672332761909,0,0.98607798965066,0.885672332761909,0.114327667238091,0.885672332761909,0.885672332761909,"all","log"
"5126",6,0.4,0.58201874721999,"Exp1","mixed","IP",0,0.556485556473673,0.0905999916200202,0.557130138841299,0.885672332761909,0,0.982232134140649,0.885672332761909,0.114327667238091,0.885672332761909,0.885672332761909,"all","log"
"5127",6,1.69705627484772,1.34189260467519,"Exp1","mixed","IP",0,1.63338197247994,0.243601500573345,1.63128152058026,0.443962186602572,0,-0.0033534436924044,0.443962186602572,0.556037813397428,0.443962186602572,0.443962186602572,"all","log"
"5128",6,2.01815139660892,1.40586391782017,"Exp1","mixed","IP",0,1.79866575550503,0.267108311818452,1.79777987011004,0.443962186602572,0,-0.0928452656994808,0.443962186602572,0.556037813397428,0.443962186602572,0.443962186602572,"all","log"
"5129",6,2.01815139660892,1.38991105333389,"Exp1","mixed","IP",0,1.79866575550503,0.267108311818452,1.7994941975642,0.443962186602572,0,-0.098086285553969,0.443962186602572,0.556037813397428,0.443962186602572,0.443962186602572,"all","log"
"5130",6,1.2,1.42195922137489,"Exp1","mixed","IP",0,1.34729572501719,0.203919101089602,1.34655902445941,0.443962186602572,0,0.173058774537938,0.443962186602572,0.556037813397428,0.443962186602572,0.443962186602572,"all","log"
"5131",6,0.672717132202972,0.813959308454287,"Exp1","mixed","IP",0,0.590523897902477,0.0751527212594142,0.590503323733021,0.885672332761909,0,1.16986569026406,0.885672332761909,0.114327667238091,0.885672332761909,0.885672332761909,"all","log"
"5132",6,0.8,0.813977657592659,"Exp1","mixed","IP",0,0.602377735118449,0.0712210169740917,0.602697694625773,0.885672332761909,0,1.23034575057888,0.885672332761909,0.114327667238091,0.885672332761909,0.885672332761909,"all","log"
"5133",6,0.672717132202972,0.741903800759246,"Exp1","mixed","IP",0,0.590523897902477,0.0751527212594142,0.590572562204851,0.885672332761909,0,1.17073885561888,0.885672332761909,0.114327667238091,0.885672332761909,0.885672332761909,"all","log"
"5134",6,0.4,0.605859563787817,"Exp1","mixed","IP",0,0.556485556473673,0.0905999916200202,0.556514006781164,0.885672332761909,0,0.985378743741999,0.885672332761909,0.114327667238091,0.885672332761909,0.885672332761909,"all","log"
"5135",6,0.4,0.718002338737278,"Exp1","mixed","IP",0,0.556485556473673,0.0905999916200202,0.556785886163155,0.885672332761909,0,0.98693910456133,0.885672332761909,0.114327667238091,0.885672332761909,0.885672332761909,"all","log"
"5136",6,0.565685424949238,0.461908403593952,"Exp1","mixed","IP",0,0.578927926414286,0.0796644533618971,0.579299904603409,0.885672332761909,0,1.11705408012008,0.885672332761909,0.114327667238091,0.885672332761909,0.885672332761909,"all","log"
"5137",6,1.69705627484772,1.25394581095406,"Exp1","mixed","IP",0,1.63338197247994,0.243601500573345,1.63237190140796,0.443962186602572,0,-0.00460390068292879,0.443962186602572,0.556037813397428,0.443962186602572,0.443962186602572,"all","log"
"5138",6,1.2,1.30190579117425,"Exp1","mixed","IP",0,1.34729572501719,0.203919101089602,1.34629757409736,0.443962186602572,0,0.171756004853101,0.443962186602572,0.556037813397428,0.443962186602572,0.443962186602572,"all","log"
"5139",6,2.01815139660892,1.43789560273763,"Exp1","mixed","IP",0,1.79866575550503,0.267108311818452,1.79896973570331,0.443962186602572,0,-0.0996447369749856,0.443962186602572,0.556037813397428,0.443962186602572,0.443962186602572,"all","log"
"5140",6,0.475682846001088,0.493942887532285,"Exp1","mixed","IP",0,0.567583776978615,0.0847986545406841,0.567022291313779,0.885672332761909,0,1.04590671794229,0.885672332761909,0.114327667238091,0.885672332761909,0.885672332761909,"all","log"
"5141",6,0.672717132202972,0.661909958605975,"Exp1","mixed","IP",0,0.590523897902477,0.0751527212594142,0.591059702637652,0.885672332761909,0,1.17025377850425,0.885672332761909,0.114327667238091,0.885672332761909,0.885672332761909,"all","log"
"5142",6,0.4,0.693798582451564,"Exp1","mixed","IP",0,0.556485556473673,0.0905999916200202,0.556210738223912,0.885672332761909,0,0.983711448947309,0.885672332761909,0.114327667238091,0.885672332761909,0.885672332761909,"all","log"
"5143",6,0.475682846001088,0.677956123791773,"Exp1","mixed","IP",0,0.567583776978615,0.0847986545406841,0.567356519071599,0.885672332761909,0,1.05139237209634,0.885672332761909,0.114327667238091,0.885672332761909,0.885672332761909,"all","log"
"5144",6,2.01815139660892,1.75786848333519,"Exp1","mixed","IP",0,1.79866575550503,0.267108311818452,1.7998921753474,0.443962186602572,0,-0.096714754522245,0.443962186602572,0.556037813397428,0.443962186602572,0.443962186602572,"all","log"
"5145",6,2.4,1.98986191496533,"Exp1","mixed","IP",0,1.98082771639112,0.293283025621955,1.97899578657037,0.443962186602572,0,-0.188104448784151,0.443962186602572,0.556037813397428,0.443962186602572,0.443962186602572,"all","log"
"5146",6,0.475682846001088,0.693939466505981,"Exp1","mixed","IP",0,0.567583776978615,0.0847986545406841,0.567750660420952,0.885672332761909,0,1.0522007868536,0.885672332761909,0.114327667238091,0.885672332761909,0.885672332761909,"all","log"
"5147",6,1.2,1.30990788111012,"Exp1","mixed","IP",0,1.34729572501719,0.203919101089602,1.34803912888371,0.443962186602572,0,0.175372505879928,0.443962186602572,0.556037813397428,0.443962186602572,0.443962186602572,"all","log"
"5148",6,1.42704853800327,1.25019481185882,"Exp1","mixed","IP",0,1.48340104179272,0.222585470731796,1.48428929474665,0.443962186602572,0,0.081451153572438,0.443962186602572,0.556037813397428,0.443962186602572,0.443962186602572,"all","log"
"5149",6,0.8,0.7338768306372,"Exp1","mixed","IP",0,0.602377735118449,0.0712210169740917,0.602532211601151,0.885672332761909,0,1.22697308800485,0.885672332761909,0.114327667238091,0.885672332761909,0.885672332761909,"all","log"
"5150",6,1.69705627484772,1.41389088794222,"Exp1","mixed","IP",0,1.63338197247994,0.243601500573345,1.63211926830929,0.443962186602572,0,-0.00435031024119575,0.443962186602572,0.556037813397428,0.443962186602572,0.443962186602572,"all","log"
"5151",6,1.42704853800327,1.18191393943562,"Exp1","mixed","IP",0,1.48340104179272,0.222585470731796,1.4838470974346,0.443962186602572,0,0.0846962084678755,0.443962186602572,0.556037813397428,0.443962186602572,0.443962186602572,"all","log"
"5152",6,0.565685424949238,0.973885103299835,"Exp1","mixed","IP",0,0.578927926414286,0.0796644533618971,0.578981210908736,0.885672332761909,0,1.1131805397387,0.885672332761909,0.114327667238091,0.885672332761909,0.885672332761909,"all","log"
"5153",6,1.2,1.23787538758643,"Exp1","mixed","IP",0,1.34729572501719,0.203919101089602,1.34742920417184,0.443962186602572,0,0.176790192834333,0.443962186602572,0.556037813397428,0.443962186602572,0.443962186602572,"all","log"
"5154",6,2.4,1.60586951586265,"Exp1","mixed","IP",0,1.98082771639112,0.293283025621955,1.9797533317712,0.443962186602572,0,-0.191725983716193,0.443962186602572,0.556037813397428,0.443962186602572,0.443962186602572,"all","log"
"5155",6,0.672717132202972,0.941905666772982,"Exp1","mixed","IP",0,0.590523897902477,0.0751527212594142,0.590772654039505,0.885672332761909,0,1.16984689422833,0.885672332761909,0.114327667238091,0.885672332761909,0.885672332761909,"all","log"
"5156",6,1.42704853800327,1.10997070358098,"Exp1","mixed","IP",0,1.48340104179272,0.222585470731796,1.48563870143774,0.443962186602572,0,0.0902841422781328,0.443962186602572,0.556037813397428,0.443962186602572,0.443962186602572,"all","log"
"5157",6,1.69705627484772,1.23794536311107,"Exp1","mixed","IP",0,1.63338197247994,0.243601500573345,1.63249578947067,0.443962186602572,0,-0.00831064397299382,0.443962186602572,0.556037813397428,0.443962186602572,0.443962186602572,"all","log"
"5158",6,1.69705627484772,1.30990072805616,"Exp1","mixed","IP",0,1.63338197247994,0.243601500573345,1.63563301824143,0.443962186602572,0,-0.00131835365759348,0.443962186602572,0.556037813397428,0.443962186602572,0.443962186602572,"all","log"
"5159",6,2.4,1.83796931028974,"Exp1","mixed","IP",0,1.98082771639112,0.293283025621955,1.98044568064141,0.443962186602572,0,-0.197163565045044,0.443962186602572,0.556037813397428,0.443962186602572,0.443962186602572,"all","log"
"5160",6,1.42704853800327,0.95792632976827,"Exp1","mixed","IP",0,1.48340104179272,0.222585470731796,1.48357876656747,0.443962186602572,0,0.0856687756101192,0.443962186602572,0.556037813397428,0.443962186602572,0.443962186602572,"all","log"
"5161",6,2.01815139660892,1.65386650535947,"Exp1","mixed","IP",0,1.79866575550503,0.267108311818452,1.79606793493756,0.443962186602572,0,-0.0989483355682188,0.443962186602572,0.556037813397428,0.443962186602572,0.443962186602572,"all","log"
"5162",6,1.2,1.51789068890139,"Exp1","mixed","IP",0,1.34729572501719,0.203919101089602,1.347116934743,0.443962186602572,0,0.168301206500581,0.443962186602572,0.556037813397428,0.443962186602572,0.443962186602572,"all","log"
"5163",6,2.4,1.95790518160902,"Exp1","mixed","IP",0,1.98082771639112,0.293283025621955,1.9794931217553,0.443962186602572,0,-0.187889438670551,0.443962186602572,0.556037813397428,0.443962186602572,0.443962186602572,"all","log"
"5164",6,0.8,0.669902718471349,"Exp1","mixed","IP",0,0.602377735118449,0.0712210169740917,0.602431677996383,0.885672332761909,0,1.22624876965931,0.885672332761909,0.114327667238091,0.885672332761909,0.885672332761909,"all","log"
"5165",6,0.565685424949238,0.693920806366805,"Exp1","mixed","IP",0,0.578927926414286,0.0796644533618971,0.579352923666255,0.885672332761909,0,1.11135516899774,0.885672332761909,0.114327667238091,0.885672332761909,0.885672332761909,"all","log"
"5166",6,2.01815139660892,1.73390450984516,"Exp1","mixed","IP",0,1.79866575550503,0.267108311818452,1.79643094767074,0.443962186602572,0,-0.0956640632443594,0.443962186602572,0.556037813397428,0.443962186602572,0.443962186602572,"all","log"
"5167",6,0.565685424949238,0.709911924140215,"Exp1","mixed","IP",0,0.578927926414286,0.0796644533618971,0.579526838352913,0.885672332761909,0,1.11647781131186,0.885672332761909,0.114327667238091,0.885672332761909,0.885672332761909,"all","log"
"5168",6,2.01815139660892,1.53393592108023,"Exp1","mixed","IP",0,1.79866575550503,0.267108311818452,1.79970092099187,0.443962186602572,0,-0.0946326013688326,0.443962186602572,0.556037813397428,0.443962186602572,0.443962186602572,"all","log"
"5169",6,1.2,1.36585751117309,"Exp1","mixed","IP",0,1.34729572501719,0.203919101089602,1.34734217161301,0.443962186602572,0,0.171355828200772,0.443962186602572,0.556037813397428,0.443962186602572,0.443962186602572,"all","log"
"5170",6,0.8,0.877920047521002,"Exp1","mixed","IP",0,0.602377735118449,0.0712210169740917,0.602261395027613,0.885672332761909,0,1.22591766011911,0.885672332761909,0.114327667238091,0.885672332761909,0.885672332761909,"all","log"
"5171",6,0.672717132202972,0.741940810036795,"Exp1","mixed","IP",0,0.590523897902477,0.0751527212594142,0.590317927247475,0.885672332761909,0,1.16874991746358,0.885672332761909,0.114327667238091,0.885672332761909,0.885672332761909,"all","log"
"5172",6,0.475682846001088,0.437942253087385,"Exp1","mixed","IP",0,0.567583776978615,0.0847986545406841,0.56819217182937,0.885672332761909,0,1.04913496884381,0.885672332761909,0.114327667238091,0.885672332761909,0.885672332761909,"all","log"
"5173",6,0.4,0.485888238203188,"Exp1","mixed","IP",0,0.556485556473673,0.0905999916200202,0.556822772226747,0.885672332761909,0,0.989535121213319,0.885672332761909,0.114327667238091,0.885672332761909,0.885672332761909,"all","log"
"5174",6,0.4,0.478635663881505,"Exp1","mixed","IP",0,0.556485556473673,0.0905999916200202,0.556477685507605,0.885672332761909,0,0.988344977241153,0.885672332761909,0.114327667238091,0.885672332761909,0.885672332761909,"all","log"
"5175",6,0.8,0.557940013870393,"Exp1","mixed","IP",0,0.602377735118449,0.0712210169740917,0.601794117738514,0.885672332761909,0,1.22553444623477,0.885672332761909,0.114327667238091,0.885672332761909,0.885672332761909,"all","log"
"5176",6,0.672717132202972,0.813977657592659,"Exp1","mixed","IP",0,0.590523897902477,0.0751527212594142,0.591160498723715,0.885672332761909,0,1.17406056705492,0.885672332761909,0.114327667238091,0.885672332761909,0.885672332761909,"all","log"
"5177",6,0.475682846001088,0.661938881821698,"Exp1","mixed","IP",0,0.567583776978615,0.0847986545406841,0.567653654123561,0.885672332761909,0,1.0507728164781,0.885672332761909,0.114327667238091,0.885672332761909,0.885672332761909,"all","log"
"5178",6,0.565685424949238,0.765938371778248,"Exp1","mixed","IP",0,0.578927926414286,0.0796644533618971,0.578879094028183,0.885672332761909,0,1.11719581006676,0.885672332761909,0.114327667238091,0.885672332761909,0.885672332761909,"all","log"
"5179",6,1.2,1.37388945733255,"Exp1","mixed","IP",0,1.34729572501719,0.203919101089602,1.34679958210068,0.443962186602572,0,0.173002139440869,0.443962186602572,0.556037813397428,0.443962186602572,0.443962186602572,"all","log"
"5180",6,2.4,1.90992871826529,"Exp1","mixed","IP",0,1.98082771639112,0.293283025621955,1.97888121324356,0.443962186602572,0,-0.187563722685481,0.443962186602572,0.556037813397428,0.443962186602572,0.443962186602572,"all","log"
"5181",6,1.69705627484772,1.3019602165823,"Exp1","mixed","IP",0,1.63338197247994,0.243601500573345,1.63322215316236,0.443962186602572,0,-0.00924301799967533,0.443962186602572,0.556037813397428,0.443962186602572,0.443962186602572,"all","log"
"5182",6,2.01815139660892,1.88586398002099,"Exp1","mixed","IP",0,1.79866575550503,0.267108311818452,1.79921958309667,0.443962186602572,0,-0.0986154628951895,0.443962186602572,0.556037813397428,0.443962186602572,0.443962186602572,"all","log"
"5183",6,1.2,0.893881931075157,"Exp1","mixed","IP",0,1.34729572501719,0.203919101089602,1.34613178223739,0.443962186602572,0,0.171350168007406,0.443962186602572,0.556037813397428,0.443962186602572,0.443962186602572,"all","log"
"5184",6,0.8,0.589974808811348,"Exp1","mixed","IP",0,0.602377735118449,0.0712210169740917,0.602480313411462,0.885672332761909,0,1.22896685225694,0.885672332761909,0.114327667238091,0.885672332761909,0.885672332761909,"all","log"
"5185",6,0.8,0.709887354956663,"Exp1","mixed","IP",0,0.602377735118449,0.0712210169740917,0.602304530606376,0.885672332761909,0,1.22570125081725,0.885672332761909,0.114327667238091,0.885672332761909,0.885672332761909,"all","log"
"5186",6,2.4,2.11790934904093,"Exp1","mixed","IP",0,1.98082771639112,0.293283025621955,1.98234265494723,0.443962186602572,0,-0.189414996890673,0.443962186602572,0.556037813397428,0.443962186602572,0.443962186602572,"all","log"
"5187",6,0.565685424949238,0.717899085963836,"Exp1","mixed","IP",0,0.578927926414286,0.0796644533618971,0.579259731964396,0.885672332761909,0,1.110146630897,0.885672332761909,0.114327667238091,0.885672332761909,0.885672332761909,"all","log"
"5188",6,1.42704853800327,1.3578946075304,"Exp1","mixed","IP",0,1.48340104179272,0.222585470731796,1.48324854104545,0.443962186602572,0,0.0866993393449989,0.443962186602572,0.556037813397428,0.443962186602572,0.443962186602572,"all","log"
"5189",6,1.42704853800327,1.49388877312686,"Exp1","mixed","IP",0,1.48340104179272,0.222585470731796,1.48376434930253,0.443962186602572,0,0.0854582607693421,0.443962186602572,0.556037813397428,0.443962186602572,0.443962186602572,"all","log"
"5190",6,0.565685424949238,0.485892903237072,"Exp1","mixed","IP",0,0.578927926414286,0.0796644533618971,0.579345835704226,0.885672332761909,0,1.11506396501023,0.885672332761909,0.114327667238091,0.885672332761909,0.885672332761909,"all","log"
"5191",6,0.4,0.357945611913237,"Exp1","mixed","IP",0,0.556485556473673,0.0905999916200202,0.556618994853409,0.885672332761909,0,0.992535540181886,0.885672332761909,0.114327667238091,0.885672332761909,0.885672332761909,"all","log"
"5192",6,2.4,2.3258921568322,"Exp1","mixed","IP",0,1.98082771639112,0.293283025621955,1.97919659986103,0.443962186602572,0,-0.193854634219119,0.443962186602572,0.556037813397428,0.443962186602572,0.443962186602572,"all","log"
"5193",6,1.69705627484772,1.55793037279818,"Exp1","mixed","IP",0,1.63338197247994,0.243601500573345,1.63415590535492,0.443962186602572,0,-0.000546959293682344,0.443962186602572,0.556037813397428,0.443962186602572,0.443962186602572,"all","log"
"5194",6,0.672717132202972,0.845885563582669,"Exp1","mixed","IP",0,0.590523897902477,0.0751527212594142,0.590920405691595,0.885672332761909,0,1.17591650922806,0.885672332761909,0.114327667238091,0.885672332761909,0.885672332761909,"all","log"
"5195",6,1.2,1.09396901172749,"Exp1","mixed","IP",0,1.34729572501719,0.203919101089602,1.34819811163072,0.443962186602572,0,0.175734880960841,0.443962186602572,0.556037813397428,0.443962186602572,0.443962186602572,"all","log"
"5196",6,1.69705627484772,1.60590683614191,"Exp1","mixed","IP",0,1.63338197247994,0.243601500573345,1.63389503461103,0.443962186602572,0,-0.00850221716876605,0.443962186602572,0.556037813397428,0.443962186602572,0.443962186602572,"all","log"
"5197",6,0.475682846001088,0.693963724688729,"Exp1","mixed","IP",0,0.567583776978615,0.0847986545406841,0.568183461561613,0.885672332761909,0,1.05112329971655,0.885672332761909,0.114327667238091,0.885672332761909,0.885672332761909,"all","log"
"5198",6,0.4,0.749885675543737,"Exp1","mixed","IP",0,0.556485556473673,0.0905999916200202,0.556533143766043,0.885672332761909,0,0.985471698448201,0.885672332761909,0.114327667238091,0.885672332761909,0.885672332761909,"all","log"
"5199",6,0.475682846001088,0.477681508734349,"Exp1","mixed","IP",0,0.567583776978615,0.0847986545406841,0.567532280529266,0.885672332761909,0,1.05822395585251,0.885672332761909,0.114327667238091,0.885672332761909,0.885672332761909,"all","log"
"5200",7,1.42704853800327,1.38185657652502,"Exp1","mixed","IP",0,1.49433878648984,0.159415729357155,1.49519451202506,0.161574122978559,0,0.416493557587862,0.161574122978559,0.838425877021441,0.161574122978559,0.161574122978559,"all","log"
"5201",7,1.42704853800327,1.54181470341882,"Exp1","mixed","IP",0,1.49433878648984,0.159415729357155,1.49389685165891,0.161574122978559,0,0.42076701426839,0.161574122978559,0.838425877021441,0.161574122978559,0.161574122978559,"all","log"
"5202",7,0.672717132202972,0.805886464915602,"Exp1","mixed","IP",0,0.635923524091853,0.0845852229493145,0.635453946000424,0.353461276515412,0,1.05078138042153,0.353461276515412,0.646538723484588,0.353461276515412,0.353461276515412,"all","log"
"5203",7,0.672717132202972,0.702031582722157,"Exp1","mixed","IP",0,0.635923524091853,0.0845852229493145,0.635770290330895,0.353461276515412,0,1.05843160542055,0.353461276515412,0.646538723484588,0.353461276515412,0.353461276515412,"all","log"
"5204",7,0.4,0.381995282743446,"Exp1","mixed","IP",0,0.454450419944853,0.0898753214851886,0.454837055895201,0.353461276515412,0,1.00167975167689,0.353461276515412,0.646538723484588,0.353461276515412,0.353461276515412,"all","log"
"5205",7,2.4,2.31782095328435,"Exp1","mixed","IP",0,2.31082039802461,0.239649616868854,2.3102251482334,0.161574122978559,0,0.0125356806425322,0.161574122978559,0.838425877021441,0.161574122978559,0.161574122978559,"all","log"
"5206",7,2.01815139660892,2.19785717862123,"Exp1","mixed","IP",0,1.99821077958107,0.208405630280073,1.99832296963045,0.161574122978559,0,0.15467363953085,0.161574122978559,0.838425877021441,0.161574122978559,0.161574122978559,"all","log"
"5207",7,1.69705627484772,1.38185222251832,"Exp1","mixed","IP",0,1.7279675742604,0.181823471895229,1.72901662439576,0.161574122978559,0,0.286632702203506,0.161574122978559,0.838425877021441,0.161574122978559,0.161574122978559,"all","log"
"5208",7,1.69705627484772,1.97382299842411,"Exp1","mixed","IP",0,1.7279675742604,0.181823471895229,1.72851333200304,0.161574122978559,0,0.284960504545839,0.161574122978559,0.838425877021441,0.161574122978559,0.161574122978559,"all","log"
"5209",7,1.2,1.301952153196,"Exp1","mixed","IP",0,1.29235474554352,0.140800173226727,1.29186912299452,0.161574122978559,0,0.539823423639791,0.161574122978559,0.838425877021441,0.161574122978559,0.161574122978559,"all","log"
"5210",7,0.8,0.861885835451176,"Exp1","mixed","IP",0,0.71137060182171,0.0859593233111582,0.711044780457392,0.353461276515412,0,1.03052753434491,0.353461276515412,0.646538723484588,0.353461276515412,0.353461276515412,"all","log"
"5211",7,0.475682846001088,0.445903084782003,"Exp1","mixed","IP",0,0.508276690834662,0.0866320859193933,0.507537836844515,0.353461276515412,0,1.02899717117389,0.353461276515412,0.646538723484588,0.353461276515412,0.353461276515412,"all","log"
"5212",7,2.4,2.36583476419491,"Exp1","mixed","IP",0,2.31082039802461,0.239649616868854,2.31149680468859,0.161574122978559,0,0.01302707879618,0.161574122978559,0.838425877021441,0.161574122978559,0.161574122978559,"all","log"
"5213",7,1.42704853800327,1.56592937054484,"Exp1","mixed","IP",0,1.49433878648984,0.159415729357155,1.49451327905317,0.161574122978559,0,0.424464236221532,0.161574122978559,0.838425877021441,0.161574122978559,0.161574122978559,"all","log"
"5214",7,0.565685424949238,0.573895026138416,"Exp1","mixed","IP",0,0.56851202155878,0.084836841730922,0.568684765239399,0.353461276515412,0,1.05093215839696,0.353461276515412,0.646538723484588,0.353461276515412,0.353461276515412,"all","log"
"5215",7,0.475682846001088,0.494063065923001,"Exp1","mixed","IP",0,0.508276690834662,0.0866320859193933,0.508381092779516,0.353461276515412,0,1.03148578136442,0.353461276515412,0.646538723484588,0.353461276515412,0.353461276515412,"all","log"
"5216",7,2.4,2.31783214930238,"Exp1","mixed","IP",0,2.31082039802461,0.239649616868854,2.31108821783974,0.161574122978559,0,0.0158490714680836,0.161574122978559,0.838425877021441,0.161574122978559,0.161574122978559,"all","log"
"5217",7,0.672717132202972,0.693866886813339,"Exp1","mixed","IP",0,0.635923524091853,0.0845852229493145,0.6360792798911,0.353461276515412,0,1.05383874391371,0.353461276515412,0.646538723484588,0.353461276515412,0.353461276515412,"all","log"
"5218",7,0.4,0.453955509513435,"Exp1","mixed","IP",0,0.454450419944853,0.0898753214851886,0.45480803891185,0.353461276515412,0,0.99684559610948,0.353461276515412,0.646538723484588,0.353461276515412,0.353461276515412,"all","log"
"5219",7,0.565685424949238,0.485953728102686,"Exp1","mixed","IP",0,0.56851202155878,0.084836841730922,0.56848195495626,0.353461276515412,0,1.05413293151558,0.353461276515412,0.646538723484588,0.353461276515412,0.353461276515412,"all","log"
"5220",7,0.8,0.885840026322512,"Exp1","mixed","IP",0,0.71137060182171,0.0859593233111582,0.711107935724487,0.353461276515412,0,1.03426132365566,0.353461276515412,0.646538723484588,0.353461276515412,0.353461276515412,"all","log"
"5221",7,1.42704853800327,1.47788979635334,"Exp1","mixed","IP",0,1.49433878648984,0.159415729357155,1.49410248909075,0.161574122978559,0,0.423268293101607,0.161574122978559,0.838425877021441,0.161574122978559,0.161574122978559,"all","log"
"5222",7,0.672717132202972,0.677907896581928,"Exp1","mixed","IP",0,0.635923524091853,0.0845852229493145,0.63637007063478,0.353461276515412,0,1.05516801459328,0.353461276515412,0.646538723484588,0.353461276515412,0.353461276515412,"all","log"
"5223",7,2.01815139660892,2.31784272331879,"Exp1","mixed","IP",0,1.99821077958107,0.208405630280073,1.99718392589368,0.161574122978559,0,0.1530107773632,0.161574122978559,0.838425877021441,0.161574122978559,0.161574122978559,"all","log"
"5224",7,0.475682846001088,0.533989931048382,"Exp1","mixed","IP",0,0.508276690834662,0.0866320859193933,0.508549416995807,0.353461276515412,0,1.03340405026942,0.353461276515412,0.646538723484588,0.353461276515412,0.353461276515412,"all","log"
"5225",7,0.4,0.453997183579304,"Exp1","mixed","IP",0,0.454450419944853,0.0898753214851886,0.453736209959041,0.353461276515412,0,0.995000478564946,0.353461276515412,0.646538723484588,0.353461276515412,0.353461276515412,"all","log"
"5226",7,0.565685424949238,0.605894799729867,"Exp1","mixed","IP",0,0.56851202155878,0.084836841730922,0.56775015827613,0.353461276515412,0,1.05227724698683,0.353461276515412,0.646538723484588,0.353461276515412,0.353461276515412,"all","log"
"5227",7,0.8,0.829977496004176,"Exp1","mixed","IP",0,0.71137060182171,0.0859593233111582,0.711193124467442,0.353461276515412,0,1.03565455655789,0.353461276515412,0.646538723484588,0.353461276515412,0.353461276515412,"all","log"
"5228",7,1.69705627484772,1.70186115445176,"Exp1","mixed","IP",0,1.7279675742604,0.181823471895229,1.72834404609906,0.161574122978559,0,0.286226133615154,0.161574122978559,0.838425877021441,0.161574122978559,0.161574122978559,"all","log"
"5229",7,1.69705627484772,1.5978762740524,"Exp1","mixed","IP",0,1.7279675742604,0.181823471895229,1.72699446910974,0.161574122978559,0,0.288166263232999,0.161574122978559,0.838425877021441,0.161574122978559,0.161574122978559,"all","log"
"5230",7,0.565685424949238,0.669973030036999,"Exp1","mixed","IP",0,0.56851202155878,0.084836841730922,0.568648393751593,0.353461276515412,0,1.05324057852464,0.353461276515412,0.646538723484588,0.353461276515412,0.353461276515412,"all","log"
"5231",7,2.01815139660892,2.09381911713808,"Exp1","mixed","IP",0,1.99821077958107,0.208405630280073,1.99874452129359,0.161574122978559,0,0.151746668610339,0.161574122978559,0.838425877021441,0.161574122978559,0.161574122978559,"all","log"
"5232",7,0.8,0.773950135425366,"Exp1","mixed","IP",0,0.71137060182171,0.0859593233111582,0.711727877533585,0.353461276515412,0,1.03295339144974,0.353461276515412,0.646538723484588,0.353461276515412,0.353461276515412,"all","log"
"5233",7,1.2,1.21388894296797,"Exp1","mixed","IP",0,1.29235474554352,0.140800173226727,1.29197755015274,0.161574122978559,0,0.537698157071949,0.161574122978559,0.838425877021441,0.161574122978559,0.161574122978559,"all","log"
"5234",7,0.4,0.333993911854122,"Exp1","mixed","IP",0,0.454450419944853,0.0898753214851886,0.454172707012531,0.353461276515412,0,0.998186475962441,0.353461276515412,0.646538723484588,0.353461276515412,0.353461276515412,"all","log"
"5235",7,2.01815139660892,2.15779596128505,"Exp1","mixed","IP",0,1.99821077958107,0.208405630280073,1.99907129330783,0.161574122978559,0,0.152538887191047,0.161574122978559,0.838425877021441,0.161574122978559,0.161574122978559,"all","log"
"5236",7,0.475682846001088,0.445962174875604,"Exp1","mixed","IP",0,0.508276690834662,0.0866320859193933,0.508172739653397,0.353461276515412,0,1.03108196402494,0.353461276515412,0.646538723484588,0.353461276515412,0.353461276515412,"all","log"
"5237",7,1.2,1.23797499804823,"Exp1","mixed","IP",0,1.29235474554352,0.140800173226727,1.29231121526088,0.161574122978559,0,0.542855874953046,0.161574122978559,0.838425877021441,0.161574122978559,0.161574122978559,"all","log"
"5238",7,2.4,2.34180811020815,"Exp1","mixed","IP",0,2.31082039802461,0.239649616868854,2.30973724299408,0.161574122978559,0,0.0165116533374645,0.161574122978559,0.838425877021441,0.161574122978559,0.161574122978559,"all","log"
"5239",7,0.475682846001088,0.437949869207841,"Exp1","mixed","IP",0,0.508276690834662,0.0866320859193933,0.508062058254012,0.353461276515412,0,1.03671739638982,0.353461276515412,0.646538723484588,0.353461276515412,0.353461276515412,"all","log"
"5240",7,1.42704853800327,1.365887323278,"Exp1","mixed","IP",0,1.49433878648984,0.159415729357155,1.49415852615638,0.161574122978559,0,0.424310212362056,0.161574122978559,0.838425877021441,0.161574122978559,0.161574122978559,"all","log"
"5241",7,1.2,1.54985437713003,"Exp1","mixed","IP",0,1.29235474554352,0.140800173226727,1.29240534039823,0.161574122978559,0,0.539771406251304,0.161574122978559,0.838425877021441,0.161574122978559,0.161574122978559,"all","log"
"5242",7,0.8,0.965881289868776,"Exp1","mixed","IP",0,0.71137060182171,0.0859593233111582,0.71169649473076,0.353461276515412,0,1.03373097782208,0.353461276515412,0.646538723484588,0.353461276515412,0.353461276515412,"all","log"
"5243",7,2.4,2.35778855947319,"Exp1","mixed","IP",0,2.31082039802461,0.239649616868854,2.3116879563961,0.161574122978559,0,0.00790119860391197,0.161574122978559,0.838425877021441,0.161574122978559,0.161574122978559,"all","log"
"5244",7,0.565685424949238,0.957916878276592,"Exp1","mixed","IP",0,0.56851202155878,0.084836841730922,0.568155165221889,0.353461276515412,0,1.0510136585847,0.353461276515412,0.646538723484588,0.353461276515412,0.353461276515412,"all","log"
"5245",7,2.01815139660892,2.13378330232081,"Exp1","mixed","IP",0,1.99821077958107,0.208405630280073,1.99746841430279,0.161574122978559,0,0.151213562064567,0.161574122978559,0.838425877021441,0.161574122978559,0.161574122978559,"all","log"
"5246",7,2.4,2.21385722091782,"Exp1","mixed","IP",0,2.31082039802461,0.239649616868854,2.31037108924615,0.161574122978559,0,0.0136349698187145,0.161574122978559,0.838425877021441,0.161574122978559,0.161574122978559,"all","log"
"5247",7,1.2,1.59786259003067,"Exp1","mixed","IP",0,1.29235474554352,0.140800173226727,1.29281024374507,0.161574122978559,0,0.543274387241498,0.161574122978559,0.838425877021441,0.161574122978559,0.161574122978559,"all","log"
"5248",7,0.672717132202972,0.917908531022476,"Exp1","mixed","IP",0,0.635923524091853,0.0845852229493145,0.635455316470001,0.353461276515412,0,1.04995020164895,0.353461276515412,0.646538723484588,0.353461276515412,0.353461276515412,"all","log"
"5249",7,0.8,0.877930972818831,"Exp1","mixed","IP",0,0.71137060182171,0.0859593233111582,0.710806790538303,0.353461276515412,0,1.04035958336974,0.353461276515412,0.646538723484588,0.353461276515412,0.353461276515412,"all","log"
"5250",7,0.4,0.445927653820945,"Exp1","mixed","IP",0,0.454450419944853,0.0898753214851886,0.454243285255847,0.353461276515412,0,1.00016858473366,0.353461276515412,0.646538723484588,0.353461276515412,0.353461276515412,"all","log"
"5251",7,0.672717132202972,0.653986671762141,"Exp1","mixed","IP",0,0.635923524091853,0.0845852229493145,0.635455924344118,0.353461276515412,0,1.0484396644645,0.353461276515412,0.646538723484588,0.353461276515412,0.353461276515412,"all","log"
"5252",7,0.565685424949238,0.63790887934374,"Exp1","mixed","IP",0,0.56851202155878,0.084836841730922,0.568317923581926,0.353461276515412,0,1.05453916478609,0.353461276515412,0.646538723484588,0.353461276515412,0.353461276515412,"all","log"
"5253",7,0.4,0.557888141831427,"Exp1","mixed","IP",0,0.454450419944853,0.0898753214851886,0.454103181242808,0.353461276515412,0,1.00084766203885,0.353461276515412,0.646538723484588,0.353461276515412,0.353461276515412,"all","log"
"5254",7,1.69705627484772,1.57387014609776,"Exp1","mixed","IP",0,1.7279675742604,0.181823471895229,1.73009412955964,0.161574122978559,0,0.287813729626005,0.161574122978559,0.838425877021441,0.161574122978559,0.161574122978559,"all","log"
"5255",7,0.475682846001088,0.486064444277872,"Exp1","mixed","IP",0,0.508276690834662,0.0866320859193933,0.508196660424437,0.353461276515412,0,1.03689091934971,0.353461276515412,0.646538723484588,0.353461276515412,0.353461276515412,"all","log"
"5256",7,1.69705627484772,1.6618776872383,"Exp1","mixed","IP",0,1.7279675742604,0.181823471895229,1.72740069033221,0.161574122978559,0,0.286531407346149,0.161574122978559,0.838425877021441,0.161574122978559,0.161574122978559,"all","log"
"5257",7,1.42704853800327,1.3899422783079,"Exp1","mixed","IP",0,1.49433878648984,0.159415729357155,1.49432953979952,0.161574122978559,0,0.416039734288475,0.161574122978559,0.838425877021441,0.161574122978559,0.161574122978559,"all","log"
"5258",7,2.4,2.13382715339048,"Exp1","mixed","IP",0,2.31082039802461,0.239649616868854,2.3113693636638,0.161574122978559,0,0.0107490368596585,0.161574122978559,0.838425877021441,0.161574122978559,0.161574122978559,"all","log"
"5259",7,0.672717132202972,0.949960552697121,"Exp1","mixed","IP",0,0.635923524091853,0.0845852229493145,0.636077364048284,0.353461276515412,0,1.05287961947923,0.353461276515412,0.646538723484588,0.353461276515412,0.353461276515412,"all","log"
"5260",7,1.2,1.41391326320627,"Exp1","mixed","IP",0,1.29235474554352,0.140800173226727,1.29211940403252,0.161574122978559,0,0.539299048326787,0.161574122978559,0.838425877021441,0.161574122978559,0.161574122978559,"all","log"
"5261",7,0.565685424949238,0.445929519824858,"Exp1","mixed","IP",0,0.56851202155878,0.084836841730922,0.568224899567111,0.353461276515412,0,1.05122035974549,0.353461276515412,0.646538723484588,0.353461276515412,0.353461276515412,"all","log"
"5262",7,0.8,0.677897011565619,"Exp1","mixed","IP",0,0.71137060182171,0.0859593233111582,0.710864458053829,0.353461276515412,0,1.04272033052404,0.353461276515412,0.646538723484588,0.353461276515412,0.353461276515412,"all","log"
"5263",7,1.42704853800327,1.74180885661008,"Exp1","mixed","IP",0,1.49433878648984,0.159415729357155,1.49478733419019,0.161574122978559,0,0.417594005466598,0.161574122978559,0.838425877021441,0.161574122978559,0.161574122978559,"all","log"
"5264",7,0.475682846001088,0.446002604939167,"Exp1","mixed","IP",0,0.508276690834662,0.0866320859193933,0.50855481887522,0.353461276515412,0,1.03276054002081,0.353461276515412,0.646538723484588,0.353461276515412,0.353461276515412,"all","log"
"5265",7,1.2,1.52593781731775,"Exp1","mixed","IP",0,1.29235474554352,0.140800173226727,1.29257994399775,0.161574122978559,0,0.542299559563414,0.161574122978559,0.838425877021441,0.161574122978559,0.161574122978559,"all","log"
"5266",7,0.4,0.517940128673217,"Exp1","mixed","IP",0,0.454450419944853,0.0898753214851886,0.454323910155045,0.353461276515412,0,0.989797308156564,0.353461276515412,0.646538723484588,0.353461276515412,0.353461276515412,"all","log"
"5267",7,1.69705627484772,1.94979945444265,"Exp1","mixed","IP",0,1.7279675742604,0.181823471895229,1.72781372232884,0.161574122978559,0,0.291897670554573,0.161574122978559,0.838425877021441,0.161574122978559,0.161574122978559,"all","log"
"5268",7,1.42704853800327,1.52594497032896,"Exp1","mixed","IP",0,1.49433878648984,0.159415729357155,1.49352265902551,0.161574122978559,0,0.420410696496598,0.161574122978559,0.838425877021441,0.161574122978559,0.161574122978559,"all","log"
"5269",7,1.69705627484772,1.52590111925929,"Exp1","mixed","IP",0,1.7279675742604,0.181823471895229,1.72915892692339,0.161574122978559,0,0.287633839588259,0.161574122978559,0.838425877021441,0.161574122978559,0.161574122978559,"all","log"
"5270",7,0.8,1.00593348819075,"Exp1","mixed","IP",0,0.71137060182171,0.0859593233111582,0.712154817657491,0.353461276515412,0,1.03573761434261,0.353461276515412,0.646538723484588,0.353461276515412,0.353461276515412,"all","log"
"5271",7,2.01815139660892,2.14987415676023,"Exp1","mixed","IP",0,1.99821077958107,0.208405630280073,1.99790931991894,0.161574122978559,0,0.155166130074511,0.161574122978559,0.838425877021441,0.161574122978559,0.161574122978559,"all","log"
"5272",7,0.4,0.357896476643873,"Exp1","mixed","IP",0,0.454450419944853,0.0898753214851886,0.454148099992955,0.353461276515412,0,0.998013635339047,0.353461276515412,0.646538723484588,0.353461276515412,0.353461276515412,"all","log"
"5273",7,0.4,0.485988560157239,"Exp1","mixed","IP",0,0.454450419944853,0.0898753214851886,0.454651614010803,0.353461276515412,0,0.997880332303705,0.353461276515412,0.646538723484588,0.353461276515412,0.353461276515412,"all","log"
"5274",7,1.69705627484772,1.59787254204639,"Exp1","mixed","IP",0,1.7279675742604,0.181823471895229,1.72834632006086,0.161574122978559,0,0.282777446033677,0.161574122978559,0.838425877021441,0.161574122978559,0.161574122978559,"all","log"
"5275",7,1.42704853800327,1.18194763746942,"Exp1","mixed","IP",0,1.49433878648984,0.159415729357155,1.49454924854142,0.161574122978559,0,0.420535184425988,0.161574122978559,0.838425877021441,0.161574122978559,0.161574122978559,"all","log"
"5276",7,1.42704853800327,1.58196797690107,"Exp1","mixed","IP",0,1.49433878648984,0.159415729357155,1.49424592356835,0.161574122978559,0,0.413038742565153,0.161574122978559,0.838425877021441,0.161574122978559,0.161574122978559,"all","log"
"5277",7,0.475682846001088,0.533902539909832,"Exp1","mixed","IP",0,0.508276690834662,0.0866320859193933,0.508672651470704,0.353461276515412,0,1.03074603408652,0.353461276515412,0.646538723484588,0.353461276515412,0.353461276515412,"all","log"
"5278",7,0.8,0.621948645110024,"Exp1","mixed","IP",0,0.71137060182171,0.0859593233111582,0.711190066450327,0.353461276515412,0,1.03663945696343,0.353461276515412,0.646538723484588,0.353461276515412,0.353461276515412,"all","log"
"5279",7,2.01815139660892,2.21387867995236,"Exp1","mixed","IP",0,1.99821077958107,0.208405630280073,1.99890170078238,0.161574122978559,0,0.148963927514768,0.161574122978559,0.838425877021441,0.161574122978559,0.161574122978559,"all","log"
"5280",7,0.475682846001088,0.541913601574379,"Exp1","mixed","IP",0,0.508276690834662,0.0866320859193933,0.508069487205014,0.353461276515412,0,1.03148337760358,0.353461276515412,0.646538723484588,0.353461276515412,0.353461276515412,"all","log"
"5281",7,2.01815139660892,2.2698021663673,"Exp1","mixed","IP",0,1.99821077958107,0.208405630280073,1.99799288631462,0.161574122978559,0,0.152465542078219,0.161574122978559,0.838425877021441,0.161574122978559,0.161574122978559,"all","log"
"5282",7,0.8,1.18186553333908,"Exp1","mixed","IP",0,0.71137060182171,0.0859593233111582,0.711088232305152,0.353461276515412,0,1.04068361840626,0.353461276515412,0.646538723484588,0.353461276515412,0.353461276515412,"all","log"
"5283",7,0.8,0.933957400396139,"Exp1","mixed","IP",0,0.71137060182171,0.0859593233111582,0.71181844676003,0.353461276515412,0,1.04145130747612,0.353461276515412,0.646538723484588,0.353461276515412,0.353461276515412,"all","log"
"5284",7,2.4,2.39789207287686,"Exp1","mixed","IP",0,2.31082039802461,0.239649616868854,2.31113569272881,0.161574122978559,0,0.0098031576072345,0.161574122978559,0.838425877021441,0.161574122978559,0.161574122978559,"all","log"
"5285",7,0.4,0.350007327171625,"Exp1","mixed","IP",0,0.454450419944853,0.0898753214851886,0.454028373553076,0.353461276515412,0,1.00271112546963,0.353461276515412,0.646538723484588,0.353461276515412,0.353461276515412,"all","log"
"5286",7,2.4,2.49386962361768,"Exp1","mixed","IP",0,2.31082039802461,0.239649616868854,2.31183006993431,0.161574122978559,0,0.0117472051355447,0.161574122978559,0.838425877021441,0.161574122978559,0.161574122978559,"all","log"
"5287",7,1.42704853800327,1.27794509224168,"Exp1","mixed","IP",0,1.49433878648984,0.159415729357155,1.49430824458595,0.161574122978559,0,0.42176552107334,0.161574122978559,0.838425877021441,0.161574122978559,0.161574122978559,"all","log"
"5288",7,2.4,1.98182877308045,"Exp1","mixed","IP",0,2.31082039802461,0.239649616868854,2.31211567495474,0.161574122978559,0,0.0125103377584352,0.161574122978559,0.838425877021441,0.161574122978559,0.161574122978559,"all","log"
"5289",7,0.672717132202972,0.57392674818766,"Exp1","mixed","IP",0,0.635923524091853,0.0845852229493145,0.636998131545955,0.353461276515412,0,1.05602948143012,0.353461276515412,0.646538723484588,0.353461276515412,0.353461276515412,"all","log"
"5290",7,1.69705627484772,1.97385005546676,"Exp1","mixed","IP",0,1.7279675742604,0.181823471895229,1.72723215979677,0.161574122978559,0,0.287147386010999,0.161574122978559,0.838425877021441,0.161574122978559,0.161574122978559,"all","log"
"5291",7,1.2,1.25388267319795,"Exp1","mixed","IP",0,1.29235474554352,0.140800173226727,1.2918217530735,0.161574122978559,0,0.541872583740869,0.161574122978559,0.838425877021441,0.161574122978559,0.161574122978559,"all","log"
"5292",7,1.42704853800327,1.32594957313631,"Exp1","mixed","IP",0,1.49433878648984,0.159415729357155,1.49472835067674,0.161574122978559,0,0.412928969151637,0.161574122978559,0.838425877021441,0.161574122978559,0.161574122978559,"all","log"
"5293",7,0.475682846001088,0.549928395246752,"Exp1","mixed","IP",0,0.508276690834662,0.0866320859193933,0.508397348965817,0.353461276515412,0,1.03273123681995,0.353461276515412,0.646538723484588,0.353461276515412,0.353461276515412,"all","log"
"5294",7,2.01815139660892,2.00587657510005,"Exp1","mixed","IP",0,1.99821077958107,0.208405630280073,1.99788691753295,0.161574122978559,0,0.154046884388325,0.161574122978559,0.838425877021441,0.161574122978559,0.161574122978559,"all","log"
"5295",7,0.565685424949238,0.877967359876493,"Exp1","mixed","IP",0,0.56851202155878,0.084836841730922,0.568265577754582,0.353461276515412,0,1.05610086056065,0.353461276515412,0.646538723484588,0.353461276515412,0.353461276515412,"all","log"
"5296",7,0.475682846001088,0.40596502364042,"Exp1","mixed","IP",0,0.508276690834662,0.0866320859193933,0.508483507058571,0.353461276515412,0,1.02319870171799,0.353461276515412,0.646538723484588,0.353461276515412,0.353461276515412,"all","log"
"5297",7,0.565685424949238,0.637930649378177,"Exp1","mixed","IP",0,0.56851202155878,0.084836841730922,0.568366224807156,0.353461276515412,0,1.05135491577494,0.353461276515412,0.646538723484588,0.353461276515412,0.353461276515412,"all","log"
"5298",7,0.672717132202972,0.925839354561504,"Exp1","mixed","IP",0,0.635923524091853,0.0845852229493145,0.636041086716357,0.353461276515412,0,1.05938148793909,0.353461276515412,0.646538723484588,0.353461276515412,0.353461276515412,"all","log"
"5299",7,1.69705627484772,1.49390134566784,"Exp1","mixed","IP",0,1.7279675742604,0.181823471895229,1.72701592306435,0.161574122978559,0,0.286832495809985,0.161574122978559,0.838425877021441,0.161574122978559,0.161574122978559,"all","log"
"5300",7,0.672717132202972,0.821916674260137,"Exp1","mixed","IP",0,0.635923524091853,0.0845852229493145,0.635757280294208,0.353461276515412,0,1.0544645780854,0.353461276515412,0.646538723484588,0.353461276515412,0.353461276515412,"all","log"
"5301",7,0.565685424949238,0.454080842710937,"Exp1","mixed","IP",0,0.56851202155878,0.084836841730922,0.568528068216845,0.353461276515412,0,1.0471251672667,0.353461276515412,0.646538723484588,0.353461276515412,0.353461276515412,"all","log"
"5302",7,0.4,0.469912322741038,"Exp1","mixed","IP",0,0.454450419944853,0.0898753214851886,0.455288402264114,0.353461276515412,0,0.998537902689456,0.353461276515412,0.646538723484588,0.353461276515412,0.353461276515412,"all","log"
"5303",7,1.2,1.24586943452869,"Exp1","mixed","IP",0,1.29235474554352,0.140800173226727,1.29282165697386,0.161574122978559,0,0.544046848657032,0.161574122978559,0.838425877021441,0.161574122978559,0.161574122978559,"all","log"
"5304",7,1.69705627484772,1.85387384078422,"Exp1","mixed","IP",0,1.7279675742604,0.181823471895229,1.72906383975129,0.161574122978559,0,0.286368946105555,0.161574122978559,0.838425877021441,0.161574122978559,0.161574122978559,"all","log"
"5305",7,1.2,1.43793183118032,"Exp1","mixed","IP",0,1.29235474554352,0.140800173226727,1.29300470776064,0.161574122978559,0,0.535538645982731,0.161574122978559,0.838425877021441,0.161574122978559,0.161574122978559,"all","log"
"5306",7,1.2,1.30193007216167,"Exp1","mixed","IP",0,1.29235474554352,0.140800173226727,1.29254560688043,0.161574122978559,0,0.552498769678306,0.161574122978559,0.838425877021441,0.161574122978559,0.161574122978559,"all","log"
"5307",7,2.01815139660892,2.06188900765574,"Exp1","mixed","IP",0,1.99821077958107,0.208405630280073,1.99884381384958,0.161574122978559,0,0.151513634842255,0.161574122978559,0.838425877021441,0.161574122978559,0.161574122978559,"all","log"
"5308",7,0.8,1.06991530834512,"Exp1","mixed","IP",0,0.71137060182171,0.0859593233111582,0.710828446772488,0.353461276515412,0,1.03600903709425,0.353461276515412,0.646538723484588,0.353461276515412,0.353461276515412,"all","log"
"5309",7,1.2,1.17393844180697,"Exp1","mixed","IP",0,1.29235474554352,0.140800173226727,1.29316847737278,0.161574122978559,0,0.541475493448716,0.161574122978559,0.838425877021441,0.161574122978559,0.161574122978559,"all","log"
"5310",7,2.01815139660892,1.75787731901437,"Exp1","mixed","IP",0,1.99821077958107,0.208405630280073,1.99933376825858,0.161574122978559,0,0.14941523787069,0.161574122978559,0.838425877021441,0.161574122978559,0.161574122978559,"all","log"
"5311",7,0.475682846001088,0.485917341045933,"Exp1","mixed","IP",0,0.508276690834662,0.0866320859193933,0.508076096217065,0.353461276515412,0,1.03483201933116,0.353461276515412,0.646538723484588,0.353461276515412,0.353461276515412,"all","log"
"5312",7,0.672717132202972,0.565945231569458,"Exp1","mixed","IP",0,0.635923524091853,0.0845852229493145,0.636090037827717,0.353461276515412,0,1.05466539401204,0.353461276515412,0.646538723484588,0.353461276515412,0.353461276515412,"all","log"
"5313",7,0.565685424949238,0.709893675151761,"Exp1","mixed","IP",0,0.56851202155878,0.084836841730922,0.568258535184323,0.353461276515412,0,1.05316438812215,0.353461276515412,0.646538723484588,0.353461276515412,0.353461276515412,"all","log"
"5314",7,1.69705627484772,1.74990419940877,"Exp1","mixed","IP",0,1.7279675742604,0.181823471895229,1.72879825289582,0.161574122978559,0,0.285559422417772,0.161574122978559,0.838425877021441,0.161574122978559,0.161574122978559,"all","log"
"5315",7,2.01815139660892,2.26980807537711,"Exp1","mixed","IP",0,1.99821077958107,0.208405630280073,1.99868885726712,0.161574122978559,0,0.148728886206616,0.161574122978559,0.838425877021441,0.161574122978559,0.161574122978559,"all","log"
"5316",7,2.4,2.38988816422261,"Exp1","mixed","IP",0,2.31082039802461,0.239649616868854,2.31187398823677,0.161574122978559,0,0.00889428276544295,0.161574122978559,0.838425877021441,0.161574122978559,0.161574122978559,"all","log"
"5317",7,0.8,0.965859208833535,"Exp1","mixed","IP",0,0.71137060182171,0.0859593233111582,0.711215517316583,0.353461276515412,0,1.03353947241472,0.353461276515412,0.646538723484588,0.353461276515412,0.353461276515412,"all","log"
"5318",7,1.42704853800327,1.36592961934366,"Exp1","mixed","IP",0,1.49433878648984,0.159415729357155,1.49306515336565,0.161574122978559,0,0.415141101485003,0.161574122978559,0.838425877021441,0.161574122978559,0.161574122978559,"all","log"
"5319",7,0.672717132202972,0.821990692376858,"Exp1","mixed","IP",0,0.635923524091853,0.0845852229493145,0.635236570086043,0.353461276515412,0,1.05560778219769,0.353461276515412,0.646538723484588,0.353461276515412,0.353461276515412,"all","log"
"5320",7,2.4,2.32581117791688,"Exp1","mixed","IP",0,2.31082039802461,0.239649616868854,2.31075666400643,0.161574122978559,0,0.0111385417458236,0.161574122978559,0.838425877021441,0.161574122978559,0.161574122978559,"all","log"
"5321",7,0.672717132202972,0.829933022933801,"Exp1","mixed","IP",0,0.635923524091853,0.0845852229493145,0.635945459130857,0.353461276515412,0,1.05429852643039,0.353461276515412,0.646538723484588,0.353461276515412,0.353461276515412,"all","log"
"5322",7,0.672717132202972,0.701931129562581,"Exp1","mixed","IP",0,0.635923524091853,0.0845852229493145,0.636353852863579,0.353461276515412,0,1.05818262896627,0.353461276515412,0.646538723484588,0.353461276515412,0.353461276515412,"all","log"
"5323",7,0.4,0.381952053676287,"Exp1","mixed","IP",0,0.454450419944853,0.0898753214851886,0.454351169887252,0.353461276515412,0,0.996664123974428,0.353461276515412,0.646538723484588,0.353461276515412,0.353461276515412,"all","log"
"5324",7,0.565685424949238,0.90990617737225,"Exp1","mixed","IP",0,0.56851202155878,0.084836841730922,0.568832998816837,0.353461276515412,0,1.05453798777744,0.353461276515412,0.646538723484588,0.353461276515412,0.353461276515412,"all","log"
"5325",7,1.69705627484772,1.60583850864077,"Exp1","mixed","IP",0,1.7279675742604,0.181823471895229,1.72788539011475,0.161574122978559,0,0.289325963019978,0.161574122978559,0.838425877021441,0.161574122978559,0.161574122978559,"all","log"
"5326",7,1.2,1.23783691383051,"Exp1","mixed","IP",0,1.29235474554352,0.140800173226727,1.29342376094141,0.161574122978559,0,0.535905341076775,0.161574122978559,0.838425877021441,0.161574122978559,0.161574122978559,"all","log"
"5327",7,0.4,0.51790249761325,"Exp1","mixed","IP",0,0.454450419944853,0.0898753214851886,0.454081671113095,0.353461276515412,0,0.999798199089269,0.353461276515412,0.646538723484588,0.353461276515412,0.353461276515412,"all","log"
"5328",7,0.475682846001088,0.525969228367103,"Exp1","mixed","IP",0,0.508276690834662,0.0866320859193933,0.508135875253592,0.353461276515412,0,1.03122161050442,0.353461276515412,0.646538723484588,0.353461276515412,0.353461276515412,"all","log"
"5329",7,0.4,0.573939188207987,"Exp1","mixed","IP",0,0.454450419944853,0.0898753214851886,0.454115658275106,0.353461276515412,0,0.998764336966517,0.353461276515412,0.646538723484588,0.353461276515412,0.353461276515412,"all","log"
"5330",7,0.475682846001088,0.421950448913776,"Exp1","mixed","IP",0,0.508276690834662,0.0866320859193933,0.508070440876916,0.353461276515412,0,1.02673214069196,0.353461276515412,0.646538723484588,0.353461276515412,0.353461276515412,"all","log"
"5331",7,2.4,2.50979844680114,"Exp1","mixed","IP",0,2.31082039802461,0.239649616868854,2.30983300608971,0.161574122978559,0,0.0143659466061556,0.161574122978559,0.838425877021441,0.161574122978559,0.161574122978559,"all","log"
"5332",7,1.2,1.23791932895983,"Exp1","mixed","IP",0,1.29235474554352,0.140800173226727,1.29263380261601,0.161574122978559,0,0.542214018449796,0.161574122978559,0.838425877021441,0.161574122978559,0.161574122978559,"all","log"
"5333",7,1.42704853800327,1.77381391720974,"Exp1","mixed","IP",0,1.49433878648984,0.159415729357155,1.49544574560823,0.161574122978559,0,0.412862578093557,0.161574122978559,0.838425877021441,0.161574122978559,0.161574122978559,"all","log"
"5334",7,0.8,1.27792083420263,"Exp1","mixed","IP",0,0.71137060182171,0.0859593233111582,0.711201658903702,0.353461276515412,0,1.03689154762928,0.353461276515412,0.646538723484588,0.353461276515412,0.353461276515412,"all","log"
"5335",7,2.4,2.29382571034785,"Exp1","mixed","IP",0,2.31082039802461,0.239649616868854,2.3105906516789,0.161574122978559,0,0.0138674730363282,0.161574122978559,0.838425877021441,0.161574122978559,0.161574122978559,"all","log"
"5336",8,1.2,1.02998488519279,"Exp1","mixed","IP",0,1.35335262461628,0.236732450179324,1.35369282691865,0.415426021453065,0,0.0278729128512665,0.415426021453065,0.584573978546935,0.415426021453065,0.415426021453065,"all","log"
"5337",8,0.565685424949238,0.917991316760435,"Exp1","mixed","IP",0,0.609784633720201,0.0823706982835116,0.609709415344829,0.742622273449021,0,1.08174254961542,0.742622273449021,0.257377726550979,0.742622273449021,0.742622273449021,"all","log"
"5338",8,0.475682846001088,0.789983205769659,"Exp1","mixed","IP",0,0.583200740229604,0.0818761650101704,0.582750130183159,0.742622273449021,0,1.08776247107264,0.742622273449021,0.257377726550979,0.742622273449021,0.742622273449021,"all","log"
"5339",8,1.42704853800327,1.10189093702456,"Exp1","mixed","IP",0,1.49740481959257,0.261282407815425,1.49767876181486,0.415426021453065,0,-0.0762745042935145,0.415426021453065,0.584573978546935,0.415426021453065,0.415426021453065,"all","log"
"5340",8,0.672717132202972,0.949902220258991,"Exp1","mixed","IP",0,0.637607429010919,0.0834005458244436,0.637247243937906,0.742622273449021,0,1.07001400480254,0.742622273449021,0.257377726550979,0.742622273449021,0.742622273449021,"all","log"
"5341",8,1.42704853800327,1.55786610644418,"Exp1","mixed","IP",0,1.49740481959257,0.261282407815425,1.4983836757505,0.415426021453065,0,-0.0753276104287995,0.415426021453065,0.584573978546935,0.415426021453065,0.415426021453065,"all","log"
"5342",8,0.672717132202972,0.789938110151525,"Exp1","mixed","IP",0,0.637607429010919,0.0834005458244436,0.637856466208924,0.742622273449021,0,1.0712006706761,0.742622273449021,0.257377726550979,0.742622273449021,0.742622273449021,"all","log"
"5343",8,0.8,1.11791512071613,"Exp1","mixed","IP",0,0.666728091216141,0.0849258362796978,0.667284808564284,0.742622273449021,0,1.04576693009266,0.742622273449021,0.257377726550979,0.742622273449021,0.742622273449021,"all","log"
"5344",8,2.01815139660892,1.49392051975019,"Exp1","mixed","IP",0,1.83367517044694,0.319062223514936,1.83434554280184,0.415426021453065,0,-0.273083411621189,0.415426021453065,0.584573978546935,0.415426021453065,0.415426021453065,"all","log"
"5345",8,0.4,0.677929613515062,"Exp1","mixed","IP",0,0.557799511913883,0.0819584008691198,0.557668236600527,0.742622273449021,0,1.09087862596529,0.742622273449021,0.257377726550979,0.742622273449021,0.742622273449021,"all","log"
"5346",8,0.4,0.533957342654958,"Exp1","mixed","IP",0,0.557799511913883,0.0819584008691198,0.557868673401798,0.742622273449021,0,1.08439266427093,0.742622273449021,0.257377726550979,0.742622273449021,0.742622273449021,"all","log"
"5347",8,0.672717132202972,0.805963537859952,"Exp1","mixed","IP",0,0.637607429010919,0.0834005458244436,0.63675420167008,0.742622273449021,0,1.0650230629319,0.742622273449021,0.257377726550979,0.742622273449021,0.742622273449021,"all","log"
"5348",8,1.2,1.1098899666913,"Exp1","mixed","IP",0,1.35335262461628,0.236732450179324,1.35363493473085,0.415426021453065,0,0.0235201518363001,0.415426021453065,0.584573978546935,0.415426021453065,0.415426021453065,"all","log"
"5349",8,1.42704853800327,1.41391218483614,"Exp1","mixed","IP",0,1.49740481959257,0.261282407815425,1.49712276593846,0.415426021453065,0,-0.073973093221982,0.415426021453065,0.584573978546935,0.415426021453065,0.415426021453065,"all","log"
"5350",8,0.475682846001088,0.701940075698076,"Exp1","mixed","IP",0,0.583200740229604,0.0818761650101704,0.583408915559487,0.742622273449021,0,1.08657595999632,0.742622273449021,0.257377726550979,0.742622273449021,0.742622273449021,"all","log"
"5351",8,1.69705627484772,1.70190088916115,"Exp1","mixed","IP",0,1.65695109480695,0.288636694982285,1.65645730800823,0.415426021453065,0,-0.176274613851173,0.415426021453065,0.584573978546935,0.415426021453065,0.415426021453065,"all","log"
"5352",8,2.4,1.42992081831426,"Exp1","mixed","IP",0,2.02944559144123,0.352864083057214,2.02659266240469,0.415426021453065,0,-0.376603535215162,0.415426021453065,0.584573978546935,0.415426021453065,0.415426021453065,"all","log"
"5353",8,0.4,0.877967245030504,"Exp1","mixed","IP",0,0.557799511913883,0.0819584008691198,0.558100501519023,0.742622273449021,0,1.09123317256417,0.742622273449021,0.257377726550979,0.742622273449021,0.742622273449021,"all","log"
"5354",8,1.2,1.50989338773797,"Exp1","mixed","IP",0,1.35335262461628,0.236732450179324,1.35289470550271,0.415426021453065,0,0.0238314765603313,0.415426021453065,0.584573978546935,0.415426021453065,0.415426021453065,"all","log"
"5355",8,2.01815139660892,1.77387598393943,"Exp1","mixed","IP",0,1.83367517044694,0.319062223514936,1.83128154157363,0.415426021453065,0,-0.27700336485589,0.415426021453065,0.584573978546935,0.415426021453065,0.415426021453065,"all","log"
"5356",8,2.4,2.07790908723337,"Exp1","mixed","IP",0,2.02944559144123,0.352864083057214,2.0296034733646,0.415426021453065,0,-0.371255211921148,0.415426021453065,0.584573978546935,0.415426021453065,0.415426021453065,"all","log"
"5357",8,0.475682846001088,0.869947689082892,"Exp1","mixed","IP",0,0.583200740229604,0.0818761650101704,0.582948367229847,0.742622273449021,0,1.08501982060499,0.742622273449021,0.257377726550979,0.742622273449021,0.742622273449021,"all","log"
"5358",8,0.8,0.861913204929806,"Exp1","mixed","IP",0,0.666728091216141,0.0849258362796978,0.666133761473257,0.742622273449021,0,1.04657720789781,0.742622273449021,0.257377726550979,0.742622273449021,0.742622273449021,"all","log"
"5359",8,2.01815139660892,1.94994140679637,"Exp1","mixed","IP",0,1.83367517044694,0.319062223514936,1.83327996754036,0.415426021453065,0,-0.272556915232102,0.415426021453065,0.584573978546935,0.415426021453065,0.415426021453065,"all","log"
"5360",8,1.42704853800327,1.22193174078393,"Exp1","mixed","IP",0,1.49740481959257,0.261282407815425,1.49573471381905,0.415426021453065,0,-0.0743871182142489,0.415426021453065,0.584573978546935,0.415426021453065,0.415426021453065,"all","log"
"5361",8,0.565685424949238,0.997918168558044,"Exp1","mixed","IP",0,0.609784633720201,0.0823706982835116,0.610005155575076,0.742622273449021,0,1.07848457352269,0.742622273449021,0.257377726550979,0.742622273449021,0.742622273449021,"all","log"
"5362",8,0.475682846001088,0.901968999095061,"Exp1","mixed","IP",0,0.583200740229604,0.0818761650101704,0.582554928526396,0.742622273449021,0,1.0914759084149,0.742622273449021,0.257377726550979,0.742622273449021,0.742622273449021,"all","log"
"5363",8,0.565685424949238,0.493937624984483,"Exp1","mixed","IP",0,0.609784633720201,0.0823706982835116,0.609842592094568,0.742622273449021,0,1.07904327438565,0.742622273449021,0.257377726550979,0.742622273449021,0.742622273449021,"all","log"
"5364",8,1.69705627484772,1.43788936956298,"Exp1","mixed","IP",0,1.65695109480695,0.288636694982285,1.65589282260444,0.415426021453065,0,-0.179000057926553,0.415426021453065,0.584573978546935,0.415426021453065,0.415426021453065,"all","log"
"5365",8,2.4,1.74987391887134,"Exp1","mixed","IP",0,2.02944559144123,0.352864083057214,2.02807734501387,0.415426021453065,0,-0.371592913738515,0.415426021453065,0.584573978546935,0.415426021453065,0.415426021453065,"all","log"
"5366",8,0.4,0.509878459533411,"Exp1","mixed","IP",0,0.557799511913883,0.0819584008691198,0.558129826458869,0.742622273449021,0,1.09078636826254,0.742622273449021,0.257377726550979,0.742622273449021,0.742622273449021,"all","log"
"5367",8,2.01815139660892,1.52586812175196,"Exp1","mixed","IP",0,1.83367517044694,0.319062223514936,1.83226364695616,0.415426021453065,0,-0.282748107084509,0.415426021453065,0.584573978546935,0.415426021453065,0.415426021453065,"all","log"
"5368",8,0.672717132202972,1.20591844224145,"Exp1","mixed","IP",0,0.637607429010919,0.0834005458244436,0.637190829572641,0.742622273449021,0,1.06762161213595,0.742622273449021,0.257377726550979,0.742622273449021,0.742622273449021,"all","log"
"5369",8,0.565685424949238,0.901996678474006,"Exp1","mixed","IP",0,0.609784633720201,0.0823706982835116,0.609661632858419,0.742622273449021,0,1.08783617447228,0.742622273449021,0.257377726550979,0.742622273449021,0.742622273449021,"all","log"
"5370",8,1.2,1.13400430429874,"Exp1","mixed","IP",0,1.35335262461628,0.236732450179324,1.35490890301889,0.415426021453065,0,0.0190386510430836,0.415426021453065,0.584573978546935,0.415426021453065,0.415426021453065,"all","log"
"5371",8,1.2,0.91789646046027,"Exp1","mixed","IP",0,1.35335262461628,0.236732450179324,1.35391513714829,0.415426021453065,0,0.0277766818807743,0.415426021453065,0.584573978546935,0.415426021453065,0.415426021453065,"all","log"
"5372",8,0.565685424949238,0.75795940772332,"Exp1","mixed","IP",0,0.609784633720201,0.0823706982835116,0.610036085514172,0.742622273449021,0,1.08629182455826,0.742622273449021,0.257377726550979,0.742622273449021,0.742622273449021,"all","log"
"5373",8,2.4,1.2779056661866,"Exp1","mixed","IP",0,2.02944559144123,0.352864083057214,2.02789229958213,0.415426021453065,0,-0.377243690942435,0.415426021453065,0.584573978546935,0.415426021453065,0.415426021453065,"all","log"
"5374",8,2.01815139660892,1.30991982310024,"Exp1","mixed","IP",0,1.83367517044694,0.319062223514936,1.83311115522087,0.415426021453065,0,-0.271305656824046,0.415426021453065,0.584573978546935,0.415426021453065,0.415426021453065,"all","log"
"5375",8,0.475682846001088,0.861921291040744,"Exp1","mixed","IP",0,0.583200740229604,0.0818761650101704,0.583092603029211,0.742622273449021,0,1.08955336684476,0.742622273449021,0.257377726550979,0.742622273449021,0.742622273449021,"all","log"
"5376",8,0.672717132202972,0.621957243133693,"Exp1","mixed","IP",0,0.637607429010919,0.0834005458244436,0.637632530959914,0.742622273449021,0,1.06316382357205,0.742622273449021,0.257377726550979,0.742622273449021,0.742622273449021,"all","log"
"5377",8,0.672717132202972,0.917892417404801,"Exp1","mixed","IP",0,0.637607429010919,0.0834005458244436,0.638205465458826,0.742622273449021,0,1.06865470532561,0.742622273449021,0.257377726550979,0.742622273449021,0.742622273449021,"all","log"
"5378",8,2.01815139660892,1.46996137327051,"Exp1","mixed","IP",0,1.83367517044694,0.319062223514936,1.83311336110036,0.415426021453065,0,-0.274524100971867,0.415426021453065,0.584573978546935,0.415426021453065,0.415426021453065,"all","log"
"5379",8,0.8,1.02194604698025,"Exp1","mixed","IP",0,0.666728091216141,0.0849258362796978,0.667039601671803,0.742622273449021,0,1.04402963795568,0.742622273449021,0.257377726550979,0.742622273449021,0.742622273449021,"all","log"
"5380",8,1.2,1.02995751681738,"Exp1","mixed","IP",0,1.35335262461628,0.236732450179324,1.35477383043081,0.415426021453065,0,0.0233587607496517,0.415426021453065,0.584573978546935,0.415426021453065,0.415426021453065,"all","log"
"5381",8,0.8,0.861902008776269,"Exp1","mixed","IP",0,0.666728091216141,0.0849258362796978,0.667068405029567,0.742622273449021,0,1.05059182313704,0.742622273449021,0.257377726550979,0.742622273449021,0.742622273449021,"all","log"
"5382",8,0.565685424949238,0.909987933034245,"Exp1","mixed","IP",0,0.609784633720201,0.0823706982835116,0.609312885189991,0.742622273449021,0,1.07806884474647,0.742622273449021,0.257377726550979,0.742622273449021,0.742622273449021,"all","log"
"5383",8,2.01815139660892,1.26987584709786,"Exp1","mixed","IP",0,1.83367517044694,0.319062223514936,1.83495776000909,0.415426021453065,0,-0.270435824572087,0.415426021453065,0.584573978546935,0.415426021453065,0.415426021453065,"all","log"
"5384",8,2.4,2.18187439159738,"Exp1","mixed","IP",0,2.02944559144123,0.352864083057214,2.02915026517714,0.415426021453065,0,-0.376762597688219,0.415426021453065,0.584573978546935,0.415426021453065,0.415426021453065,"all","log"
"5385",8,0.475682846001088,0.829867636584822,"Exp1","mixed","IP",0,0.583200740229604,0.0818761650101704,0.583473717376427,0.742622273449021,0,1.08503643340012,0.742622273449021,0.257377726550979,0.742622273449021,0.742622273449021,"all","log"
"5386",8,2.4,2.18196831488558,"Exp1","mixed","IP",0,2.02944559144123,0.352864083057214,2.03012517459381,0.415426021453065,0,-0.380097943140823,0.415426021453065,0.584573978546935,0.415426021453065,0.415426021453065,"all","log"
"5387",8,1.69705627484772,1.14191376473718,"Exp1","mixed","IP",0,1.65695109480695,0.288636694982285,1.65558660105024,0.415426021453065,0,-0.176713255314628,0.415426021453065,0.584573978546935,0.415426021453065,0.415426021453065,"all","log"
"5388",8,0.672717132202972,1.06191351593452,"Exp1","mixed","IP",0,0.637607429010919,0.0834005458244436,0.637026860972973,0.742622273449021,0,1.06661282250177,0.742622273449021,0.257377726550979,0.742622273449021,0.742622273449021,"all","log"
"5389",8,2.01815139660892,1.62189970734471,"Exp1","mixed","IP",0,1.83367517044694,0.319062223514936,1.8326026836596,0.415426021453065,0,-0.277962585202426,0.415426021453065,0.584573978546935,0.415426021453065,0.415426021453065,"all","log"
"5390",8,1.42704853800327,1.02992703839936,"Exp1","mixed","IP",0,1.49740481959257,0.261282407815425,1.49798495802462,0.415426021453065,0,-0.0782526664404448,0.415426021453065,0.584573978546935,0.415426021453065,0.415426021453065,"all","log"
"5391",8,0.8,1.13390602695154,"Exp1","mixed","IP",0,0.666728091216141,0.0849258362796978,0.666320122743136,0.742622273449021,0,1.055588519893,0.742622273449021,0.257377726550979,0.742622273449021,0.742622273449021,"all","log"
"5392",8,1.69705627484772,1.34990750733186,"Exp1","mixed","IP",0,1.65695109480695,0.288636694982285,1.6572982781567,0.415426021453065,0,-0.171533065217961,0.415426021453065,0.584573978546935,0.415426021453065,0.415426021453065,"all","log"
"5393",8,1.42704853800327,1.22987478968298,"Exp1","mixed","IP",0,1.49740481959257,0.261282407815425,1.49909289636728,0.415426021453065,0,-0.0778446682896936,0.415426021453065,0.584573978546935,0.415426021453065,0.415426021453065,"all","log"
"5394",8,1.2,1.2619576785396,"Exp1","mixed","IP",0,1.35335262461628,0.236732450179324,1.35542073842983,0.415426021453065,0,0.0225273451596583,0.415426021453065,0.584573978546935,0.415426021453065,0.415426021453065,"all","log"
"5395",8,0.672717132202972,0.621967506274359,"Exp1","mixed","IP",0,0.637607429010919,0.0834005458244436,0.637170428432436,0.742622273449021,0,1.06752279740825,0.742622273449021,0.257377726550979,0.742622273449021,0.742622273449021,"all","log"
"5396",8,1.69705627484772,1.45398850528227,"Exp1","mixed","IP",0,1.65695109480695,0.288636694982285,1.65721852075922,0.415426021453065,0,-0.176121154176063,0.415426021453065,0.584573978546935,0.415426021453065,0.415426021453065,"all","log"
"5397",8,0.565685424949238,0.813909074793173,"Exp1","mixed","IP",0,0.609784633720201,0.0823706982835116,0.610167377310676,0.742622273449021,0,1.08177009809811,0.742622273449021,0.257377726550979,0.742622273449021,0.742622273449021,"all","log"
"5398",8,1.42704853800327,1.22961976618672,"Exp1","mixed","IP",0,1.49740481959257,0.261282407815425,1.49639972557405,0.415426021453065,0,-0.0778677480971263,0.415426021453065,0.584573978546935,0.415426021453065,0.415426021453065,"all","log"
"5399",8,0.8,1.23795188142003,"Exp1","mixed","IP",0,0.666728091216141,0.0849258362796978,0.666797070603587,0.742622273449021,0,1.04672574853034,0.742622273449021,0.257377726550979,0.742622273449021,0.742622273449021,"all","log"
"5400",8,0.4,0.869900727438562,"Exp1","mixed","IP",0,0.557799511913883,0.0819584008691198,0.557974687278745,0.742622273449021,0,1.08942880472023,0.742622273449021,0.257377726550979,0.742622273449021,0.742622273449021,"all","log"
"5401",8,1.69705627484772,1.01393053408765,"Exp1","mixed","IP",0,1.65695109480695,0.288636694982285,1.65599494739112,0.415426021453065,0,-0.176132120459541,0.415426021453065,0.584573978546935,0.415426021453065,0.415426021453065,"all","log"
"5402",8,0.475682846001088,0.517982608641432,"Exp1","mixed","IP",0,0.583200740229604,0.0818761650101704,0.582543304704084,0.742622273449021,0,1.08437968359475,0.742622273449021,0.257377726550979,0.742622273449021,0.742622273449021,"all","log"
"5403",8,0.475682846001088,0.405929949399706,"Exp1","mixed","IP",0,0.583200740229604,0.0818761650101704,0.583622874373905,0.742622273449021,0,1.09426913672853,0.742622273449021,0.257377726550979,0.742622273449021,0.742622273449021,"all","log"
"5404",8,0.475682846001088,0.477999900478608,"Exp1","mixed","IP",0,0.583200740229604,0.0818761650101704,0.582867206469328,0.742622273449021,0,1.08394743410702,0.742622273449021,0.257377726550979,0.742622273449021,0.742622273449021,"all","log"
"5405",8,1.2,0.941903190592257,"Exp1","mixed","IP",0,1.35335262461628,0.236732450179324,1.35438199092103,0.415426021453065,0,0.0254490654524567,0.415426021453065,0.584573978546935,0.415426021453065,0.415426021453065,"all","log"
"5406",8,1.69705627484772,1.32592316950604,"Exp1","mixed","IP",0,1.65695109480695,0.288636694982285,1.6562946566924,0.415426021453065,0,-0.179562228013396,0.415426021453065,0.584573978546935,0.415426021453065,0.415426021453065,"all","log"
"5407",8,0.8,1.00589325089595,"Exp1","mixed","IP",0,0.666728091216141,0.0849258362796978,0.667297784453762,0.742622273449021,0,1.05152109069799,0.742622273449021,0.257377726550979,0.742622273449021,0.742622273449021,"all","log"
"5408",8,0.475682846001088,0.84590643747697,"Exp1","mixed","IP",0,0.583200740229604,0.0818761650101704,0.583799643299324,0.742622273449021,0,1.08665076683408,0.742622273449021,0.257377726550979,0.742622273449021,0.742622273449021,"all","log"
"5409",8,2.01815139660892,1.29388475425958,"Exp1","mixed","IP",0,1.83367517044694,0.319062223514936,1.83255434397645,0.415426021453065,0,-0.270881354474093,0.415426021453065,0.584573978546935,0.415426021453065,0.415426021453065,"all","log"
"5410",8,2.4,1.50188378392613,"Exp1","mixed","IP",0,2.02944559144123,0.352864083057214,2.02958613380684,0.415426021453065,0,-0.373265539469096,0.415426021453065,0.584573978546935,0.415426021453065,0.415426021453065,"all","log"
"5411",8,1.69705627484772,1.46986122989711,"Exp1","mixed","IP",0,1.65695109480695,0.288636694982285,1.65628370718732,0.415426021453065,0,-0.177873768648424,0.415426021453065,0.584573978546935,0.415426021453065,0.415426021453065,"all","log"
"5412",8,2.4,1.46989357434086,"Exp1","mixed","IP",0,2.02944559144123,0.352864083057214,2.02964461128744,0.415426021453065,0,-0.377114908496338,0.415426021453065,0.584573978546935,0.415426021453065,0.415426021453065,"all","log"
"5413",8,0.8,1.18989643558007,"Exp1","mixed","IP",0,0.666728091216141,0.0849258362796978,0.667243020410745,0.742622273449021,0,1.05244837797883,0.742622273449021,0.257377726550979,0.742622273449021,0.742622273449021,"all","log"
"5414",8,0.672717132202972,0.789986004807815,"Exp1","mixed","IP",0,0.637607429010919,0.0834005458244436,0.637850484338234,0.742622273449021,0,1.0718834052195,0.742622273449021,0.257377726550979,0.742622273449021,0.742622273449021,"all","log"
"5415",8,1.2,1.0380013310978,"Exp1","mixed","IP",0,1.35335262461628,0.236732450179324,1.35418114544276,0.415426021453065,0,0.0235754865050966,0.415426021453065,0.584573978546935,0.415426021453065,0.415426021453065,"all","log"
"5416",8,0.4,0.637954680458733,"Exp1","mixed","IP",0,0.557799511913883,0.0819584008691198,0.557932227403418,0.742622273449021,0,1.09538556416508,0.742622273449021,0.257377726550979,0.742622273449021,0.742622273449021,"all","log"
"5417",8,0.672717132202972,0.853891782955998,"Exp1","mixed","IP",0,0.637607429010919,0.0834005458244436,0.636982713745159,0.742622273449021,0,1.06640486328803,0.742622273449021,0.257377726550979,0.742622273449021,0.742622273449021,"all","log"
"5418",8,1.42704853800327,1.02191743458798,"Exp1","mixed","IP",0,1.49740481959257,0.261282407815425,1.49611246791023,0.415426021453065,0,-0.0722351549221038,0.415426021453065,0.584573978546935,0.415426021453065,0.415426021453065,"all","log"
"5419",8,0.8,0.861911960912948,"Exp1","mixed","IP",0,0.666728091216141,0.0849258362796978,0.666617958541123,0.742622273449021,0,1.05224034914889,0.742622273449021,0.257377726550979,0.742622273449021,0.742622273449021,"all","log"
"5420",8,2.4,1.32587807388836,"Exp1","mixed","IP",0,2.02944559144123,0.352864083057214,2.02830621206655,0.415426021453065,0,-0.377338542663198,0.415426021453065,0.584573978546935,0.415426021453065,0.415426021453065,"all","log"
"5421",8,1.2,1.18197049191531,"Exp1","mixed","IP",0,1.35335262461628,0.236732450179324,1.35447475967413,0.415426021453065,0,0.0242830787097352,0.415426021453065,0.584573978546935,0.415426021453065,0.415426021453065,"all","log"
"5422",8,1.69705627484772,1.23789403462706,"Exp1","mixed","IP",0,1.65695109480695,0.288636694982285,1.65808038489664,0.415426021453065,0,-0.177608096429604,0.415426021453065,0.584573978546935,0.415426021453065,0.415426021453065,"all","log"
"5423",8,0.672717132202972,0.925924413523262,"Exp1","mixed","IP",0,0.637607429010919,0.0834005458244436,0.637716546156525,0.742622273449021,0,1.06608832056037,0.742622273449021,0.257377726550979,0.742622273449021,0.742622273449021,"all","log"
"5424",8,1.42704853800327,1.01392213697227,"Exp1","mixed","IP",0,1.49740481959257,0.261282407815425,1.49713291397049,0.415426021453065,0,-0.0732535204511446,0.415426021453065,0.584573978546935,0.415426021453065,0.415426021453065,"all","log"
"5425",8,0.8,1.0139103188103,"Exp1","mixed","IP",0,0.666728091216141,0.0849258362796978,0.667341423326946,0.742622273449021,0,1.04683324757079,0.742622273449021,0.257377726550979,0.742622273449021,0.742622273449021,"all","log"
"5426",8,2.4,1.23791829295942,"Exp1","mixed","IP",0,2.02944559144123,0.352864083057214,2.02929194188952,0.415426021453065,0,-0.375815740836222,0.415426021453065,0.584573978546935,0.415426021453065,0.415426021453065,"all","log"
"5427",8,0.565685424949238,0.813982782803578,"Exp1","mixed","IP",0,0.609784633720201,0.0823706982835116,0.610206571525247,0.742622273449021,0,1.0849075342225,0.742622273449021,0.257377726550979,0.742622273449021,0.742622273449021,"all","log"
"5428",8,1.42704853800327,1.02189690830664,"Exp1","mixed","IP",0,1.49740481959257,0.261282407815425,1.49844953255689,0.415426021453065,0,-0.0747177166781143,0.415426021453065,0.584573978546935,0.415426021453065,0.415426021453065,"all","log"
"5429",8,2.01815139660892,1.15790964704092,"Exp1","mixed","IP",0,1.83367517044694,0.319062223514936,1.83532584428346,0.415426021453065,0,-0.268395633898254,0.415426021453065,0.584573978546935,0.415426021453065,0.415426021453065,"all","log"
"5430",8,0.565685424949238,0.933922199173139,"Exp1","mixed","IP",0,0.609784633720201,0.0823706982835116,0.609254498940562,0.742622273449021,0,1.078192353495,0.742622273449021,0.257377726550979,0.742622273449021,0.742622273449021,"all","log"
"5431",8,0.4,0.42186674089271,"Exp1","mixed","IP",0,0.557799511913883,0.0819584008691198,0.557305898176364,0.742622273449021,0,1.08842038235574,0.742622273449021,0.257377726550979,0.742622273449021,0.742622273449021,"all","log"
"5432",8,0.4,0.541929003946734,"Exp1","mixed","IP",0,0.557799511913883,0.0819584008691198,0.557422687463129,0.742622273449021,0,1.08715226626618,0.742622273449021,0.257377726550979,0.742622273449021,0.742622273449021,"all","log"
"5433",8,0.565685424949238,0.549888225067207,"Exp1","mixed","IP",0,0.609784633720201,0.0823706982835116,0.609282723762606,0.742622273449021,0,1.08552890799405,0.742622273449021,0.257377726550979,0.742622273449021,0.742622273449021,"all","log"
"5434",8,2.01815139660892,1.18992660299364,"Exp1","mixed","IP",0,1.83367517044694,0.319062223514936,1.83252945674299,0.415426021453065,0,-0.272969861328932,0.415426021453065,0.584573978546935,0.415426021453065,0.415426021453065,"all","log"
"5435",8,0.475682846001088,0.653876232742732,"Exp1","mixed","IP",0,0.583200740229604,0.0818761650101704,0.583505845475121,0.742622273449021,0,1.07950771029416,0.742622273449021,0.257377726550979,0.742622273449021,0.742622273449021,"all","log"
"5436",8,1.69705627484772,0.997856589713592,"Exp1","mixed","IP",0,1.65695109480695,0.288636694982285,1.65521062777325,0.415426021453065,0,-0.174367316375857,0.415426021453065,0.584573978546935,0.415426021453065,0.415426021453065,"all","log"
"5437",8,0.4,0.469896062374573,"Exp1","mixed","IP",0,0.557799511913883,0.0819584008691198,0.558315678164178,0.742622273449021,0,1.09292657611317,0.742622273449021,0.257377726550979,0.742622273449021,0.742622273449021,"all","log"
"5438",8,2.01815139660892,1.18192508529273,"Exp1","mixed","IP",0,1.83367517044694,0.319062223514936,1.83453067755382,0.415426021453065,0,-0.27785796943333,0.415426021453065,0.584573978546935,0.415426021453065,0.415426021453065,"all","log"
"5439",8,0.4,0.565891882477899,"Exp1","mixed","IP",0,0.557799511913883,0.0819584008691198,0.557724012270293,0.742622273449021,0,1.09161512706406,0.742622273449021,0.257377726550979,0.742622273449021,0.742622273449021,"all","log"
"5440",8,0.4,0.581917932194756,"Exp1","mixed","IP",0,0.557799511913883,0.0819584008691198,0.558362421101786,0.742622273449021,0,1.09196189861099,0.742622273449021,0.257377726550979,0.742622273449021,0.742622273449021,"all","log"
"5441",8,0.672717132202972,0.605974112004787,"Exp1","mixed","IP",0,0.637607429010919,0.0834005458244436,0.638069197658466,0.742622273449021,0,1.06859751093466,0.742622273449021,0.257377726550979,0.742622273449021,0.742622273449021,"all","log"
"5442",8,0.475682846001088,0.485878260491063,"Exp1","mixed","IP",0,0.583200740229604,0.0818761650101704,0.583287459311236,0.742622273449021,0,1.09224426303573,0.742622273449021,0.257377726550979,0.742622273449021,0.742622273449021,"all","log"
"5443",8,1.69705627484772,1.38194872161648,"Exp1","mixed","IP",0,1.65695109480695,0.288636694982285,1.65689899122562,0.415426021453065,0,-0.172978523988181,0.415426021453065,0.584573978546935,0.415426021453065,0.415426021453065,"all","log"
"5444",8,0.8,0.861892989652461,"Exp1","mixed","IP",0,0.666728091216141,0.0849258362796978,0.666979285918518,0.742622273449021,0,1.05173239237258,0.742622273449021,0.257377726550979,0.742622273449021,0.742622273449021,"all","log"
"5445",8,1.42704853800327,1.10989743079381,"Exp1","mixed","IP",0,1.49740481959257,0.261282407815425,1.49708358086589,0.415426021453065,0,-0.0721220858016862,0.415426021453065,0.584573978546935,0.415426021453065,0.415426021453065,"all","log"
"5446",8,0.672717132202972,0.829876033700202,"Exp1","mixed","IP",0,0.637607429010919,0.0834005458244436,0.638052000881494,0.742622273449021,0,1.06508506482227,0.742622273449021,0.257377726550979,0.742622273449021,0.742622273449021,"all","log"
"5447",8,0.4,0.421894109267669,"Exp1","mixed","IP",0,0.557799511913883,0.0819584008691198,0.55741915132338,0.742622273449021,0,1.08560759226732,0.742622273449021,0.257377726550979,0.742622273449021,0.742622273449021,"all","log"
"5448",8,0.672717132202972,0.717970479475298,"Exp1","mixed","IP",0,0.637607429010919,0.0834005458244436,0.638137795603859,0.742622273449021,0,1.06539192273138,0.742622273449021,0.257377726550979,0.742622273449021,0.742622273449021,"all","log"
"5449",8,0.565685424949238,0.813977495731251,"Exp1","mixed","IP",0,0.609784633720201,0.0823706982835116,0.609723535795406,0.742622273449021,0,1.07987230444946,0.742622273449021,0.257377726550979,0.742622273449021,0.742622273449021,"all","log"
"5450",8,0.475682846001088,0.853915108275942,"Exp1","mixed","IP",0,0.583200740229604,0.0818761650101704,0.583441635464994,0.742622273449021,0,1.08613167116072,0.742622273449021,0.257377726550979,0.742622273449021,0.742622273449021,"all","log"
"5451",8,0.8,0.757927374284009,"Exp1","mixed","IP",0,0.666728091216141,0.0849258362796978,0.667125364760771,0.742622273449021,0,1.05021764252415,0.742622273449021,0.257377726550979,0.742622273449021,0.742622273449021,"all","log"
"5452",8,0.565685424949238,0.725911040340179,"Exp1","mixed","IP",0,0.609784633720201,0.0823706982835116,0.609636239313187,0.742622273449021,0,1.08403493202754,0.742622273449021,0.257377726550979,0.742622273449021,0.742622273449021,"all","log"
"5453",8,2.4,1.72591166234861,"Exp1","mixed","IP",0,2.02944559144123,0.352864083057214,2.02720961234073,0.415426021453065,0,-0.375838839139941,0.415426021453065,0.584573978546935,0.415426021453065,0.415426021453065,"all","log"
"5454",8,2.4,1.34196290341151,"Exp1","mixed","IP",0,2.02944559144123,0.352864083057214,2.02896602050564,0.415426021453065,0,-0.380545267391706,0.415426021453065,0.584573978546935,0.415426021453065,0.415426021453065,"all","log"
"5455",8,1.42704853800327,1.54191314272884,"Exp1","mixed","IP",0,1.49740481959257,0.261282407815425,1.49885393313056,0.415426021453065,0,-0.0758607749377967,0.415426021453065,0.584573978546935,0.415426021453065,0.415426021453065,"all","log"
"5456",8,1.2,1.48592460012605,"Exp1","mixed","IP",0,1.35335262461628,0.236732450179324,1.35167566485632,0.415426021453065,0,0.0220301541090552,0.415426021453065,0.584573978546935,0.415426021453065,0.415426021453065,"all","log"
"5457",8,0.4,0.621988965568562,"Exp1","mixed","IP",0,0.557799511913883,0.0819584008691198,0.55770095612948,0.742622273449021,0,1.09062636353796,0.742622273449021,0.257377726550979,0.742622273449021,0.742622273449021,"all","log"
"5458",8,2.4,1.66192346807111,"Exp1","mixed","IP",0,2.02944559144123,0.352864083057214,2.02984356634411,0.415426021453065,0,-0.373656456503376,0.415426021453065,0.584573978546935,0.415426021453065,0.415426021453065,"all","log"
"5459",8,1.69705627484772,1.6059168872207,"Exp1","mixed","IP",0,1.65695109480695,0.288636694982285,1.65657223780082,0.415426021453065,0,-0.171726853074648,0.415426021453065,0.584573978546935,0.415426021453065,0.415426021453065,"all","log"
"5460",8,1.69705627484772,1.51791512071577,"Exp1","mixed","IP",0,1.65695109480695,0.288636694982285,1.65791705217562,0.415426021453065,0,-0.175874029599239,0.415426021453065,0.584573978546935,0.415426021453065,0.415426021453065,"all","log"
"5461",8,2.01815139660892,1.45387623274291,"Exp1","mixed","IP",0,1.83367517044694,0.319062223514936,1.83558914062306,0.415426021453065,0,-0.280167261943143,0.415426021453065,0.584573978546935,0.415426021453065,0.415426021453065,"all","log"
"5462",8,2.4,1.74986085669207,"Exp1","mixed","IP",0,2.02944559144123,0.352864083057214,2.02849750348173,0.415426021453065,0,-0.376444014537159,0.415426021453065,0.584573978546935,0.415426021453065,0.415426021453065,"all","log"
"5463",8,2.01815139660892,1.78991944989502,"Exp1","mixed","IP",0,1.83367517044694,0.319062223514936,1.83382625530427,0.415426021453065,0,-0.273033211991488,0.415426021453065,0.584573978546935,0.415426021453065,0.415426021453065,"all","log"
"5464",8,0.8,1.0938667160126,"Exp1","mixed","IP",0,0.666728091216141,0.0849258362796978,0.66703426283458,0.742622273449021,0,1.0467075351964,0.742622273449021,0.257377726550979,0.742622273449021,0.742622273449021,"all","log"
"5465",8,0.8,1.22992392835749,"Exp1","mixed","IP",0,0.666728091216141,0.0849258362796978,0.667312879819346,0.742622273449021,0,1.04995673576032,0.742622273449021,0.257377726550979,0.742622273449021,0.742622273449021,"all","log"
"5466",8,1.2,1.16591116474228,"Exp1","mixed","IP",0,1.35335262461628,0.236732450179324,1.35253482960742,0.415426021453065,0,0.0164468523311891,0.415426021453065,0.584573978546935,0.415426021453065,0.415426021453065,"all","log"
"5467",8,1.69705627484772,1.07791002024624,"Exp1","mixed","IP",0,1.65695109480695,0.288636694982285,1.65706363697417,0.415426021453065,0,-0.177141120195331,0.415426021453065,0.584573978546935,0.415426021453065,0.415426021453065,"all","log"
"5468",8,1.2,1.34988573703322,"Exp1","mixed","IP",0,1.35335262461628,0.236732450179324,1.35344589423262,0.415426021453065,0,0.0174527341097307,0.415426021453065,0.584573978546935,0.415426021453065,0.415426021453065,"all","log"
"5469",8,1.42704853800327,1.15789565184878,"Exp1","mixed","IP",0,1.49740481959257,0.261282407815425,1.49699256454278,0.415426021453065,0,-0.0712389715626801,0.415426021453065,0.584573978546935,0.415426021453065,0.415426021453065,"all","log"
"5470",8,1.2,1.13392562022,"Exp1","mixed","IP",0,1.35335262461628,0.236732450179324,1.35160909231482,0.415426021453065,0,0.0247151320749958,0.415426021453065,0.584573978546935,0.415426021453065,0.415426021453065,"all","log"
"5471",9,0.672717132202972,0.702000099525321,"Exp1","mixed","IP",0,0.672233749896694,0.098201932458882,0.673294714245196,0.416702265542627,0,0.903615453092743,0.416702265542627,0.583297734457373,0.416702265542627,0.416702265542627,"all","log"
"5472",9,0.565685424949238,0.805883920769702,"Exp1","mixed","IP",0,0.607592336183046,0.0973319236758691,0.606643823012888,0.416702265542627,0,0.916973072795468,0.416702265542627,0.583297734457373,0.416702265542627,0.416702265542627,"all","log"
"5473",9,0.8,0.669905081500474,"Exp1","mixed","IP",0,0.743803716089297,0.100766832083594,0.744378571948227,0.416702265542627,0,0.883189556718563,0.416702265542627,0.583297734457373,0.416702265542627,0.416702265542627,"all","log"
"5474",9,2.4,2.24589928437854,"Exp1","mixed","IP",0,1.96050525685026,0.195440593936797,1.96029383013115,0.516506717792705,0,0.215793804342258,0.516506717792705,0.483493282207295,0.516506717792705,0.516506717792705,"all","log"
"5475",9,0.672717132202972,0.757891919798567,"Exp1","mixed","IP",0,0.672233749896694,0.098201932458882,0.672334121707664,0.416702265542627,0,0.905922439744509,0.416702265542627,0.583297734457373,0.416702265542627,0.416702265542627,"all","log"
"5476",9,0.565685424949238,0.493987074663892,"Exp1","mixed","IP",0,0.607592336183046,0.0973319236758691,0.606221558843037,0.416702265542627,0,0.91112053733515,0.416702265542627,0.583297734457373,0.416702265542627,0.416702265542627,"all","log"
"5477",9,0.4,0.469908813553047,"Exp1","mixed","IP",0,0.496462183283196,0.100506657254726,0.496327929511362,0.416702265542627,0,0.885139657167424,0.416702265542627,0.583297734457373,0.416702265542627,0.416702265542627,"all","log"
"5478",9,1.2,1.5978202022161,"Exp1","mixed","IP",0,1.40224290758854,0.146259064141852,1.40205469250296,0.516506717792705,0,0.500231713113751,0.516506717792705,0.483493282207295,0.516506717792705,0.516506717792705,"all","log"
"5479",9,0.475682846001088,0.557977445972938,"Exp1","mixed","IP",0,0.549204702737774,0.0981191831962275,0.549557596039479,0.416702265542627,0,0.903604153730172,0.416702265542627,0.583297734457373,0.416702265542627,0.416702265542627,"all","log"
"5480",9,2.01815139660892,1.91786162798235,"Exp1","mixed","IP",0,1.80284316996256,0.1809107379008,1.8030085236448,0.516506717792705,0,0.300634042413125,0.516506717792705,0.483493282207295,0.516506717792705,0.516506717792705,"all","log"
"5481",9,1.2,1.54188048728247,"Exp1","mixed","IP",0,1.40224290758854,0.146259064141852,1.40148656270346,0.516506717792705,0,0.504476139018205,0.516506717792705,0.483493282207295,0.516506717792705,0.516506717792705,"all","log"
"5482",9,1.69705627484772,1.72587309782102,"Exp1","mixed","IP",0,1.65792088918625,0.167890269551864,1.65863823811856,0.516506717792705,0,0.371227725096051,0.516506717792705,0.483493282207295,0.516506717792705,0.516506717792705,"all","log"
"5483",9,0.565685424949238,0.829876966712618,"Exp1","mixed","IP",0,0.607592336183046,0.0973319236758691,0.608099127324853,0.416702265542627,0,0.922817978482823,0.416702265542627,0.583297734457373,0.416702265542627,0.416702265542627,"all","log"
"5484",9,2.4,2.14187706623488,"Exp1","mixed","IP",0,1.96050525685026,0.195440593936797,1.96071778056671,0.516506717792705,0,0.216278502140985,0.516506717792705,0.483493282207295,0.516506717792705,0.516506717792705,"all","log"
"5485",9,0.475682846001088,0.71803641238148,"Exp1","mixed","IP",0,0.549204702737774,0.0981191831962275,0.549329549670164,0.416702265542627,0,0.904637115815109,0.416702265542627,0.583297734457373,0.416702265542627,0.416702265542627,"all","log"
"5486",9,0.4,0.414024146371958,"Exp1","mixed","IP",0,0.496462183283196,0.100506657254726,0.496596962634032,0.416702265542627,0,0.886591710427171,0.416702265542627,0.583297734457373,0.416702265542627,0.416702265542627,"all","log"
"5487",9,1.42704853800327,1.45405039513207,"Exp1","mixed","IP",0,1.52470411419439,0.156344325190875,1.52424943303855,0.516506717792705,0,0.433365122683184,0.516506717792705,0.483493282207295,0.516506717792705,0.516506717792705,"all","log"
"5488",9,2.01815139660892,1.64588871023807,"Exp1","mixed","IP",0,1.80284316996256,0.1809107379008,1.8032795795452,0.516506717792705,0,0.288870049584941,0.516506717792705,0.483493282207295,0.516506717792705,0.516506717792705,"all","log"
"5489",9,2.4,2.34195295127938,"Exp1","mixed","IP",0,1.96050525685026,0.195440593936797,1.95958212813872,0.516506717792705,0,0.220662722321073,0.516506717792705,0.483493282207295,0.516506717792705,0.516506717792705,"all","log"
"5490",9,1.2,1.22193889388291,"Exp1","mixed","IP",0,1.40224290758854,0.146259064141852,1.40291527269147,0.516506717792705,0,0.50775605455157,0.516506717792705,0.483493282207295,0.516506717792705,0.516506717792705,"all","log"
"5491",9,0.8,0.717978876589768,"Exp1","mixed","IP",0,0.743803716089297,0.100766832083594,0.744006300708256,0.416702265542627,0,0.879417534647722,0.416702265542627,0.583297734457373,0.416702265542627,0.416702265542627,"all","log"
"5492",9,2.4,2.22985333039105,"Exp1","mixed","IP",0,1.96050525685026,0.195440593936797,1.96064290315555,0.516506717792705,0,0.21817141092361,0.516506717792705,0.483493282207295,0.516506717792705,0.516506717792705,"all","log"
"5493",9,1.69705627484772,1.69392176376641,"Exp1","mixed","IP",0,1.65792088918625,0.167890269551864,1.65688423206163,0.516506717792705,0,0.371064830659583,0.516506717792705,0.483493282207295,0.516506717792705,0.516506717792705,"all","log"
"5494",9,2.01815139660892,1.85382616105926,"Exp1","mixed","IP",0,1.80284316996256,0.1809107379008,1.80331968744878,0.516506717792705,0,0.293709078437956,0.516506717792705,0.483493282207295,0.516506717792705,0.516506717792705,"all","log"
"5495",9,0.672717132202972,0.629831560090679,"Exp1","mixed","IP",0,0.672233749896694,0.098201932458882,0.672621222220896,0.416702265542627,0,0.903704318047853,0.416702265542627,0.583297734457373,0.416702265542627,0.416702265542627,"all","log"
"5496",9,1.42704853800327,1.44585325574735,"Exp1","mixed","IP",0,1.52470411419439,0.156344325190875,1.52529381070499,0.516506717792705,0,0.439874550917821,0.516506717792705,0.483493282207295,0.516506717792705,0.516506717792705,"all","log"
"5497",9,1.69705627484772,1.54985961267812,"Exp1","mixed","IP",0,1.65792088918625,0.167890269551864,1.65844114473125,0.516506717792705,0,0.366628311629592,0.516506717792705,0.483493282207295,0.516506717792705,0.516506717792705,"all","log"
"5498",9,1.42704853800327,1.50982465580091,"Exp1","mixed","IP",0,1.52470411419439,0.156344325190875,1.52346222406985,0.516506717792705,0,0.439232169242848,0.516506717792705,0.483493282207295,0.516506717792705,0.516506717792705,"all","log"
"5499",9,1.69705627484772,1.78998227275588,"Exp1","mixed","IP",0,1.65792088918625,0.167890269551864,1.65795112762325,0.516506717792705,0,0.367869120699518,0.516506717792705,0.483493282207295,0.516506717792705,0.516506717792705,"all","log"
"5500",9,0.4,0.477887627941527,"Exp1","mixed","IP",0,0.496462183283196,0.100506657254726,0.496265480752597,0.416702265542627,0,0.89233339666589,0.416702265542627,0.583297734457373,0.416702265542627,0.416702265542627,"all","log"
"5501",9,0.475682846001088,0.661915381959261,"Exp1","mixed","IP",0,0.549204702737774,0.0981191831962275,0.549183037736889,0.416702265542627,0,0.905872011195141,0.416702265542627,0.583297734457373,0.416702265542627,0.416702265542627,"all","log"
"5502",9,0.8,0.605974734015035,"Exp1","mixed","IP",0,0.743803716089297,0.100766832083594,0.744367109657884,0.416702265542627,0,0.877867225254838,0.416702265542627,0.583297734457373,0.416702265542627,0.416702265542627,"all","log"
"5503",9,2.01815139660892,1.86986340692602,"Exp1","mixed","IP",0,1.80284316996256,0.1809107379008,1.80289327036244,0.516506717792705,0,0.29534613489975,0.516506717792705,0.483493282207295,0.516506717792705,0.516506717792705,"all","log"
"5504",9,0.672717132202972,0.837956857492827,"Exp1","mixed","IP",0,0.672233749896694,0.098201932458882,0.672293167446899,0.416702265542627,0,0.901616964946678,0.416702265542627,0.583297734457373,0.416702265542627,0.416702265542627,"all","log"
"5505",9,0.565685424949238,0.581900204953854,"Exp1","mixed","IP",0,0.607592336183046,0.0973319236758691,0.607981458610787,0.416702265542627,0,0.912563547393376,0.416702265542627,0.583297734457373,0.416702265542627,0.416702265542627,"all","log"
"5506",9,0.8,0.829861727506795,"Exp1","mixed","IP",0,0.743803716089297,0.100766832083594,0.743352827720778,0.416702265542627,0,0.878526118177023,0.416702265542627,0.583297734457373,0.416702265542627,0.416702265542627,"all","log"
"5507",9,1.42704853800327,1.58989456955533,"Exp1","mixed","IP",0,1.52470411419439,0.156344325190875,1.52446664362527,0.516506717792705,0,0.43999292509543,0.516506717792705,0.483493282207295,0.516506717792705,0.516506717792705,"all","log"
"5508",9,1.69705627484772,2.10182811416234,"Exp1","mixed","IP",0,1.65792088918625,0.167890269551864,1.65710675882965,0.516506717792705,0,0.37076944884549,0.516506717792705,0.483493282207295,0.516506717792705,0.516506717792705,"all","log"
"5509",9,2.4,2.22193485082971,"Exp1","mixed","IP",0,1.96050525685026,0.195440593936797,1.96048071251745,0.516506717792705,0,0.219139039891598,0.516506717792705,0.483493282207295,0.516506717792705,0.516506717792705,"all","log"
"5510",9,0.672717132202972,0.645870049978839,"Exp1","mixed","IP",0,0.672233749896694,0.098201932458882,0.672296418206097,0.416702265542627,0,0.904342914959265,0.416702265542627,0.583297734457373,0.416702265542627,0.416702265542627,"all","log"
"5511",9,2.4,2.14988884707782,"Exp1","mixed","IP",0,1.96050525685026,0.195440593936797,1.96147451111054,0.516506717792705,0,0.21458253460994,0.516506717792705,0.483493282207295,0.516506717792705,0.516506717792705,"all","log"
"5512",9,0.4,0.573862921763066,"Exp1","mixed","IP",0,0.496462183283196,0.100506657254726,0.495769305421242,0.416702265542627,0,0.892936641127309,0.416702265542627,0.583297734457373,0.416702265542627,0.416702265542627,"all","log"
"5513",9,1.69705627484772,1.50184148734843,"Exp1","mixed","IP",0,1.65792088918625,0.167890269551864,1.65645538162649,0.516506717792705,0,0.366007256938127,0.516506717792705,0.483493282207295,0.516506717792705,0.516506717792705,"all","log"
"5514",9,0.475682846001088,0.549987746431725,"Exp1","mixed","IP",0,0.549204702737774,0.0981191831962275,0.548662988459064,0.416702265542627,0,0.90857850073176,0.416702265542627,0.583297734457373,0.416702265542627,0.416702265542627,"all","log"
"5515",9,2.01815139660892,1.39505226426627,"Exp1","mixed","IP",0,1.80284316996256,0.1809107379008,1.8023284285345,0.516506717792705,0,0.29119585680796,0.516506717792705,0.483493282207295,0.516506717792705,0.516506717792705,"all","log"
"5516",9,2.4,2.26191382694014,"Exp1","mixed","IP",0,1.96050525685026,0.195440593936797,1.96075738662554,0.516506717792705,0,0.21326283804797,0.516506717792705,0.483493282207295,0.516506717792705,0.516506717792705,"all","log"
"5517",9,2.01815139660892,1.98193130538129,"Exp1","mixed","IP",0,1.80284316996256,0.1809107379008,1.80287917635314,0.516506717792705,0,0.294595417504066,0.516506717792705,0.483493282207295,0.516506717792705,0.516506717792705,"all","log"
"5518",9,1.69705627484772,1.77388904611871,"Exp1","mixed","IP",0,1.65792088918625,0.167890269551864,1.6588758572053,0.516506717792705,0,0.369072634526522,0.516506717792705,0.483493282207295,0.516506717792705,0.516506717792705,"all","log"
"5519",9,0.8,0.925888648034743,"Exp1","mixed","IP",0,0.743803716089297,0.100766832083594,0.74337282720468,0.416702265542627,0,0.879351464047335,0.416702265542627,0.583297734457373,0.416702265542627,0.416702265542627,"all","log"
"5520",9,0.8,0.861964520634501,"Exp1","mixed","IP",0,0.743803716089297,0.100766832083594,0.743970204028215,0.416702265542627,0,0.874798433633627,0.416702265542627,0.583297734457373,0.416702265542627,0.416702265542627,"all","log"
"5521",9,0.8,0.797908838430885,"Exp1","mixed","IP",0,0.743803716089297,0.100766832083594,0.742735265115872,0.416702265542627,0,0.876961456427687,0.416702265542627,0.583297734457373,0.416702265542627,0.416702265542627,"all","log"
"5522",9,1.2,1.40591844224036,"Exp1","mixed","IP",0,1.40224290758854,0.146259064141852,1.40181982104955,0.516506717792705,0,0.505165350484081,0.516506717792705,0.483493282207295,0.516506717792705,0.516506717792705,"all","log"
"5523",9,0.565685424949238,0.797989699542086,"Exp1","mixed","IP",0,0.607592336183046,0.0973319236758691,0.607977056254291,0.416702265542627,0,0.920514287033376,0.416702265542627,0.583297734457373,0.416702265542627,0.416702265542627,"all","log"
"5524",9,1.2,1.3201226289857,"Exp1","mixed","IP",0,1.40224290758854,0.146259064141852,1.40283309403393,0.516506717792705,0,0.502657920469723,0.516506717792705,0.483493282207295,0.516506717792705,0.516506717792705,"all","log"
"5525",9,0.565685424949238,0.597938694842014,"Exp1","mixed","IP",0,0.607592336183046,0.0973319236758691,0.607837627529271,0.416702265542627,0,0.915932718684697,0.416702265542627,0.583297734457373,0.416702265542627,0.416702265542627,"all","log"
"5526",9,0.475682846001088,0.637877862409368,"Exp1","mixed","IP",0,0.549204702737774,0.0981191831962275,0.549504126738425,0.416702265542627,0,0.904575137178245,0.416702265542627,0.583297734457373,0.416702265542627,0.416702265542627,"all","log"
"5527",9,1.69705627484772,1.5179284939004,"Exp1","mixed","IP",0,1.65792088918625,0.167890269551864,1.65653749796199,0.516506717792705,0,0.367640628886595,0.516506717792705,0.483493282207295,0.516506717792705,0.516506717792705,"all","log"
"5528",9,1.42704853800327,1.48591682502229,"Exp1","mixed","IP",0,1.52470411419439,0.156344325190875,1.52436971922524,0.516506717792705,0,0.444682400209508,0.516506717792705,0.483493282207295,0.516506717792705,0.516506717792705,"all","log"
"5529",9,0.4,0.533977868937654,"Exp1","mixed","IP",0,0.496462183283196,0.100506657254726,0.496428103745606,0.416702265542627,0,0.885368970655471,0.416702265542627,0.583297734457373,0.416702265542627,0.416702265542627,"all","log"
"5530",9,2.4,2.50194722880042,"Exp1","mixed","IP",0,1.96050525685026,0.195440593936797,1.95962720203228,0.516506717792705,0,0.217765306322369,0.516506717792705,0.483493282207295,0.516506717792705,0.516506717792705,"all","log"
"5531",9,2.01815139660892,1.90193976469527,"Exp1","mixed","IP",0,1.80284316996256,0.1809107379008,1.80231303429605,0.516506717792705,0,0.294983544253311,0.516506717792705,0.483493282207295,0.516506717792705,0.516506717792705,"all","log"
"5532",9,0.475682846001088,0.517970168471948,"Exp1","mixed","IP",0,0.549204702737774,0.0981191831962275,0.549585755551664,0.416702265542627,0,0.902411273077784,0.416702265542627,0.583297734457373,0.416702265542627,0.416702265542627,"all","log"
"5533",9,0.672717132202972,0.781870970549789,"Exp1","mixed","IP",0,0.672233749896694,0.098201932458882,0.672090646601937,0.416702265542627,0,0.906685211385886,0.416702265542627,0.583297734457373,0.416702265542627,0.416702265542627,"all","log"
"5534",9,0.475682846001088,0.501917994395626,"Exp1","mixed","IP",0,0.549204702737774,0.0981191831962275,0.54837272728489,0.416702265542627,0,0.911497197904708,0.416702265542627,0.583297734457373,0.416702265542627,0.416702265542627,"all","log"
"5535",9,1.42704853800327,1.79782020221683,"Exp1","mixed","IP",0,1.52470411419439,0.156344325190875,1.52468013283915,0.516506717792705,0,0.439157526875682,0.516506717792705,0.483493282207295,0.516506717792705,0.516506717792705,"all","log"
"5536",9,0.672717132202972,0.693946644110838,"Exp1","mixed","IP",0,0.672233749896694,0.098201932458882,0.67281749533047,0.416702265542627,0,0.904053370756361,0.416702265542627,0.583297734457373,0.416702265542627,0.416702265542627,"all","log"
"5537",9,0.565685424949238,0.557899072900909,"Exp1","mixed","IP",0,0.607592336183046,0.0973319236758691,0.607450646416605,0.416702265542627,0,0.915221063105149,0.416702265542627,0.583297734457373,0.416702265542627,0.416702265542627,"all","log"
"5538",9,0.4,0.477970666077454,"Exp1","mixed","IP",0,0.496462183283196,0.100506657254726,0.495981088609558,0.416702265542627,0,0.889348258484388,0.416702265542627,0.583297734457373,0.416702265542627,0.416702265542627,"all","log"
"5539",9,0.565685424949238,0.629974311046681,"Exp1","mixed","IP",0,0.607592336183046,0.0973319236758691,0.607485388794869,0.416702265542627,0,0.913884679539489,0.416702265542627,0.583297734457373,0.416702265542627,0.416702265542627,"all","log"
"5540",9,1.42704853800327,1.54987080883075,"Exp1","mixed","IP",0,1.52470411419439,0.156344325190875,1.52412312456827,0.516506717792705,0,0.436718216074662,0.516506717792705,0.483493282207295,0.516506717792705,0.516506717792705,"all","log"
"5541",9,0.4,0.637894345632958,"Exp1","mixed","IP",0,0.496462183283196,0.100506657254726,0.496006107916145,0.416702265542627,0,0.880349414266676,0.416702265542627,0.583297734457373,0.416702265542627,0.416702265542627,"all","log"
"5542",9,2.4,1.84590270542685,"Exp1","mixed","IP",0,1.96050525685026,0.195440593936797,1.96020678376782,0.516506717792705,0,0.215876710039371,0.516506717792705,0.483493282207295,0.516506717792705,0.516506717792705,"all","log"
"5543",9,2.01815139660892,1.54195450629777,"Exp1","mixed","IP",0,1.80284316996256,0.1809107379008,1.80290476794732,0.516506717792705,0,0.294495505227058,0.516506717792705,0.483493282207295,0.516506717792705,0.516506717792705,"all","log"
"5544",9,0.4,0.709914225026296,"Exp1","mixed","IP",0,0.496462183283196,0.100506657254726,0.496178219238228,0.416702265542627,0,0.886943535554502,0.416702265542627,0.583297734457373,0.416702265542627,0.416702265542627,"all","log"
"5545",9,1.69705627484772,1.98192850634223,"Exp1","mixed","IP",0,1.65792088918625,0.167890269551864,1.65748405931883,0.516506717792705,0,0.368658584866129,0.516506717792705,0.483493282207295,0.516506717792705,0.516506717792705,"all","log"
"5546",9,2.01815139660892,1.77381813714965,"Exp1","mixed","IP",0,1.80284316996256,0.1809107379008,1.8011758689227,0.516506717792705,0,0.289442482519319,0.516506717792705,0.483493282207295,0.516506717792705,0.516506717792705,"all","log"
"5547",9,1.69705627484772,1.70188813798813,"Exp1","mixed","IP",0,1.65792088918625,0.167890269551864,1.65580897879799,0.516506717792705,0,0.36772496008518,0.516506717792705,0.483493282207295,0.516506717792705,0.516506717792705,"all","log"
"5548",9,0.672717132202972,0.845904571451683,"Exp1","mixed","IP",0,0.672233749896694,0.098201932458882,0.671378617247046,0.416702265542627,0,0.896972227518649,0.416702265542627,0.583297734457373,0.416702265542627,0.416702265542627,"all","log"
"5549",9,0.8,0.853968290008197,"Exp1","mixed","IP",0,0.743803716089297,0.100766832083594,0.743395888113928,0.416702265542627,0,0.875160067375454,0.416702265542627,0.583297734457373,0.416702265542627,0.416702265542627,"all","log"
"5550",9,0.475682846001088,0.605837270129996,"Exp1","mixed","IP",0,0.549204702737774,0.0981191831962275,0.549688927874751,0.416702265542627,0,0.906726741169835,0.416702265542627,0.583297734457373,0.416702265542627,0.416702265542627,"all","log"
"5551",9,0.565685424949238,0.493879156183539,"Exp1","mixed","IP",0,0.607592336183046,0.0973319236758691,0.608457016751729,0.416702265542627,0,0.916299287855932,0.416702265542627,0.583297734457373,0.416702265542627,0.416702265542627,"all","log"
"5552",9,1.42704853800327,1.70985482321339,"Exp1","mixed","IP",0,1.52470411419439,0.156344325190875,1.52493663602158,0.516506717792705,0,0.439343502156007,0.516506717792705,0.483493282207295,0.516506717792705,0.516506717792705,"all","log"
"5553",9,1.2,1.41386802223133,"Exp1","mixed","IP",0,1.40224290758854,0.146259064141852,1.40377997307362,0.516506717792705,0,0.504617367669426,0.516506717792705,0.483493282207295,0.516506717792705,0.516506717792705,"all","log"
"5554",9,1.42704853800327,1.63787941743067,"Exp1","mixed","IP",0,1.52470411419439,0.156344325190875,1.52572396974311,0.516506717792705,0,0.440256082715714,0.516506717792705,0.483493282207295,0.516506717792705,0.516506717792705,"all","log"
"5555",9,0.475682846001088,0.469955153184856,"Exp1","mixed","IP",0,0.549204702737774,0.0981191831962275,0.549425716411055,0.416702265542627,0,0.90608998900201,0.416702265542627,0.583297734457373,0.416702265542627,0.416702265542627,"all","log"
"5556",9,1.2,1.35794696755693,"Exp1","mixed","IP",0,1.40224290758854,0.146259064141852,1.40270029987674,0.516506717792705,0,0.509454186045317,0.516506717792705,0.483493282207295,0.516506717792705,0.516506717792705,"all","log"
"5557",9,0.4,0.469957019213325,"Exp1","mixed","IP",0,0.496462183283196,0.100506657254726,0.497002882310308,0.416702265542627,0,0.882067513747445,0.416702265542627,0.583297734457373,0.416702265542627,0.416702265542627,"all","log"
"5558",9,2.4,2.29384961077812,"Exp1","mixed","IP",0,1.96050525685026,0.195440593936797,1.95797593324903,0.516506717792705,0,0.213722729608131,0.516506717792705,0.483493282207295,0.516506717792705,0.516506717792705,"all","log"
"5559",9,0.565685424949238,0.669960129256651,"Exp1","mixed","IP",0,0.607592336183046,0.0973319236758691,0.606861309265995,0.416702265542627,0,0.914150356083456,0.416702265542627,0.583297734457373,0.416702265542627,0.416702265542627,"all","log"
"5560",9,1.2,1.50997735889177,"Exp1","mixed","IP",0,1.40224290758854,0.146259064141852,1.40201610893397,0.516506717792705,0,0.504808228881987,0.516506717792705,0.483493282207295,0.516506717792705,0.516506717792705,"all","log"
"5561",9,2.01815139660892,1.6859426383744,"Exp1","mixed","IP",0,1.80284316996256,0.1809107379008,1.80109573143735,0.516506717792705,0,0.293500227105281,0.516506717792705,0.483493282207295,0.516506717792705,0.516506717792705,"all","log"
"5562",9,0.8,0.805938968525879,"Exp1","mixed","IP",0,0.743803716089297,0.100766832083594,0.743515225903625,0.416702265542627,0,0.873009256616328,0.416702265542627,0.583297734457373,0.416702265542627,0.416702265542627,"all","log"
"5563",9,0.475682846001088,0.525912595363479,"Exp1","mixed","IP",0,0.549204702737774,0.0981191831962275,0.548762853986387,0.416702265542627,0,0.903068891830647,0.416702265542627,0.583297734457373,0.416702265542627,0.416702265542627,"all","log"
"5564",9,0.8,0.758018809541682,"Exp1","mixed","IP",0,0.743803716089297,0.100766832083594,0.74343567049859,0.416702265542627,0,0.879217497871491,0.416702265542627,0.583297734457373,0.416702265542627,0.416702265542627,"all","log"
"5565",9,0.4,0.461943994352623,"Exp1","mixed","IP",0,0.496462183283196,0.100506657254726,0.49605329829885,0.416702265542627,0,0.882661819640351,0.416702265542627,0.583297734457373,0.416702265542627,0.416702265542627,"all","log"
"5566",9,1.42704853800327,1.32586967677707,"Exp1","mixed","IP",0,1.52470411419439,0.156344325190875,1.52452502871141,0.516506717792705,0,0.438635873329763,0.516506717792705,0.483493282207295,0.516506717792705,0.516506717792705,"all","log"
"5567",9,1.2,1.68588261455443,"Exp1","mixed","IP",0,1.40224290758854,0.146259064141852,1.40217949987472,0.516506717792705,0,0.506910893735821,0.516506717792705,0.483493282207295,0.516506717792705,0.516506717792705,"all","log"
"5568",9,0.8,0.893960639303259,"Exp1","mixed","IP",0,0.743803716089297,0.100766832083594,0.743408254683155,0.416702265542627,0,0.877266853246061,0.416702265542627,0.583297734457373,0.416702265542627,0.416702265542627,"all","log"
"5569",9,0.672717132202972,0.757924886253022,"Exp1","mixed","IP",0,0.672233749896694,0.098201932458882,0.672169253873096,0.416702265542627,0,0.905515919386823,0.416702265542627,0.583297734457373,0.416702265542627,0.416702265542627,"all","log"
"5570",9,0.672717132202972,0.669892330326547,"Exp1","mixed","IP",0,0.672233749896694,0.098201932458882,0.671518589941903,0.416702265542627,0,0.907665947165502,0.416702265542627,0.583297734457373,0.416702265542627,0.416702265542627,"all","log"
"5571",9,2.01815139660892,1.96598082970013,"Exp1","mixed","IP",0,1.80284316996256,0.1809107379008,1.80114335736857,0.516506717792705,0,0.294137829671902,0.516506717792705,0.483493282207295,0.516506717792705,0.516506717792705,"all","log"
"5572",9,0.672717132202972,0.702059501334588,"Exp1","mixed","IP",0,0.672233749896694,0.098201932458882,0.672221458283859,0.416702265542627,0,0.901739186048946,0.416702265542627,0.583297734457373,0.416702265542627,0.416702265542627,"all","log"
"5573",9,2.4,2.24597641343644,"Exp1","mixed","IP",0,1.96050525685026,0.195440593936797,1.95984878785679,0.516506717792705,0,0.214279523842002,0.516506717792705,0.483493282207295,0.516506717792705,0.516506717792705,"all","log"
"5574",9,1.42704853800327,1.42995378476917,"Exp1","mixed","IP",0,1.52470411419439,0.156344325190875,1.52573728731328,0.516506717792705,0,0.443019367736589,0.516506717792705,0.483493282207295,0.516506717792705,0.516506717792705,"all","log"
"5575",9,1.69705627484772,1.59805345541463,"Exp1","mixed","IP",0,1.65792088918625,0.167890269551864,1.65692581798671,0.516506717792705,0,0.37076562380695,0.516506717792705,0.483493282207295,0.516506717792705,0.516506717792705,"all","log"
"5576",9,0.475682846001088,0.653868768640677,"Exp1","mixed","IP",0,0.549204702737774,0.0981191831962275,0.549502088153355,0.416702265542627,0,0.908041395595057,0.416702265542627,0.583297734457373,0.416702265542627,0.416702265542627,"all","log"
"5577",9,0.4,0.685990222027613,"Exp1","mixed","IP",0,0.496462183283196,0.100506657254726,0.497589991932058,0.416702265542627,0,0.886472310400214,0.416702265542627,0.583297734457373,0.416702265542627,0.416702265542627,"all","log"
"5578",9,1.42704853800327,1.50189498008331,"Exp1","mixed","IP",0,1.52470411419439,0.156344325190875,1.52473785397021,0.516506717792705,0,0.433042424912266,0.516506717792705,0.483493282207295,0.516506717792705,0.516506717792705,"all","log"
"5579",9,0.565685424949238,0.581908602071053,"Exp1","mixed","IP",0,0.607592336183046,0.0973319236758691,0.607493414758349,0.416702265542627,0,0.91474367462911,0.416702265542627,0.583297734457373,0.416702265542627,0.416702265542627,"all","log"
"5580",9,1.2,1.25388400785232,"Exp1","mixed","IP",0,1.40224290758854,0.146259064141852,1.40187165940458,0.516506717792705,0,0.507590057522812,0.516506717792705,0.483493282207295,0.516506717792705,0.516506717792705,"all","log"
"5581",9,0.672717132202972,0.701864812665008,"Exp1","mixed","IP",0,0.672233749896694,0.098201932458882,0.671958556942633,0.416702265542627,0,0.900968475589954,0.416702265542627,0.583297734457373,0.416702265542627,0.416702265542627,"all","log"
"5582",9,0.565685424949238,0.693887864304997,"Exp1","mixed","IP",0,0.607592336183046,0.0973319236758691,0.607087384268702,0.416702265542627,0,0.914146128341449,0.416702265542627,0.583297734457373,0.416702265542627,0.416702265542627,"all","log"
"5583",9,1.2,1.26195301347616,"Exp1","mixed","IP",0,1.40224290758854,0.146259064141852,1.40169433399947,0.516506717792705,0,0.501242691026053,0.516506717792705,0.483493282207295,0.516506717792705,0.516506717792705,"all","log"
"5584",9,2.01815139660892,1.82986856959906,"Exp1","mixed","IP",0,1.80284316996256,0.1809107379008,1.80243968753694,0.516506717792705,0,0.291384546852111,0.516506717792705,0.483493282207295,0.516506717792705,0.516506717792705,"all","log"
"5585",9,1.69705627484772,1.93396169671905,"Exp1","mixed","IP",0,1.65792088918625,0.167890269551864,1.65805932597452,0.516506717792705,0,0.368896269455495,0.516506717792705,0.483493282207295,0.516506717792705,0.516506717792705,"all","log"
"5586",9,0.475682846001088,0.533922510177945,"Exp1","mixed","IP",0,0.549204702737774,0.0981191831962275,0.549200887811212,0.416702265542627,0,0.903921941599163,0.416702265542627,0.583297734457373,0.416702265542627,0.416702265542627,"all","log"
"5587",9,1.69705627484772,1.34990035423471,"Exp1","mixed","IP",0,1.65792088918625,0.167890269551864,1.65849979169628,0.516506717792705,0,0.370030601934044,0.516506717792705,0.483493282207295,0.516506717792705,0.516506717792705,"all","log"
"5588",9,1.2,1.26989170831803,"Exp1","mixed","IP",0,1.40224290758854,0.146259064141852,1.40282673780766,0.516506717792705,0,0.504539095287718,0.516506717792705,0.483493282207295,0.516506717792705,0.516506717792705,"all","log"
"5589",9,2.4,2.34989724419211,"Exp1","mixed","IP",0,1.96050525685026,0.195440593936797,1.96056146471381,0.516506717792705,0,0.215452518383435,0.516506717792705,0.483493282207295,0.516506717792705,0.516506717792705,"all","log"
"5590",9,2.4,2.4139261800301,"Exp1","mixed","IP",0,1.96050525685026,0.195440593936797,1.96015686894806,0.516506717792705,0,0.225421961018085,0.516506717792705,0.483493282207295,0.516506717792705,0.516506717792705,"all","log"
"5591",9,0.8,0.917896460461634,"Exp1","mixed","IP",0,0.743803716089297,0.100766832083594,0.743173723456706,0.416702265542627,0,0.879485122998636,0.416702265542627,0.583297734457373,0.416702265542627,0.416702265542627,"all","log"
"5592",9,1.69705627484772,1.59787276193674,"Exp1","mixed","IP",0,1.65792088918625,0.167890269551864,1.65791754232552,0.516506717792705,0,0.369939337765308,0.516506717792705,0.483493282207295,0.516506717792705,0.516506717792705,"all","log"
"5593",9,0.565685424949238,0.669906947525305,"Exp1","mixed","IP",0,0.607592336183046,0.0973319236758691,0.606515499908888,0.416702265542627,0,0.914421554411881,0.416702265542627,0.583297734457373,0.416702265542627,0.416702265542627,"all","log"
"5594",9,1.42704853800327,1.34834253387817,"Exp1","mixed","IP",0,1.52470411419439,0.156344325190875,1.52520162294869,0.516506717792705,0,0.437514582369973,0.516506717792705,0.483493282207295,0.516506717792705,0.516506717792705,"all","log"
"5595",9,0.565685424949238,0.5976712311749,"Exp1","mixed","IP",0,0.607592336183046,0.0973319236758691,0.608041461942237,0.416702265542627,0,0.911232328383517,0.416702265542627,0.583297734457373,0.416702265542627,0.416702265542627,"all","log"
"5596",9,0.4,0.622012601896131,"Exp1","mixed","IP",0,0.496462183283196,0.100506657254726,0.496283753490937,0.416702265542627,0,0.882847326173746,0.416702265542627,0.583297734457373,0.416702265542627,0.416702265542627,"all","log"
"5597",9,2.01815139660892,1.58989705759086,"Exp1","mixed","IP",0,1.80284316996256,0.1809107379008,1.80141398151436,0.516506717792705,0,0.293491853600114,0.516506717792705,0.483493282207295,0.516506717792705,0.516506717792705,"all","log"
"5598",9,0.475682846001088,0.621939826898597,"Exp1","mixed","IP",0,0.549204702737774,0.0981191831962275,0.54889905741224,0.416702265542627,0,0.903385016787226,0.416702265542627,0.583297734457373,0.416702265542627,0.416702265542627,"all","log"
"5599",9,0.672717132202972,0.66189174563624,"Exp1","mixed","IP",0,0.672233749896694,0.098201932458882,0.672734437567356,0.416702265542627,0,0.900589270066376,0.416702265542627,0.583297734457373,0.416702265542627,0.416702265542627,"all","log"
"5600",9,1.2,1.24593411685782,"Exp1","mixed","IP",0,1.40224290758854,0.146259064141852,1.4020775863966,0.516506717792705,0,0.506083182528981,0.516506717792705,0.483493282207295,0.516506717792705,0.516506717792705,"all","log"
"5601",9,0.475682846001088,0.613877663363382,"Exp1","mixed","IP",0,0.549204702737774,0.0981191831962275,0.548908663455012,0.416702265542627,0,0.903685729973718,0.416702265542627,0.583297734457373,0.416702265542627,0.416702265542627,"all","log"
"5602",9,2.4,2.14187488920652,"Exp1","mixed","IP",0,1.96050525685026,0.195440593936797,1.96014208642022,0.516506717792705,0,0.211612437042561,0.516506717792705,0.483493282207295,0.516506717792705,0.516506717792705,"all","log"
"5603",9,2.01815139660892,1.57385296962821,"Exp1","mixed","IP",0,1.80284316996256,0.1809107379008,1.8045373472512,0.516506717792705,0,0.296745352952168,0.516506717792705,0.483493282207295,0.516506717792705,0.516506717792705,"all","log"
"5604",9,0.8,0.669945512054255,"Exp1","mixed","IP",0,0.743803716089297,0.100766832083594,0.744680888096974,0.416702265542627,0,0.880471503979095,0.416702265542627,0.583297734457373,0.416702265542627,0.416702265542627,"all","log"
"5605",9,0.4,0.573854213642335,"Exp1","mixed","IP",0,0.496462183283196,0.100506657254726,0.496846305356702,0.416702265542627,0,0.88385953237658,0.416702265542627,0.583297734457373,0.416702265542627,0.416702265542627,"all","log"
"5606",9,0.8,0.661993755034928,"Exp1","mixed","IP",0,0.743803716089297,0.100766832083594,0.743443530573024,0.416702265542627,0,0.875015427123259,0.416702265542627,0.583297734457373,0.416702265542627,0.416702265542627,"all","log"
"5607",9,0.4,0.621953200079588,"Exp1","mixed","IP",0,0.496462183283196,0.100506657254726,0.496540635183121,0.416702265542627,0,0.887368845093755,0.416702265542627,0.583297734457373,0.416702265542627,0.416702265542627,"all","log"
"5608",9,0.672717132202972,0.685912159959116,"Exp1","mixed","IP",0,0.672233749896694,0.098201932458882,0.67172651027466,0.416702265542627,0,0.905023949999568,0.416702265542627,0.583297734457373,0.416702265542627,0.416702265542627,"all","log"
"5609",10,0.8,0.701908353263207,"Exp1","mixed","IP",0,0.714851888287934,0.121119949147061,0.714399983063529,0.508405571627332,0,0.69360168671057,0.508405571627332,0.491594428372668,0.508405571627332,0.508405571627332,"all","log"
"5610",10,0.565685424949238,0.59004602863115,"Exp1","mixed","IP",0,0.60276555836627,0.138932121384287,0.603385753958244,0.508405571627332,0,0.56082401468997,0.508405571627332,0.491594428372668,0.508405571627332,0.508405571627332,"all","log"
"5611",10,2.01815139660892,1.64588031311905,"Exp1","mixed","IP",0,2.10933436267651,0.174607678968506,2.1096387731231,0.279301516098871,0,0.325767609012492,0.279301516098871,0.720698483901129,0.279301516098871,0.279301516098871,"all","log"
"5612",10,0.475682846001088,0.605919686258858,"Exp1","mixed","IP",0,0.553591487840159,0.149834924106964,0.553455852527857,0.508405571627332,0,0.480098645452842,0.508405571627332,0.491594428372668,0.508405571627332,0.508405571627332,"all","log"
"5613",10,1.42704853800327,1.65385539545696,"Exp1","mixed","IP",0,1.64319326385532,0.150344626521012,1.64361951675577,0.279301516098871,0,0.476780712197838,0.279301516098871,0.720698483901129,0.279301516098871,0.279301516098871,"all","log"
"5614",10,0.4,0.533960763701543,"Exp1","mixed","IP",0,0.50848740963647,0.162094008086314,0.507403540561633,0.508405571627332,0,0.405334636413386,0.508405571627332,0.491594428372668,0.508405571627332,0.508405571627332,"all","log"
"5615",10,1.69705627484772,1.70983709596658,"Exp1","mixed","IP",0,1.86171873047857,0.160741719964048,1.86171153794634,0.279301516098871,0,0.407804783274395,0.279301516098871,0.720698483901129,0.279301516098871,0.279301516098871,"all","log"
"5616",10,2.4,2.42996809096167,"Exp1","mixed","IP",0,2.38991647402097,0.192037564422664,2.38821682568836,0.279301516098871,0,0.231463617958768,0.279301516098871,0.720698483901129,0.279301516098871,0.279301516098871,"all","log"
"5617",10,0.8,0.925925346537042,"Exp1","mixed","IP",0,0.714851888287934,0.121119949147061,0.714465310338933,0.508405571627332,0,0.692928685466284,0.508405571627332,0.491594428372668,0.508405571627332,0.508405571627332,"all","log"
"5618",10,2.4,2.49386329496519,"Exp1","mixed","IP",0,2.38991647402097,0.192037564422664,2.38961159103336,0.279301516098871,0,0.233517306584163,0.279301516098871,0.720698483901129,0.279301516098871,0.279301516098871,"all","log"
"5619",10,0.565685424949238,0.518046364515612,"Exp1","mixed","IP",0,0.60276555836627,0.138932121384287,0.601466718675088,0.508405571627332,0,0.553750314396299,0.508405571627332,0.491594428372668,0.508405571627332,0.508405571627332,"all","log"
"5620",10,2.01815139660892,1.91783177157322,"Exp1","mixed","IP",0,2.10933436267651,0.174607678968506,2.10861990219935,0.279301516098871,0,0.328560856526549,0.279301516098871,0.720698483901129,0.279301516098871,0.279301516098871,"all","log"
"5621",10,1.42704853800327,1.73390633795589,"Exp1","mixed","IP",0,1.64319326385532,0.150344626521012,1.64214120301686,0.279301516098871,0,0.478269494680845,0.279301516098871,0.720698483901129,0.279301516098871,0.279301516098871,"all","log"
"5622",10,1.69705627484772,1.94980176588251,"Exp1","mixed","IP",0,1.86171873047857,0.160741719964048,1.86314239650839,0.279301516098871,0,0.415616525928362,0.279301516098871,0.720698483901129,0.279301516098871,0.279301516098871,"all","log"
"5623",10,0.475682846001088,0.581872836576622,"Exp1","mixed","IP",0,0.553591487840159,0.149834924106964,0.553206253775416,0.508405571627332,0,0.482447995667138,0.508405571627332,0.491594428372668,0.508405571627332,0.508405571627332,"all","log"
"5624",10,0.672717132202972,0.661866865294542,"Exp1","mixed","IP",0,0.656382975009628,0.12936183579204,0.656752786861384,0.508405571627332,0,0.630146560365763,0.508405571627332,0.491594428372668,0.508405571627332,0.508405571627332,"all","log"
"5625",10,0.672717132202972,0.773881271012215,"Exp1","mixed","IP",0,0.656382975009628,0.12936183579204,0.655611318640675,0.508405571627332,0,0.62505577882434,0.508405571627332,0.491594428372668,0.508405571627332,0.508405571627332,"all","log"
"5626",10,0.4,0.685877949485985,"Exp1","mixed","IP",0,0.50848740963647,0.162094008086314,0.508410691319231,0.508405571627332,0,0.403804445214007,0.508405571627332,0.491594428372668,0.508405571627332,0.508405571627332,"all","log"
"5627",10,0.8,0.774023399961152,"Exp1","mixed","IP",0,0.714851888287934,0.121119949147061,0.71533930868196,0.508405571627332,0,0.694517948265347,0.508405571627332,0.491594428372668,0.508405571627332,0.508405571627332,"all","log"
"5628",10,1.69705627484772,1.86187277437512,"Exp1","mixed","IP",0,1.86171873047857,0.160741719964048,1.86286844382288,0.279301516098871,0,0.411936245239014,0.279301516098871,0.720698483901129,0.279301516098871,0.279301516098871,"all","log"
"5629",10,0.672717132202972,0.805905691066982,"Exp1","mixed","IP",0,0.656382975009628,0.12936183579204,0.656500376030954,0.508405571627332,0,0.629914501130634,0.508405571627332,0.491594428372668,0.508405571627332,0.508405571627332,"all","log"
"5630",10,0.475682846001088,0.717882154263862,"Exp1","mixed","IP",0,0.553591487840159,0.149834924106964,0.55180841732765,0.508405571627332,0,0.481483599378382,0.508405571627332,0.491594428372668,0.508405571627332,0.508405571627332,"all","log"
"5631",10,1.2,1.28603780567846,"Exp1","mixed","IP",0,1.45033778848149,0.143328280607071,1.44987584302981,0.279301516098871,0,0.518220189791638,0.279301516098871,0.720698483901129,0.279301516098871,0.279301516098871,"all","log"
"5632",10,0.8,0.573982658402201,"Exp1","mixed","IP",0,0.714851888287934,0.121119949147061,0.714832287509841,0.508405571627332,0,0.691378334498728,0.508405571627332,0.491594428372668,0.508405571627332,0.508405571627332,"all","log"
"5633",10,0.672717132202972,0.701903999203751,"Exp1","mixed","IP",0,0.656382975009628,0.12936183579204,0.657386807131081,0.508405571627332,0,0.624173853375957,0.508405571627332,0.491594428372668,0.508405571627332,0.508405571627332,"all","log"
"5634",10,0.565685424949238,0.637916115929329,"Exp1","mixed","IP",0,0.60276555836627,0.138932121384287,0.601900934594195,0.508405571627332,0,0.553551584628316,0.508405571627332,0.491594428372668,0.508405571627332,0.508405571627332,"all","log"
"5635",10,2.01815139660892,1.98982956966393,"Exp1","mixed","IP",0,2.10933436267651,0.174607678968506,2.10994555333431,0.279301516098871,0,0.334011986911254,0.279301516098871,0.720698483901129,0.279301516098871,0.279301516098871,"all","log"
"5636",10,0.565685424949238,0.669812402227763,"Exp1","mixed","IP",0,0.60276555836627,0.138932121384287,0.602851541708052,0.508405571627332,0,0.558074027243692,0.508405571627332,0.491594428372668,0.508405571627332,0.508405571627332,"all","log"
"5637",10,2.01815139660892,2.12597230818028,"Exp1","mixed","IP",0,2.10933436267651,0.174607678968506,2.10919189748656,0.279301516098871,0,0.326621073786115,0.279301516098871,0.720698483901129,0.279301516098871,0.279301516098871,"all","log"
"5638",10,0.4,0.430050818096788,"Exp1","mixed","IP",0,0.50848740963647,0.162094008086314,0.509105177862771,0.508405571627332,0,0.403801104390666,0.508405571627332,0.491594428372668,0.508405571627332,0.508405571627332,"all","log"
"5639",10,0.4,0.525887404015521,"Exp1","mixed","IP",0,0.50848740963647,0.162094008086314,0.50822936342497,0.508405571627332,0,0.40329382145458,0.508405571627332,0.491594428372668,0.508405571627332,0.508405571627332,"all","log"
"5640",10,2.4,2.17381689312879,"Exp1","mixed","IP",0,2.38991647402097,0.192037564422664,2.3904479689832,0.279301516098871,0,0.232767954740295,0.279301516098871,0.720698483901129,0.279301516098871,0.279301516098871,"all","log"
"5641",10,2.4,2.53383169693188,"Exp1","mixed","IP",0,2.38991647402097,0.192037564422664,2.39099359335905,0.279301516098871,0,0.236653693792935,0.279301516098871,0.720698483901129,0.279301516098871,0.279301516098871,"all","log"
"5642",10,1.42704853800327,1.46184385097877,"Exp1","mixed","IP",0,1.64319326385532,0.150344626521012,1.64284250645959,0.279301516098871,0,0.479191213817204,0.279301516098871,0.720698483901129,0.279301516098871,0.279301516098871,"all","log"
"5643",10,0.475682846001088,0.565982695722596,"Exp1","mixed","IP",0,0.553591487840159,0.149834924106964,0.553738689049603,0.508405571627332,0,0.47987646284028,0.508405571627332,0.491594428372668,0.508405571627332,0.508405571627332,"all","log"
"5644",10,1.42704853800327,1.70187383179018,"Exp1","mixed","IP",0,1.64319326385532,0.150344626521012,1.64363813188531,0.279301516098871,0,0.476380717269759,0.279301516098871,0.720698483901129,0.279301516098871,0.279301516098871,"all","log"
"5645",10,2.01815139660892,2.23790243174244,"Exp1","mixed","IP",0,2.10933436267651,0.174607678968506,2.11051613073306,0.279301516098871,0,0.32751709013871,0.279301516098871,0.720698483901129,0.279301516098871,0.279301516098871,"all","log"
"5646",10,1.42704853800327,1.70991920109191,"Exp1","mixed","IP",0,1.64319326385532,0.150344626521012,1.64300439799289,0.279301516098871,0,0.476144033677133,0.279301516098871,0.720698483901129,0.279301516098871,0.279301516098871,"all","log"
"5647",10,1.69705627484772,1.91792102979707,"Exp1","mixed","IP",0,1.86171873047857,0.160741719964048,1.86317109513572,0.279301516098871,0,0.416531370606099,0.279301516098871,0.720698483901129,0.279301516098871,0.279301516098871,"all","log"
"5648",10,0.565685424949238,0.645982633522181,"Exp1","mixed","IP",0,0.60276555836627,0.138932121384287,0.602770799365593,0.508405571627332,0,0.555626669266217,0.508405571627332,0.491594428372668,0.508405571627332,0.508405571627332,"all","log"
"5649",10,1.2,1.16591707382304,"Exp1","mixed","IP",0,1.45033778848149,0.143328280607071,1.45104566459998,0.279301516098871,0,0.525247942088425,0.279301516098871,0.720698483901129,0.279301516098871,0.279301516098871,"all","log"
"5650",10,0.475682846001088,0.517937202019311,"Exp1","mixed","IP",0,0.553591487840159,0.149834924106964,0.554117324485028,0.508405571627332,0,0.482929907559196,0.508405571627332,0.491594428372668,0.508405571627332,0.508405571627332,"all","log"
"5651",10,0.4,0.645878758097751,"Exp1","mixed","IP",0,0.50848740963647,0.162094008086314,0.509028594127461,0.508405571627332,0,0.403609735058642,0.508405571627332,0.491594428372668,0.508405571627332,0.508405571627332,"all","log"
"5652",10,0.672717132202972,0.637970852680155,"Exp1","mixed","IP",0,0.656382975009628,0.12936183579204,0.655763687195036,0.508405571627332,0,0.6304157403377,0.508405571627332,0.491594428372668,0.508405571627332,0.508405571627332,"all","log"
"5653",10,0.8,0.733850046184671,"Exp1","mixed","IP",0,0.714851888287934,0.121119949147061,0.714684015740907,0.508405571627332,0,0.695803251031211,0.508405571627332,0.491594428372668,0.508405571627332,0.508405571627332,"all","log"
"5654",10,0.565685424949238,0.661931865185579,"Exp1","mixed","IP",0,0.60276555836627,0.138932121384287,0.602280129837387,0.508405571627332,0,0.551208428691267,0.508405571627332,0.491594428372668,0.508405571627332,0.508405571627332,"all","log"
"5655",10,1.42704853800327,1.73380837161312,"Exp1","mixed","IP",0,1.64319326385532,0.150344626521012,1.64256492134858,0.279301516098871,0,0.479643894800784,0.279301516098871,0.720698483901129,0.279301516098871,0.279301516098871,"all","log"
"5656",10,0.475682846001088,0.629902469062472,"Exp1","mixed","IP",0,0.553591487840159,0.149834924106964,0.553112891348169,0.508405571627332,0,0.479853573732072,0.508405571627332,0.491594428372668,0.508405571627332,0.508405571627332,"all","log"
"5657",10,0.4,0.485988667004676,"Exp1","mixed","IP",0,0.50848740963647,0.162094008086314,0.508163263176393,0.508405571627332,0,0.400214150403586,0.508405571627332,0.491594428372668,0.508405571627332,0.508405571627332,"all","log"
"5658",10,0.4,0.437909584839872,"Exp1","mixed","IP",0,0.50848740963647,0.162094008086314,0.508074826183274,0.508405571627332,0,0.400462229241586,0.508405571627332,0.491594428372668,0.508405571627332,0.508405571627332,"all","log"
"5659",10,1.69705627484772,1.82200669281156,"Exp1","mixed","IP",0,1.86171873047857,0.160741719964048,1.86039911484,0.279301516098871,0,0.410532255240205,0.279301516098871,0.720698483901129,0.279301516098871,0.279301516098871,"all","log"
"5660",10,0.4,0.621979324436325,"Exp1","mixed","IP",0,0.50848740963647,0.162094008086314,0.509268552255734,0.508405571627332,0,0.402567802203395,0.508405571627332,0.491594428372668,0.508405571627332,0.508405571627332,"all","log"
"5661",10,2.01815139660892,2.10998762203053,"Exp1","mixed","IP",0,2.10933436267651,0.174607678968506,2.10860873958759,0.279301516098871,0,0.337755410827166,0.279301516098871,0.720698483901129,0.279301516098871,0.279301516098871,"all","log"
"5662",10,1.2,1.40581425581331,"Exp1","mixed","IP",0,1.45033778848149,0.143328280607071,1.45104131801674,0.279301516098871,0,0.526104874498548,0.279301516098871,0.720698483901129,0.279301516098871,0.279301516098871,"all","log"
"5663",10,0.672717132202972,0.749849038529646,"Exp1","mixed","IP",0,0.656382975009628,0.12936183579204,0.656716929125453,0.508405571627332,0,0.627537162500644,0.508405571627332,0.491594428372668,0.508405571627332,0.508405571627332,"all","log"
"5664",10,0.8,0.845844858632518,"Exp1","mixed","IP",0,0.714851888287934,0.121119949147061,0.714693299430021,0.508405571627332,0,0.688901031222566,0.508405571627332,0.491594428372668,0.508405571627332,0.508405571627332,"all","log"
"5665",10,2.4,2.54180895630088,"Exp1","mixed","IP",0,2.38991647402097,0.192037564422664,2.389912936851,0.279301516098871,0,0.236346141131114,0.279301516098871,0.720698483901129,0.279301516098871,0.279301516098871,"all","log"
"5666",10,0.672717132202972,0.797879915033263,"Exp1","mixed","IP",0,0.656382975009628,0.12936183579204,0.656396915918125,0.508405571627332,0,0.625466075657942,0.508405571627332,0.491594428372668,0.508405571627332,0.508405571627332,"all","log"
"5667",10,0.565685424949238,0.725891447071263,"Exp1","mixed","IP",0,0.60276555836627,0.138932121384287,0.602853988260734,0.508405571627332,0,0.553354744972072,0.508405571627332,0.491594428372668,0.508405571627332,0.508405571627332,"all","log"
"5668",10,2.4,2.15799206317115,"Exp1","mixed","IP",0,2.38991647402097,0.192037564422664,2.38907866209706,0.279301516098871,0,0.238078405417623,0.279301516098871,0.720698483901129,0.279301516098871,0.279301516098871,"all","log"
"5669",10,0.672717132202972,0.709952789552517,"Exp1","mixed","IP",0,0.656382975009628,0.12936183579204,0.656432644984264,0.508405571627332,0,0.627052473843227,0.508405571627332,0.491594428372668,0.508405571627332,0.508405571627332,"all","log"
"5670",10,1.42704853800327,1.54986925380763,"Exp1","mixed","IP",0,1.64319326385532,0.150344626521012,1.64339047011214,0.279301516098871,0,0.479713965603351,0.279301516098871,0.720698483901129,0.279301516098871,0.279301516098871,"all","log"
"5671",10,1.2,1.66191351593443,"Exp1","mixed","IP",0,1.45033778848149,0.143328280607071,1.44985000717949,0.279301516098871,0,0.519712936245535,0.279301516098871,0.720698483901129,0.279301516098871,0.279301516098871,"all","log"
"5672",10,2.4,1.99785068063284,"Exp1","mixed","IP",0,2.38991647402097,0.192037564422664,2.39162099185952,0.279301516098871,0,0.229958915567947,0.279301516098871,0.720698483901129,0.279301516098871,0.279301516098871,"all","log"
"5673",10,0.8,0.902003831572074,"Exp1","mixed","IP",0,0.714851888287934,0.121119949147061,0.715072429835754,0.508405571627332,0,0.689772513191499,0.508405571627332,0.491594428372668,0.508405571627332,0.508405571627332,"all","log"
"5674",10,1.2,1.46194990343338,"Exp1","mixed","IP",0,1.45033778848149,0.143328280607071,1.45133563749901,0.279301516098871,0,0.525505482772264,0.279301516098871,0.720698483901129,0.279301516098871,0.279301516098871,"all","log"
"5675",10,1.69705627484772,1.82185025766648,"Exp1","mixed","IP",0,1.86171873047857,0.160741719964048,1.85968438960311,0.279301516098871,0,0.413086514134337,0.279301516098871,0.720698483901129,0.279301516098871,0.279301516098871,"all","log"
"5676",10,0.475682846001088,0.613932089108857,"Exp1","mixed","IP",0,0.553591487840159,0.149834924106964,0.554712020630426,0.508405571627332,0,0.475145265794099,0.508405571627332,0.491594428372668,0.508405571627332,0.508405571627332,"all","log"
"5677",10,0.565685424949238,0.629956583804415,"Exp1","mixed","IP",0,0.60276555836627,0.138932121384287,0.601450255637331,0.508405571627332,0,0.556507970147016,0.508405571627332,0.491594428372668,0.508405571627332,0.508405571627332,"all","log"
"5678",10,1.69705627484772,1.91788557531072,"Exp1","mixed","IP",0,1.86171873047857,0.160741719964048,1.8619194865425,0.279301516098871,0,0.412849483633743,0.279301516098871,0.720698483901129,0.279301516098871,0.279301516098871,"all","log"
"5679",10,1.69705627484772,1.5018156739925,"Exp1","mixed","IP",0,1.86171873047857,0.160741719964048,1.86370422513868,0.279301516098871,0,0.411770075818113,0.279301516098871,0.720698483901129,0.279301516098871,0.279301516098871,"all","log"
"5680",10,2.01815139660892,2.18999440192329,"Exp1","mixed","IP",0,2.10933436267651,0.174607678968506,2.10921431556661,0.279301516098871,0,0.326540591230347,0.279301516098871,0.720698483901129,0.279301516098871,0.279301516098871,"all","log"
"5681",10,2.4,2.46192284606241,"Exp1","mixed","IP",0,2.38991647402097,0.192037564422664,2.38931662946167,0.279301516098871,0,0.237946653139442,0.279301516098871,0.720698483901129,0.279301516098871,0.279301516098871,"all","log"
"5682",10,0.475682846001088,0.525859724636575,"Exp1","mixed","IP",0,0.553591487840159,0.149834924106964,0.552169217030728,0.508405571627332,0,0.479059533822339,0.508405571627332,0.491594428372668,0.508405571627332,0.508405571627332,"all","log"
"5683",10,2.01815139660892,1.87770444642774,"Exp1","mixed","IP",0,2.10933436267651,0.174607678968506,2.10818095432803,0.279301516098871,0,0.335460931344555,0.279301516098871,0.720698483901129,0.279301516098871,0.279301516098871,"all","log"
"5684",10,0.672717132202972,0.653979175154745,"Exp1","mixed","IP",0,0.656382975009628,0.12936183579204,0.657084168807503,0.508405571627332,0,0.629984357810226,0.508405571627332,0.491594428372668,0.508405571627332,0.508405571627332,"all","log"
"5685",10,0.672717132202972,0.669874603080643,"Exp1","mixed","IP",0,0.656382975009628,0.12936183579204,0.655584735548461,0.508405571627332,0,0.626675941841438,0.508405571627332,0.491594428372668,0.508405571627332,0.508405571627332,"all","log"
"5686",10,0.8,0.701899023135411,"Exp1","mixed","IP",0,0.714851888287934,0.121119949147061,0.71523385600093,0.508405571627332,0,0.69181777496116,0.508405571627332,0.491594428372668,0.508405571627332,0.508405571627332,"all","log"
"5687",10,0.565685424949238,0.805907246088282,"Exp1","mixed","IP",0,0.60276555836627,0.138932121384287,0.603136882376414,0.508405571627332,0,0.554573056405333,0.508405571627332,0.491594428372668,0.508405571627332,0.508405571627332,"all","log"
"5688",10,1.2,1.22194449195922,"Exp1","mixed","IP",0,1.45033778848149,0.143328280607071,1.45071971099676,0.279301516098871,0,0.523606824108137,0.279301516098871,0.720698483901129,0.279301516098871,0.279301516098871,"all","log"
"5689",10,1.2,1.5818843437346,"Exp1","mixed","IP",0,1.45033778848149,0.143328280607071,1.45069037059819,0.279301516098871,0,0.531942373500648,0.279301516098871,0.720698483901129,0.279301516098871,0.279301516098871,"all","log"
"5690",10,2.4,2.11790485757501,"Exp1","mixed","IP",0,2.38991647402097,0.192037564422664,2.39060301778773,0.279301516098871,0,0.233993172195627,0.279301516098871,0.720698483901129,0.279301516098871,0.279301516098871,"all","log"
"5691",10,0.8,0.773975194299965,"Exp1","mixed","IP",0,0.714851888287934,0.121119949147061,0.715355588233697,0.508405571627332,0,0.693422827507597,0.508405571627332,0.491594428372668,0.508405571627332,0.508405571627332,"all","log"
"5692",10,0.672717132202972,0.797988144517149,"Exp1","mixed","IP",0,0.656382975009628,0.12936183579204,0.656458070660536,0.508405571627332,0,0.625216888023633,0.508405571627332,0.491594428372668,0.508405571627332,0.508405571627332,"all","log"
"5693",10,0.565685424949238,0.733985644043059,"Exp1","mixed","IP",0,0.60276555836627,0.138932121384287,0.602920958497939,0.508405571627332,0,0.56036185727564,0.508405571627332,0.491594428372668,0.508405571627332,0.508405571627332,"all","log"
"5694",10,1.42704853800327,1.58987000021807,"Exp1","mixed","IP",0,1.64319326385532,0.150344626521012,1.64438323563614,0.279301516098871,0,0.475802170501508,0.279301516098871,0.720698483901129,0.279301516098871,0.279301516098871,"all","log"
"5695",10,0.672717132202972,0.829963736902755,"Exp1","mixed","IP",0,0.656382975009628,0.12936183579204,0.65745186768234,0.508405571627332,0,0.625310030726904,0.508405571627332,0.491594428372668,0.508405571627332,0.508405571627332,"all","log"
"5696",10,1.2,1.48590220781898,"Exp1","mixed","IP",0,1.45033778848149,0.143328280607071,1.44969171999105,0.279301516098871,0,0.528615063283941,0.279301516098871,0.720698483901129,0.279301516098871,0.279301516098871,"all","log"
"5697",10,0.475682846001088,0.717809690270769,"Exp1","mixed","IP",0,0.553591487840159,0.149834924106964,0.55564777690263,0.508405571627332,0,0.48311957365112,0.508405571627332,0.491594428372668,0.508405571627332,0.508405571627332,"all","log"
"5698",10,1.69705627484772,1.58176896115219,"Exp1","mixed","IP",0,1.86171873047857,0.160741719964048,1.86213887068527,0.279301516098871,0,0.413063566016894,0.279301516098871,0.720698483901129,0.279301516098871,0.279301516098871,"all","log"
"5699",10,0.4,0.541901324566425,"Exp1","mixed","IP",0,0.50848740963647,0.162094008086314,0.50914971894647,0.508405571627332,0,0.401388429072227,0.508405571627332,0.491594428372668,0.508405571627332,0.508405571627332,"all","log"
"5700",10,2.01815139660892,2.01383536678259,"Exp1","mixed","IP",0,2.10933436267651,0.174607678968506,2.11010714805728,0.279301516098871,0,0.335106655140862,0.279301516098871,0.720698483901129,0.279301516098871,0.279301516098871,"all","log"
"5701",10,2.4,2.14196103738595,"Exp1","mixed","IP",0,2.38991647402097,0.192037564422664,2.390928154077,0.279301516098871,0,0.238514155281048,0.279301516098871,0.720698483901129,0.279301516098871,0.279301516098871,"all","log"
"5702",10,0.4,0.477969733065038,"Exp1","mixed","IP",0,0.50848740963647,0.162094008086314,0.507420999513028,0.508405571627332,0,0.403618982067305,0.508405571627332,0.491594428372668,0.508405571627332,0.508405571627332,"all","log"
"5703",10,0.4,0.509955277586414,"Exp1","mixed","IP",0,0.50848740963647,0.162094008086314,0.507612713855958,0.508405571627332,0,0.40288502669764,0.508405571627332,0.491594428372668,0.508405571627332,0.508405571627332,"all","log"
"5704",10,1.69705627484772,1.65392692643763,"Exp1","mixed","IP",0,1.86171873047857,0.160741719964048,1.86136706172549,0.279301516098871,0,0.408229635994508,0.279301516098871,0.720698483901129,0.279301516098871,0.279301516098871,"all","log"
"5705",10,1.42704853800327,1.60587801168731,"Exp1","mixed","IP",0,1.64319326385532,0.150344626521012,1.64241910391803,0.279301516098871,0,0.481954435794833,0.279301516098871,0.720698483901129,0.279301516098871,0.279301516098871,"all","log"
"5706",10,0.565685424949238,0.62998426318336,"Exp1","mixed","IP",0,0.60276555836627,0.138932121384287,0.603985196647534,0.508405571627332,0,0.556942120952781,0.508405571627332,0.491594428372668,0.508405571627332,0.508405571627332,"all","log"
"5707",10,0.475682846001088,0.669959196239688,"Exp1","mixed","IP",0,0.553591487840159,0.149834924106964,0.553676369598244,0.508405571627332,0,0.482434675055848,0.508405571627332,0.491594428372668,0.508405571627332,0.508405571627332,"all","log"
"5708",10,0.8,0.605974112005242,"Exp1","mixed","IP",0,0.714851888287934,0.121119949147061,0.715538098022899,0.508405571627332,0,0.691963831582738,0.508405571627332,0.491594428372668,0.508405571627332,0.508405571627332,"all","log"
"5709",10,2.01815139660892,2.10993475130545,"Exp1","mixed","IP",0,2.10933436267651,0.174607678968506,2.11025895851917,0.279301516098871,0,0.328306792126671,0.279301516098871,0.720698483901129,0.279301516098871,0.279301516098871,"all","log"
"5710",10,1.42704853800327,1.72593312164281,"Exp1","mixed","IP",0,1.64319326385532,0.150344626521012,1.64295967944614,0.279301516098871,0,0.483585461627522,0.279301516098871,0.720698483901129,0.279301516098871,0.279301516098871,"all","log"
"5711",10,0.8,0.573934141737482,"Exp1","mixed","IP",0,0.714851888287934,0.121119949147061,0.714483891510956,0.508405571627332,0,0.692010792579282,0.508405571627332,0.491594428372668,0.508405571627332,0.508405571627332,"all","log"
"5712",10,0.475682846001088,0.565933868053435,"Exp1","mixed","IP",0,0.553591487840159,0.149834924106964,0.553749163393491,0.508405571627332,0,0.478517927499976,0.508405571627332,0.491594428372668,0.508405571627332,0.508405571627332,"all","log"
"5713",10,1.69705627484772,1.66988642124215,"Exp1","mixed","IP",0,1.86171873047857,0.160741719964048,1.86159441549454,0.279301516098871,0,0.409520242227043,0.279301516098871,0.720698483901129,0.279301516098871,0.279301516098871,"all","log"
"5714",10,1.2,1.46994800008724,"Exp1","mixed","IP",0,1.45033778848149,0.143328280607071,1.44987189756262,0.279301516098871,0,0.524849472846955,0.279301516098871,0.720698483901129,0.279301516098871,0.279301516098871,"all","log"
"5715",10,1.42704853800327,1.50988561263148,"Exp1","mixed","IP",0,1.64319326385532,0.150344626521012,1.64408488013489,0.279301516098871,0,0.477770944873033,0.279301516098871,0.720698483901129,0.279301516098871,0.279301516098871,"all","log"
"5716",10,0.475682846001088,0.421931429779761,"Exp1","mixed","IP",0,0.553591487840159,0.149834924106964,0.555104729927249,0.508405571627332,0,0.480771047624732,0.508405571627332,0.491594428372668,0.508405571627332,0.508405571627332,"all","log"
"5717",10,1.2,1.3018579705722,"Exp1","mixed","IP",0,1.45033778848149,0.143328280607071,1.44960125750966,0.279301516098871,0,0.523531913651528,0.279301516098871,0.720698483901129,0.279301516098871,0.279301516098871,"all","log"
"5718",10,2.4,2.20591844224145,"Exp1","mixed","IP",0,2.38991647402097,0.192037564422664,2.3889753548143,0.279301516098871,0,0.237207338553145,0.279301516098871,0.720698483901129,0.279301516098871,0.279301516098871,"all","log"
"5719",10,0.8,0.725888337028664,"Exp1","mixed","IP",0,0.714851888287934,0.121119949147061,0.715145431722066,0.508405571627332,0,0.700941647531654,0.508405571627332,0.491594428372668,0.508405571627332,0.508405571627332,"all","log"
"5720",10,2.01815139660892,1.90189684610596,"Exp1","mixed","IP",0,2.10933436267651,0.174607678968506,2.1102038808698,0.279301516098871,0,0.324081541380379,0.279301516098871,0.720698483901129,0.279301516098871,0.279301516098871,"all","log"
"5721",10,0.4,0.549860234683365,"Exp1","mixed","IP",0,0.50848740963647,0.162094008086314,0.508723307337153,0.508405571627332,0,0.40751343879566,0.508405571627332,0.491594428372668,0.508405571627332,0.508405571627332,"all","log"
"5722",10,2.4,2.27781018787755,"Exp1","mixed","IP",0,2.38991647402097,0.192037564422664,2.39110851142198,0.279301516098871,0,0.236103284996179,0.279301516098871,0.720698483901129,0.279301516098871,0.279301516098871,"all","log"
"5723",10,1.2,1.5019637120231,"Exp1","mixed","IP",0,1.45033778848149,0.143328280607071,1.45021944780134,0.279301516098871,0,0.522146539688873,0.279301516098871,0.720698483901129,0.279301516098871,0.279301516098871,"all","log"
"5724",10,1.42704853800327,1.54991745946791,"Exp1","mixed","IP",0,1.64319326385532,0.150344626521012,1.64381522761317,0.279301516098871,0,0.473921498982598,0.279301516098871,0.720698483901129,0.279301516098871,0.279301516098871,"all","log"
"5725",10,2.01815139660892,2.12587060978603,"Exp1","mixed","IP",0,2.10933436267651,0.174607678968506,2.1084389628502,0.279301516098871,0,0.328319413310743,0.279301516098871,0.720698483901129,0.279301516098871,0.279301516098871,"all","log"
"5726",10,0.475682846001088,0.613910940818641,"Exp1","mixed","IP",0,0.553591487840159,0.149834924106964,0.553488678196462,0.508405571627332,0,0.476277292180963,0.508405571627332,0.491594428372668,0.508405571627332,0.508405571627332,"all","log"
"5727",10,0.8,0.621918367601211,"Exp1","mixed","IP",0,0.714851888287934,0.121119949147061,0.714787077624946,0.508405571627332,0,0.697246814300705,0.508405571627332,0.491594428372668,0.508405571627332,0.508405571627332,"all","log"
"5728",10,2.01815139660892,2.00587987771269,"Exp1","mixed","IP",0,2.10933436267651,0.174607678968506,2.10917979505393,0.279301516098871,0,0.329620727460695,0.279301516098871,0.720698483901129,0.279301516098871,0.279301516098871,"all","log"
"5729",10,0.565685424949238,0.65401338562242,"Exp1","mixed","IP",0,0.60276555836627,0.138932121384287,0.601836368272832,0.508405571627332,0,0.552802775188776,0.508405571627332,0.491594428372668,0.508405571627332,0.508405571627332,"all","log"
"5730",10,0.475682846001088,0.669869316007862,"Exp1","mixed","IP",0,0.553591487840159,0.149834924106964,0.553388648735593,0.508405571627332,0,0.485305561745361,0.508405571627332,0.491594428372668,0.508405571627332,0.508405571627332,"all","log"
"5731",10,0.4,0.42993201446825,"Exp1","mixed","IP",0,0.50848740963647,0.162094008086314,0.507407993988366,0.508405571627332,0,0.399348497403426,0.508405571627332,0.491594428372668,0.508405571627332,0.508405571627332,"all","log"
"5732",10,0.565685424949238,0.509894631754833,"Exp1","mixed","IP",0,0.60276555836627,0.138932121384287,0.602740750174645,0.508405571627332,0,0.554704574099,0.508405571627332,0.491594428372668,0.508405571627332,0.508405571627332,"all","log"
"5733",10,1.2,1.37392947667286,"Exp1","mixed","IP",0,1.45033778848149,0.143328280607071,1.44955651093954,0.279301516098871,0,0.526236103246946,0.279301516098871,0.720698483901129,0.279301516098871,0.279301516098871,"all","log"
"5734",10,0.672717132202972,0.693974323487964,"Exp1","mixed","IP",0,0.656382975009628,0.12936183579204,0.657242660716822,0.508405571627332,0,0.62239121712033,0.508405571627332,0.491594428372668,0.508405571627332,0.508405571627332,"all","log"
"5735",10,0.8,0.685876394464685,"Exp1","mixed","IP",0,0.714851888287934,0.121119949147061,0.713998345763589,0.508405571627332,0,0.694586948538375,0.508405571627332,0.491594428372668,0.508405571627332,0.508405571627332,"all","log"
"5736",10,1.69705627484772,1.58993686613485,"Exp1","mixed","IP",0,1.86171873047857,0.160741719964048,1.86178416896097,0.279301516098871,0,0.408477245100341,0.279301516098871,0.720698483901129,0.279301516098871,0.279301516098871,"all","log"
"5737",10,1.69705627484772,1.8939432230618,"Exp1","mixed","IP",0,1.86171873047857,0.160741719964048,1.86187042676012,0.279301516098871,0,0.405566121206626,0.279301516098871,0.720698483901129,0.279301516098871,0.279301516098871,"all","log"
"5738",10,2.4,1.9898653351529,"Exp1","mixed","IP",0,2.38991647402097,0.192037564422664,2.39203911580274,0.279301516098871,0,0.234833613908014,0.279301516098871,0.720698483901129,0.279301516098871,0.279301516098871,"all","log"
"5739",10,2.4,2.07798124022247,"Exp1","mixed","IP",0,2.38991647402097,0.192037564422664,2.39030050653439,0.279301516098871,0,0.23197166762287,0.279301516098871,0.720698483901129,0.279301516098871,0.279301516098871,"all","log"
"5740",10,1.69705627484772,1.68595196850129,"Exp1","mixed","IP",0,1.86171873047857,0.160741719964048,1.86049717154483,0.279301516098871,0,0.405526668688601,0.279301516098871,0.720698483901129,0.279301516098871,0.279301516098871,"all","log"
"5741",10,1.42704853800327,1.46201365930665,"Exp1","mixed","IP",0,1.64319326385532,0.150344626521012,1.64329853216262,0.279301516098871,0,0.476305341593725,0.279301516098871,0.720698483901129,0.279301516098871,0.279301516098871,"all","log"
"5742",10,2.01815139660892,1.95788476669986,"Exp1","mixed","IP",0,2.10933436267651,0.174607678968506,2.10880335913016,0.279301516098871,0,0.331031572561511,0.279301516098871,0.720698483901129,0.279301516098871,0.279301516098871,"all","log"
"5743",10,0.565685424949238,0.597936206805571,"Exp1","mixed","IP",0,0.60276555836627,0.138932121384287,0.603602929852779,0.508405571627332,0,0.555476828181594,0.508405571627332,0.491594428372668,0.508405571627332,0.508405571627332,"all","log"
"5744",10,0.4,0.461918492002042,"Exp1","mixed","IP",0,0.50848740963647,0.162094008086314,0.509261576079834,0.508405571627332,0,0.404689297890706,0.508405571627332,0.491594428372668,0.508405571627332,0.508405571627332,"all","log"
"5745",10,1.2,1.38200314736332,"Exp1","mixed","IP",0,1.45033778848149,0.143328280607071,1.45032064838985,0.279301516098871,0,0.521311088386188,0.279301516098871,0.720698483901129,0.279301516098871,0.279301516098871,"all","log"
"5746",10,0.672717132202972,0.805864016495434,"Exp1","mixed","IP",0,0.656382975009628,0.12936183579204,0.657246515881635,0.508405571627332,0,0.630075331134701,0.508405571627332,0.491594428372668,0.508405571627332,0.508405571627332,"all","log"
"5747",10,1.42704853800327,1.50996865076922,"Exp1","mixed","IP",0,1.64319326385532,0.150344626521012,1.64328264691345,0.279301516098871,0,0.47452854714095,0.279301516098871,0.720698483901129,0.279301516098871,0.279301516098871,"all","log"
"5748",11,0.8,1.06185473612823,"Exp1","mixed","IP",0,0.642938140219206,0.0728538133176711,0.642316400862574,0.585541419147453,0,1.1944808368058,0.585541419147453,0.414458580852547,0.585541419147453,0.585541419147453,"all","log"
"5749",11,1.69705627484772,1.27788420689285,"Exp1","mixed","IP",0,1.73331259907817,0.23680824981038,1.7336447862993,0.236380420689471,0,0.0241208467412241,0.236380420689471,0.763619579310529,0.236380420689471,0.236380420689471,"all","log"
"5750",11,0.475682846001088,0.557877924606146,"Exp1","mixed","IP",0,0.518291946467941,0.067842894767973,0.51781360027142,0.585541419147453,0,1.28004484045539,0.585541419147453,0.414458580852547,0.585541419147453,0.585541419147453,"all","log"
"5751",11,0.475682846001088,0.493978366543161,"Exp1","mixed","IP",0,0.518291946467941,0.067842894767973,0.518378996091672,0.585541419147453,0,1.27547507655787,0.585541419147453,0.414458580852547,0.585541419147453,0.585541419147453,"all","log"
"5752",11,2.01815139660892,1.94186058300784,"Exp1","mixed","IP",0,1.97860433573789,0.269856825378673,1.97894216688139,0.236380420689471,0,-0.108343923698143,0.236380420689471,0.763619579310529,0.236380420689471,0.236380420689471,"all","log"
"5753",11,1.2,1.56590929871618,"Exp1","mixed","IP",0,1.33045707745554,0.183015485119166,1.33083233695667,0.236380420689471,0,0.282511882300929,0.236380420689471,0.763619579310529,0.236380420689471,0.236380420689471,"all","log"
"5754",11,1.42704853800327,1.71791138866502,"Exp1","mixed","IP",0,1.51853289105073,0.208021346870686,1.51933366304013,0.236380420689471,0,0.154470440937195,0.236380420689471,0.763619579310529,0.236380420689471,0.236380420689471,"all","log"
"5755",11,0.565685424949238,0.621858032773162,"Exp1","mixed","IP",0,0.556871493068982,0.0687685406902996,0.556677388148556,0.585541419147453,0,1.25907033540655,0.585541419147453,0.414458580852547,0.585541419147453,0.585541419147453,"all","log"
"5756",11,2.4,2.22981321083898,"Exp1","mixed","IP",0,2.2587616568335,0.307731270913951,2.26078460672978,0.236380420689471,0,-0.23902796429101,0.236380420689471,0.763619579310529,0.236380420689471,0.236380420689471,"all","log"
"5757",11,0.4,0.413931778104597,"Exp1","mixed","IP",0,0.482404829268721,0.0676940522937307,0.482426319764505,0.585541419147453,0,1.28441618460093,0.585541419147453,0.414458580852547,0.585541419147453,0.585541419147453,"all","log"
"5758",11,0.475682846001088,0.453882141824579,"Exp1","mixed","IP",0,0.518291946467941,0.067842894767973,0.518055450108191,0.585541419147453,0,1.28211715876201,0.585541419147453,0.414458580852547,0.585541419147453,0.585541419147453,"all","log"
"5759",11,2.4,2.60587334662341,"Exp1","mixed","IP",0,2.2587616568335,0.307731270913951,2.26037057791022,0.236380420689471,0,-0.239930096462189,0.236380420689471,0.763619579310529,0.236380420689471,0.236380420689471,"all","log"
"5760",11,0.565685424949238,0.637948460373082,"Exp1","mixed","IP",0,0.556871493068982,0.0687685406902996,0.556312988744556,0.585541419147453,0,1.26285657016379,0.585541419147453,0.414458580852547,0.585541419147453,0.585541419147453,"all","log"
"5761",11,1.69705627484772,1.55790747001174,"Exp1","mixed","IP",0,1.73331259907817,0.23680824981038,1.73559993414319,0.236380420689471,0,0.0232262888466901,0.236380420689471,0.763619579310529,0.236380420689471,0.236380420689471,"all","log"
"5762",11,2.4,2.2458053610917,"Exp1","mixed","IP",0,2.2587616568335,0.307731270913951,2.25886828813481,0.236380420689471,0,-0.242233040993008,0.236380420689471,0.763619579310529,0.236380420689471,0.236380420689471,"all","log"
"5763",11,1.42704853800327,1.70986601936329,"Exp1","mixed","IP",0,1.51853289105073,0.208021346870686,1.51858437601253,0.236380420689471,0,0.159538178661376,0.236380420689471,0.763619579310529,0.236380420689471,0.236380420689471,"all","log"
"5764",11,0.4,0.445930695809693,"Exp1","mixed","IP",0,0.482404829268721,0.0676940522937307,0.482800236033864,0.585541419147453,0,1.28265600675019,0.585541419147453,0.414458580852547,0.585541419147453,0.585541419147453,"all","log"
"5765",11,0.672717132202972,0.749927411604403,"Exp1","mixed","IP",0,0.5983471518586,0.0704475937613147,0.598614810574361,0.585541419147453,0,1.24121083372688,0.585541419147453,0.414458580852547,0.585541419147453,0.585541419147453,"all","log"
"5766",11,0.475682846001088,0.469957952223012,"Exp1","mixed","IP",0,0.518291946467941,0.067842894767973,0.51874570024817,0.585541419147453,0,1.27538057724376,0.585541419147453,0.414458580852547,0.585541419147453,0.585541419147453,"all","log"
"5767",11,0.8,0.765909298715997,"Exp1","mixed","IP",0,0.642938140219206,0.0728538133176711,0.642730929712418,0.585541419147453,0,1.19972082337956,0.585541419147453,0.414458580852547,0.585541419147453,0.585541419147453,"all","log"
"5768",11,1.2,1.22191525755716,"Exp1","mixed","IP",0,1.33045707745554,0.183015485119166,1.32948101439561,0.236380420689471,0,0.28144476018813,0.236380420689471,0.763619579310529,0.236380420689471,0.236380420689471,"all","log"
"5769",11,0.8,0.965833724680124,"Exp1","mixed","IP",0,0.642938140219206,0.0728538133176711,0.642857225784015,0.585541419147453,0,1.20229642818961,0.585541419147453,0.414458580852547,0.585541419147453,0.585541419147453,"all","log"
"5770",11,1.2,1.31789055137961,"Exp1","mixed","IP",0,1.33045707745554,0.183015485119166,1.33114961156575,0.236380420689471,0,0.282759287563577,0.236380420689471,0.763619579310529,0.236380420689471,0.236380420689471,"all","log"
"5771",11,2.4,2.50180758788247,"Exp1","mixed","IP",0,2.2587616568335,0.307731270913951,2.25978155327116,0.236380420689471,0,-0.243133133785479,0.236380420689471,0.763619579310529,0.236380420689471,0.236380420689471,"all","log"
"5772",11,0.8,0.965899968588019,"Exp1","mixed","IP",0,0.642938140219206,0.0728538133176711,0.643215367950919,0.585541419147453,0,1.20600246706612,0.585541419147453,0.414458580852547,0.585541419147453,0.585541419147453,"all","log"
"5773",11,2.01815139660892,1.54985152656445,"Exp1","mixed","IP",0,1.97860433573789,0.269856825378673,1.97848015230123,0.236380420689471,0,-0.107825191859601,0.236380420689471,0.763619579310529,0.236380420689471,0.236380420689471,"all","log"
"5774",11,1.69705627484772,1.79774742721656,"Exp1","mixed","IP",0,1.73331259907817,0.23680824981038,1.73268489031431,0.236380420689471,0,0.0280336630026651,0.236380420689471,0.763619579310529,0.236380420689471,0.236380420689471,"all","log"
"5775",11,0.672717132202972,0.669921875728505,"Exp1","mixed","IP",0,0.5983471518586,0.0704475937613147,0.598247682987302,0.585541419147453,0,1.23907284230599,0.585541419147453,0.414458580852547,0.585541419147453,0.585541419147453,"all","log"
"5776",11,0.672717132202972,0.773948447933435,"Exp1","mixed","IP",0,0.5983471518586,0.0704475937613147,0.598609767756452,0.585541419147453,0,1.23504906602786,0.585541419147453,0.414458580852547,0.585541419147453,0.585541419147453,"all","log"
"5777",11,1.42704853800327,1.32587620786217,"Exp1","mixed","IP",0,1.51853289105073,0.208021346870686,1.51790880822312,0.236380420689471,0,0.14852507832613,0.236380420689471,0.763619579310529,0.236380420689471,0.236380420689471,"all","log"
"5778",11,0.4,0.57394222784751,"Exp1","mixed","IP",0,0.482404829268721,0.0676940522937307,0.482907387739823,0.585541419147453,0,1.27695673031616,0.585541419147453,0.414458580852547,0.585541419147453,0.585541419147453,"all","log"
"5779",11,0.672717132202972,0.669933693890925,"Exp1","mixed","IP",0,0.5983471518586,0.0704475937613147,0.598468105979084,0.585541419147453,0,1.23162624809144,0.585541419147453,0.414458580852547,0.585541419147453,0.585541419147453,"all","log"
"5780",11,1.42704853800327,1.26186748730288,"Exp1","mixed","IP",0,1.51853289105073,0.208021346870686,1.51832645004075,0.236380420689471,0,0.154296195082167,0.236380420689471,0.763619579310529,0.236380420689471,0.236380420689471,"all","log"
"5781",11,0.4,0.421884157131899,"Exp1","mixed","IP",0,0.482404829268721,0.0676940522937307,0.482413541720049,0.585541419147453,0,1.28673610205296,0.585541419147453,0.414458580852547,0.585541419147453,0.585541419147453,"all","log"
"5782",11,0.565685424949238,0.573874117913874,"Exp1","mixed","IP",0,0.556871493068982,0.0687685406902996,0.556778178740345,0.585541419147453,0,1.2579965256153,0.585541419147453,0.414458580852547,0.585541419147453,0.585541419147453,"all","log"
"5783",11,2.01815139660892,1.75785055623055,"Exp1","mixed","IP",0,1.97860433573789,0.269856825378673,1.97941189884393,0.236380420689471,0,-0.110776480483805,0.236380420689471,0.763619579310529,0.236380420689471,0.236380420689471,"all","log"
"5784",11,0.565685424949238,0.44586973897367,"Exp1","mixed","IP",0,0.556871493068982,0.0687685406902996,0.55699728183933,0.585541419147453,0,1.26313128326148,0.585541419147453,0.414458580852547,0.585541419147453,0.585541419147453,"all","log"
"5785",11,1.69705627484772,1.61382385962497,"Exp1","mixed","IP",0,1.73331259907817,0.23680824981038,1.73216376118244,0.236380420689471,0,0.0202979413650779,0.236380420689471,0.763619579310529,0.236380420689471,0.236380420689471,"all","log"
"5786",11,0.672717132202972,0.581893362857954,"Exp1","mixed","IP",0,0.5983471518586,0.0704475937613147,0.598441270282722,0.585541419147453,0,1.23680815675534,0.585541419147453,0.414458580852547,0.585541419147453,0.585541419147453,"all","log"
"5787",11,2.4,2.21382634765905,"Exp1","mixed","IP",0,2.2587616568335,0.307731270913951,2.25964894474315,0.236380420689471,0,-0.237189958839853,0.236380420689471,0.763619579310529,0.236380420689471,0.236380420689471,"all","log"
"5788",11,1.42704853800327,1.27789540304548,"Exp1","mixed","IP",0,1.51853289105073,0.208021346870686,1.52160732793364,0.236380420689471,0,0.150115991103358,0.236380420689471,0.763619579310529,0.236380420689471,0.236380420689471,"all","log"
"5789",11,0.672717132202972,0.661935908241503,"Exp1","mixed","IP",0,0.5983471518586,0.0704475937613147,0.597943377315703,0.585541419147453,0,1.23453051050405,0.585541419147453,0.414458580852547,0.585541419147453,0.585541419147453,"all","log"
"5790",11,0.4,0.413835055777781,"Exp1","mixed","IP",0,0.482404829268721,0.0676940522937307,0.482509644605853,0.585541419147453,0,1.28260073091737,0.585541419147453,0.414458580852547,0.585541419147453,0.585541419147453,"all","log"
"5791",11,0.672717132202972,0.725923169507041,"Exp1","mixed","IP",0,0.5983471518586,0.0704475937613147,0.598832439730852,0.585541419147453,0,1.23416325396269,0.585541419147453,0.414458580852547,0.585541419147453,0.585541419147453,"all","log"
"5792",11,2.01815139660892,2.33380370654868,"Exp1","mixed","IP",0,1.97860433573789,0.269856825378673,1.97977077921764,0.236380420689471,0,-0.104533707097276,0.236380420689471,0.763619579310529,0.236380420689471,0.236380420689471,"all","log"
"5793",11,0.565685424949238,0.493969036415365,"Exp1","mixed","IP",0,0.556871493068982,0.0687685406902996,0.556579704246005,0.585541419147453,0,1.25957108376319,0.585541419147453,0.414458580852547,0.585541419147453,0.585541419147453,"all","log"
"5794",11,2.01815139660892,2.1659089877121,"Exp1","mixed","IP",0,1.97860433573789,0.269856825378673,1.97912708007116,0.236380420689471,0,-0.102558843599679,0.236380420689471,0.763619579310529,0.236380420689471,0.236380420689471,"all","log"
"5795",11,0.475682846001088,0.397948024967263,"Exp1","mixed","IP",0,0.518291946467941,0.067842894767973,0.518225556116569,0.585541419147453,0,1.27253981057442,0.585541419147453,0.414458580852547,0.585541419147453,0.585541419147453,"all","log"
"5796",11,2.4,1.68580610750178,"Exp1","mixed","IP",0,2.2587616568335,0.307731270913951,2.25695127434544,0.236380420689471,0,-0.239806524327184,0.236380420689471,0.763619579310529,0.236380420689471,0.236380420689471,"all","log"
"5797",11,1.42704853800327,1.22186425285872,"Exp1","mixed","IP",0,1.51853289105073,0.208021346870686,1.52005445560661,0.236380420689471,0,0.14950302962524,0.236380420689471,0.763619579310529,0.236380420689471,0.236380420689471,"all","log"
"5798",11,0.4,0.453942476651719,"Exp1","mixed","IP",0,0.482404829268721,0.0676940522937307,0.482295738778112,0.585541419147453,0,1.278689841037,0.585541419147453,0.414458580852547,0.585541419147453,0.585541419147453,"all","log"
"5799",11,0.4,0.413897567635104,"Exp1","mixed","IP",0,0.482404829268721,0.0676940522937307,0.482581974514169,0.585541419147453,0,1.28065933668135,0.585541419147453,0.414458580852547,0.585541419147453,0.585541419147453,"all","log"
"5800",11,0.8,0.749905330301772,"Exp1","mixed","IP",0,0.642938140219206,0.0728538133176711,0.643107522416859,0.585541419147453,0,1.19869851576546,0.585541419147453,0.414458580852547,0.585541419147453,0.585541419147453,"all","log"
"5801",11,1.2,1.50181007591527,"Exp1","mixed","IP",0,1.33045707745554,0.183015485119166,1.33080211048659,0.236380420689471,0,0.27448951947666,0.236380420689471,0.763619579310529,0.236380420689471,0.236380420689471,"all","log"
"5802",11,1.42704853800327,1.5898796413494,"Exp1","mixed","IP",0,1.51853289105073,0.208021346870686,1.51977998426269,0.236380420689471,0,0.153897228518191,0.236380420689471,0.763619579310529,0.236380420689471,0.236380420689471,"all","log"
"5803",11,1.2,1.07788265187082,"Exp1","mixed","IP",0,1.33045707745554,0.183015485119166,1.33062846549098,0.236380420689471,0,0.273776432538284,0.236380420689471,0.763619579310529,0.236380420689471,0.236380420689471,"all","log"
"5804",11,0.8,0.933857199282102,"Exp1","mixed","IP",0,0.642938140219206,0.0728538133176711,0.642698004343242,0.585541419147453,0,1.20485268849495,0.585541419147453,0.414458580852547,0.585541419147453,0.585541419147453,"all","log"
"5805",11,0.8,1.19802048896145,"Exp1","mixed","IP",0,0.642938140219206,0.0728538133176711,0.642932166962594,0.585541419147453,0,1.20419631662882,0.585541419147453,0.414458580852547,0.585541419147453,0.585541419147453,"all","log"
"5806",11,1.69705627484772,1.77381316107767,"Exp1","mixed","IP",0,1.73331259907817,0.23680824981038,1.7335717400915,0.236380420689471,0,0.0271016101896162,0.236380420689471,0.763619579310529,0.236380420689471,0.236380420689471,"all","log"
"5807",11,1.42704853800327,1.08588945664451,"Exp1","mixed","IP",0,1.51853289105073,0.208021346870686,1.51892778441231,0.236380420689471,0,0.150543704808,0.236380420689471,0.763619579310529,0.236380420689471,0.236380420689471,"all","log"
"5808",11,0.475682846001088,0.533885811674736,"Exp1","mixed","IP",0,0.518291946467941,0.067842894767973,0.518285925307076,0.585541419147453,0,1.27760496235901,0.585541419147453,0.414458580852547,0.585541419147453,0.585541419147453,"all","log"
"5809",11,1.2,1.59784290552579,"Exp1","mixed","IP",0,1.33045707745554,0.183015485119166,1.33025673326054,0.236380420689471,0,0.278917944205133,0.236380420689471,0.763619579310529,0.236380420689471,0.236380420689471,"all","log"
"5810",11,1.2,1.34987889493914,"Exp1","mixed","IP",0,1.33045707745554,0.183015485119166,1.33125577483928,0.236380420689471,0,0.280269445634523,0.236380420689471,0.763619579310529,0.236380420689471,0.236380420689471,"all","log"
"5811",11,0.672717132202972,0.629951296732543,"Exp1","mixed","IP",0,0.5983471518586,0.0704475937613147,0.598252426955811,0.585541419147453,0,1.23883050158576,0.585541419147453,0.414458580852547,0.585541419147453,0.585541419147453,"all","log"
"5812",11,2.4,2.2058245189537,"Exp1","mixed","IP",0,2.2587616568335,0.307731270913951,2.25680606899527,0.236380420689471,0,-0.243600401233192,0.236380420689471,0.763619579310529,0.236380420689471,0.236380420689471,"all","log"
"5813",11,1.69705627484772,2.03782934573974,"Exp1","mixed","IP",0,1.73331259907817,0.23680824981038,1.73340338862029,0.236380420689471,0,0.0191504775633346,0.236380420689471,0.763619579310529,0.236380420689471,0.236380420689471,"all","log"
"5814",11,0.565685424949238,0.525878073887725,"Exp1","mixed","IP",0,0.556871493068982,0.0687685406902996,0.556145499415634,0.585541419147453,0,1.26345644289727,0.585541419147453,0.414458580852547,0.585541419147453,0.585541419147453,"all","log"
"5815",11,0.4,0.573907706374484,"Exp1","mixed","IP",0,0.482404829268721,0.0676940522937307,0.482316311611981,0.585541419147453,0,1.28548790281455,0.585541419147453,0.414458580852547,0.585541419147453,0.585541419147453,"all","log"
"5816",11,2.4,2.19783202037706,"Exp1","mixed","IP",0,2.2587616568335,0.307731270913951,2.26024887597944,0.236380420689471,0,-0.23792251186044,0.236380420689471,0.763619579310529,0.236380420689471,0.236380420689471,"all","log"
"5817",11,0.565685424949238,0.445903949443164,"Exp1","mixed","IP",0,0.556871493068982,0.0687685406902996,0.556795049654631,0.585541419147453,0,1.25987092570628,0.585541419147453,0.414458580852547,0.585541419147453,0.585541419147453,"all","log"
"5818",11,0.672717132202972,0.541935224031477,"Exp1","mixed","IP",0,0.5983471518586,0.0704475937613147,0.598107586138355,0.585541419147453,0,1.23654996098324,0.585541419147453,0.414458580852547,0.585541419147453,0.585541419147453,"all","log"
"5819",11,1.69705627484772,1.81393022308293,"Exp1","mixed","IP",0,1.73331259907817,0.23680824981038,1.7329401108788,0.236380420689471,0,0.0200494880239327,0.236380420689471,0.763619579310529,0.236380420689471,0.236380420689471,"all","log"
"5820",11,1.42704853800327,1.50189871213115,"Exp1","mixed","IP",0,1.51853289105073,0.208021346870686,1.51672222043495,0.236380420689471,0,0.15486794041784,0.236380420689471,0.763619579310529,0.236380420689471,0.236380420689471,"all","log"
"5821",11,2.01815139660892,1.46989948342252,"Exp1","mixed","IP",0,1.97860433573789,0.269856825378673,1.97817383062553,0.236380420689471,0,-0.108938333552967,0.236380420689471,0.763619579310529,0.236380420689471,0.236380420689471,"all","log"
"5822",11,1.42704853800327,1.82990682312175,"Exp1","mixed","IP",0,1.51853289105073,0.208021346870686,1.51744546462205,0.236380420689471,0,0.149906630507876,0.236380420689471,0.763619579310529,0.236380420689471,0.236380420689471,"all","log"
"5823",11,0.475682846001088,0.47794827377129,"Exp1","mixed","IP",0,0.518291946467941,0.067842894767973,0.518364099365354,0.585541419147453,0,1.27831982727247,0.585541419147453,0.414458580852547,0.585541419147453,0.585541419147453,"all","log"
"5824",11,0.8,0.925922858502418,"Exp1","mixed","IP",0,0.642938140219206,0.0728538133176711,0.643278542982349,0.585541419147453,0,1.20497044303249,0.585541419147453,0.414458580852547,0.585541419147453,0.585541419147453,"all","log"
"5825",11,0.475682846001088,0.533941170433536,"Exp1","mixed","IP",0,0.518291946467941,0.067842894767973,0.518225714720085,0.585541419147453,0,1.27740753583043,0.585541419147453,0.414458580852547,0.585541419147453,0.585541419147453,"all","log"
"5826",11,0.475682846001088,0.533871816482133,"Exp1","mixed","IP",0,0.518291946467941,0.067842894767973,0.518078830990099,0.585541419147453,0,1.27941208468029,0.585541419147453,0.414458580852547,0.585541419147453,0.585541419147453,"all","log"
"5827",11,2.01815139660892,1.54977284248525,"Exp1","mixed","IP",0,1.97860433573789,0.269856825378673,1.97976402572579,0.236380420689471,0,-0.113678202066763,0.236380420689471,0.763619579310529,0.236380420689471,0.236380420689471,"all","log"
"5828",11,2.4,2.02181480318086,"Exp1","mixed","IP",0,2.2587616568335,0.307731270913951,2.25941126499958,0.236380420689471,0,-0.243783678447506,0.236380420689471,0.763619579310529,0.236380420689471,0.236380420689471,"all","log"
"5829",11,1.2,1.40586619352598,"Exp1","mixed","IP",0,1.33045707745554,0.183015485119166,1.32990590245706,0.236380420689471,0,0.282177825779173,0.236380420689471,0.763619579310529,0.236380420689471,0.236380420689471,"all","log"
"5830",11,1.69705627484772,1.59784197251338,"Exp1","mixed","IP",0,1.73331259907817,0.23680824981038,1.73306683791307,0.236380420689471,0,0.0265833832933659,0.236380420689471,0.763619579310529,0.236380420689471,0.236380420689471,"all","log"
"5831",11,0.565685424949238,0.717977010564937,"Exp1","mixed","IP",0,0.556871493068982,0.0687685406902996,0.557156625289928,0.585541419147453,0,1.26631083051672,0.585541419147453,0.414458580852547,0.585541419147453,0.585541419147453,"all","log"
"5832",11,2.4,2.54180335822366,"Exp1","mixed","IP",0,2.2587616568335,0.307731270913951,2.25724657196722,0.236380420689471,0,-0.240888240195169,0.236380420689471,0.763619579310529,0.236380420689471,0.236380420689471,"all","log"
"5833",11,0.565685424949238,0.669875536093969,"Exp1","mixed","IP",0,0.556871493068982,0.0687685406902996,0.557110948843795,0.585541419147453,0,1.26337709914197,0.585541419147453,0.414458580852547,0.585541419147453,0.585541419147453,"all","log"
"5834",11,1.69705627484772,1.6778437763378,"Exp1","mixed","IP",0,1.73331259907817,0.23680824981038,1.73381199708379,0.236380420689471,0,0.0273510833961327,0.236380420689471,0.763619579310529,0.236380420689471,0.236380420689471,"all","log"
"5835",11,0.565685424949238,0.485944815402945,"Exp1","mixed","IP",0,0.556871493068982,0.0687685406902996,0.556750588735194,0.585541419147453,0,1.25983269811834,0.585541419147453,0.414458580852547,0.585541419147453,0.585541419147453,"all","log"
"5836",11,0.8,0.869912234596086,"Exp1","mixed","IP",0,0.642938140219206,0.0728538133176711,0.643379877572651,0.585541419147453,0,1.20247210538905,0.585541419147453,0.414458580852547,0.585541419147453,0.585541419147453,"all","log"
"5837",11,0.475682846001088,0.494002935879507,"Exp1","mixed","IP",0,0.518291946467941,0.067842894767973,0.518192251607915,0.585541419147453,0,1.27639025203668,0.585541419147453,0.414458580852547,0.585541419147453,0.585541419147453,"all","log"
"5838",11,0.4,0.421958798155174,"Exp1","mixed","IP",0,0.482404829268721,0.0676940522937307,0.482754708933807,0.585541419147453,0,1.28131654253701,0.585541419147453,0.414458580852547,0.585541419147453,0.585541419147453,"all","log"
"5839",11,2.01815139660892,2.03785858014089,"Exp1","mixed","IP",0,1.97860433573789,0.269856825378673,1.97903021567227,0.236380420689471,0,-0.112279212708656,0.236380420689471,0.763619579310529,0.236380420689471,0.236380420689471,"all","log"
"5840",11,1.69705627484772,1.82987199064428,"Exp1","mixed","IP",0,1.73331259907817,0.23680824981038,1.73255679518163,0.236380420689471,0,0.0246070236647866,0.236380420689471,0.763619579310529,0.236380420689471,0.236380420689471,"all","log"
"5841",11,1.2,1.2538684576366,"Exp1","mixed","IP",0,1.33045707745554,0.183015485119166,1.33138618844068,0.236380420689471,0,0.275982713808953,0.236380420689471,0.763619579310529,0.236380420689471,0.236380420689471,"all","log"
"5842",11,0.4,0.461902008775724,"Exp1","mixed","IP",0,0.482404829268721,0.0676940522937307,0.481965881669456,0.585541419147453,0,1.28551050311179,0.585541419147453,0.414458580852547,0.585541419147453,0.585541419147453,"all","log"
"5843",11,0.672717132202972,0.77388220402463,"Exp1","mixed","IP",0,0.5983471518586,0.0704475937613147,0.59844939501004,0.585541419147453,0,1.24220408422248,0.585541419147453,0.414458580852547,0.585541419147453,0.585541419147453,"all","log"
"5844",11,2.01815139660892,2.24578016974647,"Exp1","mixed","IP",0,1.97860433573789,0.269856825378673,1.97953060452494,0.236380420689471,0,-0.106909241816727,0.236380420689471,0.763619579310529,0.236380420689471,0.236380420689471,"all","log"
"5845",11,2.4,2.09376750565207,"Exp1","mixed","IP",0,2.2587616568335,0.307731270913951,2.25722557087818,0.236380420689471,0,-0.233829930093932,0.236380420689471,0.763619579310529,0.236380420689471,0.236380420689471,"all","log"
"5846",11,0.8,0.733945213488369,"Exp1","mixed","IP",0,0.642938140219206,0.0728538133176711,0.642812872599169,0.585541419147453,0,1.19978710726466,0.585541419147453,0.414458580852547,0.585541419147453,0.585541419147453,"all","log"
"5847",11,1.2,1.46194834841117,"Exp1","mixed","IP",0,1.33045707745554,0.183015485119166,1.33051700525208,0.236380420689471,0,0.279410040862927,0.236380420689471,0.763619579310529,0.236380420689471,0.236380420689471,"all","log"
"5848",11,1.2,1.11789894849426,"Exp1","mixed","IP",0,1.33045707745554,0.183015485119166,1.32962087712323,0.236380420689471,0,0.279549507227523,0.236380420689471,0.763619579310529,0.236380420689471,0.236380420689471,"all","log"
"5849",11,1.42704853800327,1.62186860691781,"Exp1","mixed","IP",0,1.51853289105073,0.208021346870686,1.51647313685094,0.236380420689471,0,0.155222793667665,0.236380420689471,0.763619579310529,0.236380420689471,0.236380420689471,"all","log"
"5850",11,0.4,0.41393053408774,"Exp1","mixed","IP",0,0.482404829268721,0.0676940522937307,0.482465451554783,0.585541419147453,0,1.28977708315883,0.585541419147453,0.414458580852547,0.585541419147453,0.585541419147453,"all","log"
"5851",11,2.4,2.41383225674053,"Exp1","mixed","IP",0,2.2587616568335,0.307731270913951,2.25923560328388,0.236380420689471,0,-0.237254355371946,0.236380420689471,0.763619579310529,0.236380420689471,0.236380420689471,"all","log"
"5852",11,1.69705627484772,1.94985370359427,"Exp1","mixed","IP",0,1.73331259907817,0.23680824981038,1.73507892965879,0.236380420689471,0,0.0204403449540291,0.236380420689471,0.763619579310529,0.236380420689471,0.236380420689471,"all","log"
"5853",11,1.2,1.07784284332502,"Exp1","mixed","IP",0,1.33045707745554,0.183015485119166,1.33031301505902,0.236380420689471,0,0.276411928939867,0.236380420689471,0.763619579310529,0.236380420689471,0.236380420689471,"all","log"
"5854",11,0.475682846001088,0.485909671921036,"Exp1","mixed","IP",0,0.518291946467941,0.067842894767973,0.518591715065703,0.585541419147453,0,1.2798432981945,0.585541419147453,0.414458580852547,0.585541419147453,0.585541419147453,"all","log"
"5855",11,0.4,0.517874690161989,"Exp1","mixed","IP",0,0.482404829268721,0.0676940522937307,0.482531983878826,0.585541419147453,0,1.27976099657742,0.585541419147453,0.414458580852547,0.585541419147453,0.585541419147453,"all","log"
"5856",11,0.672717132202972,0.638017503320043,"Exp1","mixed","IP",0,0.5983471518586,0.0704475937613147,0.597714211946518,0.585541419147453,0,1.2350039921241,0.585541419147453,0.414458580852547,0.585541419147453,0.585541419147453,"all","log"
"5857",11,0.565685424949238,0.509939727373421,"Exp1","mixed","IP",0,0.556871493068982,0.0687685406902996,0.556588827006009,0.585541419147453,0,1.25896843650447,0.585541419147453,0.414458580852547,0.585541419147453,0.585541419147453,"all","log"
"5858",11,0.8,0.821882602110236,"Exp1","mixed","IP",0,0.642938140219206,0.0728538133176711,0.64304106025564,0.585541419147453,0,1.19738221032839,0.585541419147453,0.414458580852547,0.585541419147453,0.585541419147453,"all","log"
"5859",11,1.2,1.46189672170385,"Exp1","mixed","IP",0,1.33045707745554,0.183015485119166,1.33071102822573,0.236380420689471,0,0.277241240538218,0.236380420689471,0.763619579310529,0.236380420689471,0.236380420689471,"all","log"
"5860",11,2.4,2.37382497924045,"Exp1","mixed","IP",0,2.2587616568335,0.307731270913951,2.25964631528356,0.236380420689471,0,-0.241677316297847,0.236380420689471,0.763619579310529,0.236380420689471,0.236380420689471,"all","log"
"5861",11,0.8,0.925981327303816,"Exp1","mixed","IP",0,0.642938140219206,0.0728538133176711,0.642667107071749,0.585541419147453,0,1.20263369619495,0.585541419147453,0.414458580852547,0.585541419147453,0.585541419147453,"all","log"
"5862",11,1.2,1.43786293419998,"Exp1","mixed","IP",0,1.33045707745554,0.183015485119166,1.33085702564142,0.236380420689471,0,0.279940520218694,0.236380420689471,0.763619579310529,0.236380420689471,0.236380420689471,"all","log"
"5863",11,2.4,2.35782567588922,"Exp1","mixed","IP",0,2.2587616568335,0.307731270913951,2.25687224397537,0.236380420689471,0,-0.233657502911596,0.236380420689471,0.763619579310529,0.236380420689471,0.236380420689471,"all","log"
"5864",11,0.4,0.453978553146044,"Exp1","mixed","IP",0,0.482404829268721,0.0676940522937307,0.481369577963754,0.585541419147453,0,1.27814088336237,0.585541419147453,0.414458580852547,0.585541419147453,0.585541419147453,"all","log"
"5865",11,0.672717132202972,0.773901486289105,"Exp1","mixed","IP",0,0.5983471518586,0.0704475937613147,0.598378781024248,0.585541419147453,0,1.2362419327034,0.585541419147453,0.414458580852547,0.585541419147453,0.585541419147453,"all","log"
"5866",11,2.01815139660892,2.17385856770034,"Exp1","mixed","IP",0,1.97860433573789,0.269856825378673,1.97889067763101,0.236380420689471,0,-0.106731920184814,0.236380420689471,0.763619579310529,0.236380420689471,0.236380420689471,"all","log"
"5867",11,1.69705627484772,1.70983491893639,"Exp1","mixed","IP",0,1.73331259907817,0.23680824981038,1.73190002688307,0.236380420689471,0,0.018878561303974,0.236380420689471,0.763619579310529,0.236380420689471,0.236380420689471,"all","log"
"5868",11,1.42704853800327,1.3898759092981,"Exp1","mixed","IP",0,1.51853289105073,0.208021346870686,1.5182476710853,0.236380420689471,0,0.15929151567808,0.236380420689471,0.763619579310529,0.236380420689471,0.236380420689471,"all","log"
"5869",11,1.69705627484772,1.68575727983171,"Exp1","mixed","IP",0,1.73331259907817,0.23680824981038,1.73254990537853,0.236380420689471,0,0.0260124186771481,0.236380420689471,0.763619579310529,0.236380420689471,0.236380420689471,"all","log"
"5870",11,2.01815139660892,2.12578135156218,"Exp1","mixed","IP",0,1.97860433573789,0.269856825378673,1.9782961501685,0.236380420689471,0,-0.105970839330129,0.236380420689471,0.763619579310529,0.236380420689471,0.236380420689471,"all","log"
"5871",11,0.475682846001088,0.413909074793082,"Exp1","mixed","IP",0,0.518291946467941,0.067842894767973,0.518351009360156,0.585541419147453,0,1.27207539789135,0.585541419147453,0.414458580852547,0.585541419147453,0.585541419147453,"all","log"
"5872",11,1.42704853800327,1.33385377823561,"Exp1","mixed","IP",0,1.51853289105073,0.208021346870686,1.51872190157938,0.236380420689471,0,0.154823886202442,0.236380420689471,0.763619579310529,0.236380420689471,0.236380420689471,"all","log"
"5873",11,2.01815139660892,1.94991621545159,"Exp1","mixed","IP",0,1.97860433573789,0.269856825378673,1.97968274615913,0.236380420689471,0,-0.105487292206552,0.236380420689471,0.763619579310529,0.236380420689471,0.236380420689471,"all","log"
"5874",11,0.565685424949238,0.725929700595771,"Exp1","mixed","IP",0,0.556871493068982,0.0687685406902996,0.557317571395165,0.585541419147453,0,1.26047777615327,0.585541419147453,0.414458580852547,0.585541419147453,0.585541419147453,"all","log"
"5875",11,0.4,0.365934801066032,"Exp1","mixed","IP",0,0.482404829268721,0.0676940522937307,0.48206521414749,0.585541419147453,0,1.28708578250433,0.585541419147453,0.414458580852547,0.585541419147453,0.585541419147453,"all","log"
"5876",11,0.672717132202972,0.669897928400133,"Exp1","mixed","IP",0,0.5983471518586,0.0704475937613147,0.598821759106329,0.585541419147453,0,1.23848709014771,0.585541419147453,0.414458580852547,0.585541419147453,0.585541419147453,"all","log"
"5877",11,2.01815139660892,2.12587776288456,"Exp1","mixed","IP",0,1.97860433573789,0.269856825378673,1.97614554126997,0.236380420689471,0,-0.104451257825904,0.236380420689471,0.763619579310529,0.236380420689471,0.236380420689471,"all","log"
"5878",11,0.8,0.933915357079968,"Exp1","mixed","IP",0,0.642938140219206,0.0728538133176711,0.64268752837947,0.585541419147453,0,1.20067328907175,0.585541419147453,0.414458580852547,0.585541419147453,0.585541419147453,"all","log"
"5879",11,0.475682846001088,0.493993605752621,"Exp1","mixed","IP",0,0.518291946467941,0.067842894767973,0.517794760219482,0.585541419147453,0,1.27362711192536,0.585541419147453,0.414458580852547,0.585541419147453,0.585541419147453,"all","log"
"5880",11,0.8,0.909974248846993,"Exp1","mixed","IP",0,0.642938140219206,0.0728538133176711,0.642795004085167,0.585541419147453,0,1.20067145360047,0.585541419147453,0.414458580852547,0.585541419147453,0.585541419147453,"all","log"
"5881",11,0.565685424949238,0.669956397201531,"Exp1","mixed","IP",0,0.556871493068982,0.0687685406902996,0.556637019124091,0.585541419147453,0,1.26117240786051,0.585541419147453,0.414458580852547,0.585541419147453,0.585541419147453,"all","log"
"5882",11,0.475682846001088,0.485786203229509,"Exp1","mixed","IP",0,0.518291946467941,0.067842894767973,0.518129352968598,0.585541419147453,0,1.27823578443626,0.585541419147453,0.414458580852547,0.585541419147453,0.585541419147453,"all","log"
"5883",11,0.565685424949238,0.645918255639117,"Exp1","mixed","IP",0,0.556871493068982,0.0687685406902996,0.556357687789769,0.585541419147453,0,1.2635524897185,0.585541419147453,0.414458580852547,0.585541419147453,0.585541419147453,"all","log"
"5884",11,0.672717132202972,0.781888697793875,"Exp1","mixed","IP",0,0.5983471518586,0.0704475937613147,0.598463803606167,0.585541419147453,0,1.23307171399343,0.585541419147453,0.414458580852547,0.585541419147453,0.585541419147453,"all","log"
"5885",12,0.4,0.41393551015517,"Exp1","mixed","IP",0,0.42667943591328,0.0773336754654486,0.427014944677578,0.103592352311819,0,1.15328138281389,0.103592352311819,0.896407647688181,0.103592352311819,0.103592352311819,"all","log"
"5886",12,2.01815139660892,1.77382000317266,"Exp1","mixed","IP",0,2.0516722433408,0.261727724443306,2.05104000947523,0.179984207139752,0,-0.0811877607008121,0.179984207139752,0.820015792860248,0.179984207139752,0.179984207139752,"all","log"
"5887",12,0.565685424949238,0.637928556100633,"Exp1","mixed","IP",0,0.581999147899435,0.0895029222725467,0.582136991897471,0.103592352311819,0,0.999351961619065,0.103592352311819,0.896407647688181,0.103592352311819,0.103592352311819,"all","log"
"5888",12,1.42704853800327,1.6618127505526,"Exp1","mixed","IP",0,1.54420610706915,0.198245299095588,1.54507973269447,0.179984207139752,0,0.20228208366442,0.179984207139752,0.820015792860248,0.179984207139752,0.179984207139752,"all","log"
"5889",12,0.475682846001088,0.581925707300798,"Exp1","mixed","IP",0,0.49830521705652,0.0821961794517026,0.497979399029059,0.103592352311819,0,1.08695422089796,0.103592352311819,0.896407647688181,0.103592352311819,0.103592352311819,"all","log"
"5890",12,2.4,2.27778779557048,"Exp1","mixed","IP",0,2.36499510823457,0.301229375356233,2.36653671218308,0.179984207139752,0,-0.210582087032772,0.179984207139752,0.820015792860248,0.179984207139752,0.179984207139752,"all","log"
"5891",12,1.42704853800327,1.37383617539308,"Exp1","mixed","IP",0,1.54420610706915,0.198245299095588,1.54474153081623,0.179984207139752,0,0.203079936060413,0.179984207139752,0.820015792860248,0.179984207139752,0.179984207139752,"all","log"
"5892",12,0.475682846001088,0.589849473935828,"Exp1","mixed","IP",0,0.49830521705652,0.0821961794517026,0.498436483580343,0.103592352311819,0,1.08290071745517,0.103592352311819,0.896407647688181,0.103592352311819,0.103592352311819,"all","log"
"5893",12,0.4,0.533918778126463,"Exp1","mixed","IP",0,0.42667943591328,0.0773336754654486,0.426128715413803,0.103592352311819,0,1.1528301332693,0.103592352311819,0.896407647688181,0.103592352311819,0.103592352311819,"all","log"
"5894",12,1.69705627484772,1.96582377254344,"Exp1","mixed","IP",0,1.77991658464636,0.227620491394323,1.77858452098271,0.179984207139752,0,0.0637945117159013,0.179984207139752,0.820015792860248,0.179984207139752,0.179984207139752,"all","log"
"5895",12,0.4,0.445806605108373,"Exp1","mixed","IP",0,0.42667943591328,0.0773336754654486,0.426495312352206,0.103592352311819,0,1.15459057155488,0.103592352311819,0.896407647688181,0.103592352311819,0.103592352311819,"all","log"
"5896",12,1.42704853800327,1.27783351319704,"Exp1","mixed","IP",0,1.54420610706915,0.198245299095588,1.54440871716509,0.179984207139752,0,0.196387507497438,0.179984207139752,0.820015792860248,0.179984207139752,0.179984207139752,"all","log"
"5897",12,0.8,0.885896920746745,"Exp1","mixed","IP",0,0.794099869008536,0.112306258127945,0.795067828774929,0.103592352311819,0,0.772183217195313,0.103592352311819,0.896407647688181,0.103592352311819,0.103592352311819,"all","log"
"5898",12,2.4,2.50179794674932,"Exp1","mixed","IP",0,2.36499510823457,0.301229375356233,2.36348944334072,0.179984207139752,0,-0.219767949288428,0.179984207139752,0.820015792860248,0.179984207139752,0.179984207139752,"all","log"
"5899",12,2.4,2.70977551712167,"Exp1","mixed","IP",0,2.36499510823457,0.301229375356233,2.36419333133957,0.179984207139752,0,-0.224230240144918,0.179984207139752,0.820015792860248,0.179984207139752,0.179984207139752,"all","log"
"5900",12,0.8,0.701859836597578,"Exp1","mixed","IP",0,0.794099869008536,0.112306258127945,0.793188675915755,0.103592352311819,0,0.768885561618665,0.103592352311819,0.896407647688181,0.103592352311819,0.103592352311819,"all","log"
"5901",12,2.01815139660892,2.07783693424244,"Exp1","mixed","IP",0,2.0516722433408,0.261727724443306,2.05409326896552,0.179984207139752,0,-0.0741164874804436,0.179984207139752,0.820015792860248,0.179984207139752,0.179984207139752,"all","log"
"5902",12,2.01815139660892,2.18180317162114,"Exp1","mixed","IP",0,2.0516722433408,0.261727724443306,2.05166532039852,0.179984207139752,0,-0.0789840956634202,0.179984207139752,0.820015792860248,0.179984207139752,0.179984207139752,"all","log"
"5903",12,0.672717132202972,0.685878571493959,"Exp1","mixed","IP",0,0.679801781450302,0.0994652929559281,0.679040998893385,0.103592352311819,0,0.896869594674224,0.103592352311819,0.896407647688181,0.103592352311819,0.103592352311819,"all","log"
"5904",12,0.672717132202972,0.813855271057037,"Exp1","mixed","IP",0,0.679801781450302,0.0994652929559281,0.67930922074003,0.103592352311819,0,0.887644432974741,0.103592352311819,0.896407647688181,0.103592352311819,0.103592352311819,"all","log"
"5905",12,0.565685424949238,0.637882838473161,"Exp1","mixed","IP",0,0.581999147899435,0.0895029222725467,0.58234599504038,0.103592352311819,0,0.997082198917656,0.103592352311819,0.896407647688181,0.103592352311819,0.103592352311819,"all","log"
"5906",12,1.2,1.44601062390393,"Exp1","mixed","IP",0,1.33975334476623,0.173045646395932,1.34147887800447,0.179984207139752,0,0.335849357330595,0.179984207139752,0.820015792860248,0.179984207139752,0.179984207139752,"all","log"
"5907",12,2.4,2.38177269320477,"Exp1","mixed","IP",0,2.36499510823457,0.301229375356233,2.36363100415872,0.179984207139752,0,-0.223508194812012,0.179984207139752,0.820015792860248,0.179984207139752,0.179984207139752,"all","log"
"5908",12,0.565685424949238,0.693929538872908,"Exp1","mixed","IP",0,0.581999147899435,0.0895029222725467,0.580981222791068,0.103592352311819,0,0.993127052525118,0.103592352311819,0.896407647688181,0.103592352311819,0.103592352311819,"all","log"
"5909",12,2.01815139660892,2.13381023763759,"Exp1","mixed","IP",0,2.0516722433408,0.261727724443306,2.04995971680816,0.179984207139752,0,-0.0795754122461536,0.179984207139752,0.820015792860248,0.179984207139752,0.179984207139752,"all","log"
"5910",12,0.8,0.877952938833914,"Exp1","mixed","IP",0,0.794099869008536,0.112306258127945,0.794248290093127,0.103592352311819,0,0.764454974498272,0.103592352311819,0.896407647688181,0.103592352311819,0.103592352311819,"all","log"
"5911",12,0.672717132202972,0.733915668084592,"Exp1","mixed","IP",0,0.679801781450302,0.0994652929559281,0.679576561598519,0.103592352311819,0,0.891838601006402,0.103592352311819,0.896407647688181,0.103592352311819,0.103592352311819,"all","log"
"5912",12,1.2,1.06986993801547,"Exp1","mixed","IP",0,1.33975334476623,0.173045646395932,1.34085450088938,0.179984207139752,0,0.341100332035096,0.179984207139752,0.820015792860248,0.179984207139752,0.179984207139752,"all","log"
"5913",12,1.2,1.4458504567101,"Exp1","mixed","IP",0,1.33975334476623,0.173045646395932,1.34060004382275,0.179984207139752,0,0.33665397860958,0.179984207139752,0.820015792860248,0.179984207139752,0.179984207139752,"all","log"
"5914",12,0.672717132202972,0.789894258550703,"Exp1","mixed","IP",0,0.679801781450302,0.0994652929559281,0.679428306214384,0.103592352311819,0,0.889366072804874,0.103592352311819,0.896407647688181,0.103592352311819,0.103592352311819,"all","log"
"5915",12,1.69705627484772,1.78180192760374,"Exp1","mixed","IP",0,1.77991658464636,0.227620491394323,1.78155005605571,0.179984207139752,0,0.067065297689798,0.179984207139752,0.820015792860248,0.179984207139752,0.179984207139752,"all","log"
"5916",12,1.69705627484772,1.91782524048358,"Exp1","mixed","IP",0,1.77991658464636,0.227620491394323,1.77992911068208,0.179984207139752,0,0.0573081042134911,0.179984207139752,0.820015792860248,0.179984207139752,0.179984207139752,"all","log"
"5917",12,1.69705627484772,1.89383437156903,"Exp1","mixed","IP",0,1.77991658464636,0.227620491394323,1.7801536026359,0.179984207139752,0,0.0553890074120953,0.179984207139752,0.820015792860248,0.179984207139752,0.179984207139752,"all","log"
"5918",12,0.565685424949238,0.525863767692499,"Exp1","mixed","IP",0,0.581999147899435,0.0895029222725467,0.582201961667576,0.103592352311819,0,0.99442314219941,0.103592352311819,0.896407647688181,0.103592352311819,0.103592352311819,"all","log"
"5919",12,1.2,1.19785721172229,"Exp1","mixed","IP",0,1.33975334476623,0.173045646395932,1.33928070477156,0.179984207139752,0,0.339069949185118,0.179984207139752,0.820015792860248,0.179984207139752,0.179984207139752,"all","log"
"5920",12,1.42704853800327,1.55785615430796,"Exp1","mixed","IP",0,1.54420610706915,0.198245299095588,1.54344509048646,0.179984207139752,0,0.200851180229101,0.179984207139752,0.820015792860248,0.179984207139752,0.179984207139752,"all","log"
"5921",12,2.01815139660892,2.01382852468851,"Exp1","mixed","IP",0,2.0516722433408,0.261727724443306,2.0525298631577,0.179984207139752,0,-0.0722708837154834,0.179984207139752,0.820015792860248,0.179984207139752,0.179984207139752,"all","log"
"5922",12,2.4,2.28581885867607,"Exp1","mixed","IP",0,2.36499510823457,0.301229375356233,2.36497571250492,0.179984207139752,0,-0.216904974865238,0.179984207139752,0.820015792860248,0.179984207139752,0.179984207139752,"all","log"
"5923",12,0.672717132202972,0.741934913026853,"Exp1","mixed","IP",0,0.679801781450302,0.0994652929559281,0.680036834998406,0.103592352311819,0,0.886797051760205,0.103592352311819,0.896407647688181,0.103592352311819,0.103592352311819,"all","log"
"5924",12,2.4,2.23784085289844,"Exp1","mixed","IP",0,2.36499510823457,0.301229375356233,2.36598091163692,0.179984207139752,0,-0.221441641162959,0.179984207139752,0.820015792860248,0.179984207139752,0.179984207139752,"all","log"
"5925",12,0.565685424949238,0.709918268079491,"Exp1","mixed","IP",0,0.581999147899435,0.0895029222725467,0.581845292183303,0.103592352311819,0,1.00095392852038,0.103592352311819,0.896407647688181,0.103592352311819,0.103592352311819,"all","log"
"5926",12,1.42704853800327,1.4938250414416,"Exp1","mixed","IP",0,1.54420610706915,0.198245299095588,1.54483621176825,0.179984207139752,0,0.199519987587186,0.179984207139752,0.820015792860248,0.179984207139752,0.179984207139752,"all","log"
"5927",12,1.42704853800327,1.44591172454966,"Exp1","mixed","IP",0,1.54420610706915,0.198245299095588,1.54589749825585,0.179984207139752,0,0.201170005662267,0.179984207139752,0.820015792860248,0.179984207139752,0.179984207139752,"all","log"
"5928",12,1.2,1.35790093892138,"Exp1","mixed","IP",0,1.33975334476623,0.173045646395932,1.33851728730695,0.179984207139752,0,0.334936655908227,0.179984207139752,0.820015792860248,0.179984207139752,0.179984207139752,"all","log"
"5929",12,1.69705627484772,1.62187016194002,"Exp1","mixed","IP",0,1.77991658464636,0.227620491394323,1.78019869299439,0.179984207139752,0,0.0616335991164587,0.179984207139752,0.820015792860248,0.179984207139752,0.179984207139752,"all","log"
"5930",12,0.475682846001088,0.621916501573651,"Exp1","mixed","IP",0,0.49830521705652,0.0821961794517026,0.497968361795987,0.103592352311819,0,1.08359976308235,0.103592352311819,0.896407647688181,0.103592352311819,0.103592352311819,"all","log"
"5931",12,1.69705627484772,1.77382840028622,"Exp1","mixed","IP",0,1.77991658464636,0.227620491394323,1.78091022038449,0.179984207139752,0,0.0614899157217087,0.179984207139752,0.820015792860248,0.179984207139752,0.179984207139752,"all","log"
"5932",12,0.8,0.693866094004989,"Exp1","mixed","IP",0,0.794099869008536,0.112306258127945,0.794252778620283,0.103592352311819,0,0.769928451803296,0.103592352311819,0.896407647688181,0.103592352311819,0.103592352311819,"all","log"
"5933",12,0.672717132202972,0.725842308398569,"Exp1","mixed","IP",0,0.679801781450302,0.0994652929559281,0.679297205637022,0.103592352311819,0,0.892702306511453,0.103592352311819,0.896407647688181,0.103592352311819,0.103592352311819,"all","log"
"5934",12,0.565685424949238,0.653896759025884,"Exp1","mixed","IP",0,0.581999147899435,0.0895029222725467,0.581306336876199,0.103592352311819,0,0.991912134629148,0.103592352311819,0.896407647688181,0.103592352311819,0.103592352311819,"all","log"
"5935",12,0.672717132202972,0.741902257579568,"Exp1","mixed","IP",0,0.679801781450302,0.0994652929559281,0.679466539883217,0.103592352311819,0,0.897735968573283,0.103592352311819,0.896407647688181,0.103592352311819,0.103592352311819,"all","log"
"5936",12,0.672717132202972,0.709872239449396,"Exp1","mixed","IP",0,0.679801781450302,0.0994652929559281,0.679956688189581,0.103592352311819,0,0.890800671100704,0.103592352311819,0.896407647688181,0.103592352311819,0.103592352311819,"all","log"
"5937",12,0.565685424949238,0.669910990578501,"Exp1","mixed","IP",0,0.581999147899435,0.0895029222725467,0.582390318318556,0.103592352311819,0,0.999493709993602,0.103592352311819,0.896407647688181,0.103592352311819,0.103592352311819,"all","log"
"5938",12,0.475682846001088,0.549982770362476,"Exp1","mixed","IP",0,0.49830521705652,0.0821961794517026,0.498015079555458,0.103592352311819,0,1.0841301799053,0.103592352311819,0.896407647688181,0.103592352311819,0.103592352311819,"all","log"
"5939",12,1.42704853800327,1.54184223375523,"Exp1","mixed","IP",0,1.54420610706915,0.198245299095588,1.54451574756215,0.179984207139752,0,0.206037375397144,0.179984207139752,0.820015792860248,0.179984207139752,0.179984207139752,"all","log"
"5940",12,0.4,0.405871791601385,"Exp1","mixed","IP",0,0.42667943591328,0.0773336754654486,0.426847467225248,0.103592352311819,0,1.15206965458418,0.103592352311819,0.896407647688181,0.103592352311819,0.103592352311819,"all","log"
"5941",12,2.01815139660892,2.05379257259483,"Exp1","mixed","IP",0,2.0516722433408,0.261727724443306,2.05169013063839,0.179984207139752,0,-0.0843904857565018,0.179984207139752,0.820015792860248,0.179984207139752,0.179984207139752,"all","log"
"5942",12,1.69705627484772,1.80582980602776,"Exp1","mixed","IP",0,1.77991658464636,0.227620491394323,1.78152311382872,0.179984207139752,0,0.0662335324515241,0.179984207139752,0.820015792860248,0.179984207139752,0.179984207139752,"all","log"
"5943",12,0.8,1.06985065575282,"Exp1","mixed","IP",0,0.794099869008536,0.112306258127945,0.79383341404251,0.103592352311819,0,0.764313544664097,0.103592352311819,0.896407647688181,0.103592352311819,0.103592352311819,"all","log"
"5944",12,2.01815139660892,2.02185927679056,"Exp1","mixed","IP",0,2.0516722433408,0.261727724443306,2.0526197620254,0.179984207139752,0,-0.0781132338287391,0.179984207139752,0.820015792860248,0.179984207139752,0.179984207139752,"all","log"
"5945",12,0.4,0.398010847829937,"Exp1","mixed","IP",0,0.42667943591328,0.0773336754654486,0.426934470305269,0.103592352311819,0,1.1523329908505,0.103592352311819,0.896407647688181,0.103592352311819,0.103592352311819,"all","log"
"5946",12,1.69705627484772,1.86180093238909,"Exp1","mixed","IP",0,1.77991658464636,0.227620491394323,1.78000834323074,0.179984207139752,0,0.0677168563850651,0.179984207139752,0.820015792860248,0.179984207139752,0.179984207139752,"all","log"
"5947",12,0.8,0.869863406926015,"Exp1","mixed","IP",0,0.794099869008536,0.112306258127945,0.792939411042457,0.103592352311819,0,0.768732189076136,0.103592352311819,0.896407647688181,0.103592352311819,0.103592352311819,"all","log"
"5948",12,2.4,2.6697377612054,"Exp1","mixed","IP",0,2.36499510823457,0.301229375356233,2.36648753503561,0.179984207139752,0,-0.213762738619166,0.179984207139752,0.820015792860248,0.179984207139752,0.179984207139752,"all","log"
"5949",12,0.8,0.869877713124879,"Exp1","mixed","IP",0,0.794099869008536,0.112306258127945,0.793767409946589,0.103592352311819,0,0.76880573948719,0.103592352311819,0.896407647688181,0.103592352311819,0.103592352311819,"all","log"
"5950",12,0.565685424949238,0.677959158920203,"Exp1","mixed","IP",0,0.581999147899435,0.0895029222725467,0.582240975667473,0.103592352311819,0,0.999203784046772,0.103592352311819,0.896407647688181,0.103592352311819,0.103592352311819,"all","log"
"5951",12,0.4,0.54189728151141,"Exp1","mixed","IP",0,0.42667943591328,0.0773336754654486,0.426526699871538,0.103592352311819,0,1.15005346202262,0.103592352311819,0.896407647688181,0.103592352311819,0.103592352311819,"all","log"
"5952",12,1.2,1.41382510364201,"Exp1","mixed","IP",0,1.33975334476623,0.173045646395932,1.33971529644953,0.179984207139752,0,0.330840321744427,0.179984207139752,0.820015792860248,0.179984207139752,0.179984207139752,"all","log"
"5953",12,1.2,1.49385272081963,"Exp1","mixed","IP",0,1.33975334476623,0.173045646395932,1.34084773527289,0.179984207139752,0,0.340139908114255,0.179984207139752,0.820015792860248,0.179984207139752,0.179984207139752,"all","log"
"5954",12,0.475682846001088,0.597903862362728,"Exp1","mixed","IP",0,0.49830521705652,0.0821961794517026,0.498605796656556,0.103592352311819,0,1.08757697955334,0.103592352311819,0.896407647688181,0.103592352311819,0.103592352311819,"all","log"
"5955",12,1.2,1.38183520506027,"Exp1","mixed","IP",0,1.33975334476623,0.173045646395932,1.3403970727478,0.179984207139752,0,0.327729054487055,0.179984207139752,0.820015792860248,0.179984207139752,0.179984207139752,"all","log"
"5956",12,0.565685424949238,0.589871866244721,"Exp1","mixed","IP",0,0.581999147899435,0.0895029222725467,0.581199963013514,0.103592352311819,0,1.00145369142918,0.103592352311819,0.896407647688181,0.103592352311819,0.103592352311819,"all","log"
"5957",12,2.4,2.24579851899762,"Exp1","mixed","IP",0,2.36499510823457,0.301229375356233,2.36492536502483,0.179984207139752,0,-0.217149442064497,0.179984207139752,0.820015792860248,0.179984207139752,0.179984207139752,"all","log"
"5958",12,0.475682846001088,0.637867288260168,"Exp1","mixed","IP",0,0.49830521705652,0.0821961794517026,0.498166762420504,0.103592352311819,0,1.08393629940809,0.103592352311819,0.896407647688181,0.103592352311819,0.103592352311819,"all","log"
"5959",12,2.4,2.58981992853114,"Exp1","mixed","IP",0,2.36499510823457,0.301229375356233,2.36588760103376,0.179984207139752,0,-0.226729708269434,0.179984207139752,0.820015792860248,0.179984207139752,0.179984207139752,"all","log"
"5960",12,0.475682846001088,0.5578300299494,"Exp1","mixed","IP",0,0.49830521705652,0.0821961794517026,0.498290227489293,0.103592352311819,0,1.08420683963833,0.103592352311819,0.896407647688181,0.103592352311819,0.103592352311819,"all","log"
"5961",12,0.4,0.406038489887578,"Exp1","mixed","IP",0,0.42667943591328,0.0773336754654486,0.42712963136566,0.103592352311819,0,1.15419174389499,0.103592352311819,0.896407647688181,0.103592352311819,0.103592352311819,"all","log"
"5962",12,2.01815139660892,1.97378765872782,"Exp1","mixed","IP",0,2.0516722433408,0.261727724443306,2.05235308622261,0.179984207139752,0,-0.0763559432274849,0.179984207139752,0.820015792860248,0.179984207139752,0.179984207139752,"all","log"
"5963",12,0.475682846001088,0.589832679706888,"Exp1","mixed","IP",0,0.49830521705652,0.0821961794517026,0.498168152762432,0.103592352311819,0,1.08477520220558,0.103592352311819,0.896407647688181,0.103592352311819,0.103592352311819,"all","log"
"5964",12,0.475682846001088,0.557909336037483,"Exp1","mixed","IP",0,0.49830521705652,0.0821961794517026,0.498732014913036,0.103592352311819,0,1.08490566318749,0.103592352311819,0.896407647688181,0.103592352311819,0.103592352311819,"all","log"
"5965",12,2.01815139660892,1.96579142809969,"Exp1","mixed","IP",0,2.0516722433408,0.261727724443306,2.05226650708219,0.179984207139752,0,-0.0764142920925974,0.179984207139752,0.820015792860248,0.179984207139752,0.179984207139752,"all","log"
"5966",12,0.4,0.469904459489044,"Exp1","mixed","IP",0,0.42667943591328,0.0773336754654486,0.42674057895807,0.103592352311819,0,1.15165332025251,0.103592352311819,0.896407647688181,0.103592352311819,0.103592352311819,"all","log"
"5967",12,1.42704853800327,1.52580747592037,"Exp1","mixed","IP",0,1.54420610706915,0.198245299095588,1.54277508867893,0.179984207139752,0,0.203481825021039,0.179984207139752,0.820015792860248,0.179984207139752,0.179984207139752,"all","log"
"5968",12,2.01815139660892,1.86193777426706,"Exp1","mixed","IP",0,2.0516722433408,0.261727724443306,2.051256466537,0.179984207139752,0,-0.0774068427100336,0.179984207139752,0.820015792860248,0.179984207139752,0.179984207139752,"all","log"
"5969",12,1.69705627484772,1.99780900606129,"Exp1","mixed","IP",0,1.77991658464636,0.227620491394323,1.78127519089624,0.179984207139752,0,0.0661395687293837,0.179984207139752,0.820015792860248,0.179984207139752,0.179984207139752,"all","log"
"5970",12,0.565685424949238,0.741875511213948,"Exp1","mixed","IP",0,0.581999147899435,0.0895029222725467,0.581564627916755,0.103592352311819,0,0.997516114414556,0.103592352311819,0.896407647688181,0.103592352311819,0.103592352311819,"all","log"
"5971",12,0.672717132202972,0.717904546570935,"Exp1","mixed","IP",0,0.679801781450302,0.0994652929559281,0.680186481347267,0.103592352311819,0,0.886204622736659,0.103592352311819,0.896407647688181,0.103592352311819,0.103592352311819,"all","log"
"5972",12,1.42704853800327,1.50187880785779,"Exp1","mixed","IP",0,1.54420610706915,0.198245299095588,1.54386992849514,0.179984207139752,0,0.201595544933825,0.179984207139752,0.820015792860248,0.179984207139752,0.179984207139752,"all","log"
"5973",12,1.2,1.4459027054254,"Exp1","mixed","IP",0,1.33975334476623,0.173045646395932,1.33986546939049,0.179984207139752,0,0.336501866853494,0.179984207139752,0.820015792860248,0.179984207139752,0.179984207139752,"all","log"
"5974",12,2.01815139660892,2.03783463281252,"Exp1","mixed","IP",0,2.0516722433408,0.261727724443306,2.05451215472843,0.179984207139752,0,-0.0783501024243675,0.179984207139752,0.820015792860248,0.179984207139752,0.179984207139752,"all","log"
"5975",12,0.8,0.741919673817392,"Exp1","mixed","IP",0,0.794099869008536,0.112306258127945,0.793550217663711,0.103592352311819,0,0.772727494657346,0.103592352311819,0.896407647688181,0.103592352311819,0.103592352311819,"all","log"
"5976",12,1.42704853800327,1.5738853140665,"Exp1","mixed","IP",0,1.54420610706915,0.198245299095588,1.54543645524013,0.179984207139752,0,0.199757945204903,0.179984207139752,0.820015792860248,0.179984207139752,0.179984207139752,"all","log"
"5977",12,0.8,0.917859761957516,"Exp1","mixed","IP",0,0.794099869008536,0.112306258127945,0.793842768128119,0.103592352311819,0,0.766070787228476,0.103592352311819,0.896407647688181,0.103592352311819,0.103592352311819,"all","log"
"5978",12,1.2,1.07787860881581,"Exp1","mixed","IP",0,1.33975334476623,0.173045646395932,1.33867037324231,0.179984207139752,0,0.333019635086927,0.179984207139752,0.820015792860248,0.179984207139752,0.179984207139752,"all","log"
"5979",12,0.672717132202972,0.661915070955729,"Exp1","mixed","IP",0,0.679801781450302,0.0994652929559281,0.680322278276938,0.103592352311819,0,0.89355207125053,0.103592352311819,0.896407647688181,0.103592352311819,0.103592352311819,"all","log"
"5980",12,1.69705627484772,1.80588765281937,"Exp1","mixed","IP",0,1.77991658464636,0.227620491394323,1.78014611795677,0.179984207139752,0,0.0680435654030462,0.179984207139752,0.820015792860248,0.179984207139752,0.179984207139752,"all","log"
"5981",12,0.565685424949238,0.77388033799798,"Exp1","mixed","IP",0,0.581999147899435,0.0895029222725467,0.581874001655087,0.103592352311819,0,0.999976429594882,0.103592352311819,0.896407647688181,0.103592352311819,0.103592352311819,"all","log"
"5982",12,2.4,2.68580517448754,"Exp1","mixed","IP",0,2.36499510823457,0.301229375356233,2.36492374752076,0.179984207139752,0,-0.217244186218233,0.179984207139752,0.820015792860248,0.179984207139752,0.179984207139752,"all","log"
"5983",12,0.672717132202972,0.885871729402425,"Exp1","mixed","IP",0,0.679801781450302,0.0994652929559281,0.679409533451485,0.103592352311819,0,0.894099195812764,0.103592352311819,0.896407647688181,0.103592352311819,0.103592352311819,"all","log"
"5984",12,0.8,0.733825165843882,"Exp1","mixed","IP",0,0.794099869008536,0.112306258127945,0.793701221944837,0.103592352311819,0,0.768061461937807,0.103592352311819,0.896407647688181,0.103592352311819,0.103592352311819,"all","log"
"5985",12,1.2,1.22983342611587,"Exp1","mixed","IP",0,1.33975334476623,0.173045646395932,1.33932429576699,0.179984207139752,0,0.33522591784561,0.179984207139752,0.820015792860248,0.179984207139752,0.179984207139752,"all","log"
"5986",12,0.565685424949238,0.645907681493554,"Exp1","mixed","IP",0,0.581999147899435,0.0895029222725467,0.581764498220813,0.103592352311819,0,1.00039800393075,0.103592352311819,0.896407647688181,0.103592352311819,0.103592352311819,"all","log"
"5987",12,0.4,0.397920034583876,"Exp1","mixed","IP",0,0.42667943591328,0.0773336754654486,0.427073080705621,0.103592352311819,0,1.15443592284019,0.103592352311819,0.896407647688181,0.103592352311819,0.103592352311819,"all","log"
"5988",12,1.42704853800327,1.46984319164949,"Exp1","mixed","IP",0,1.54420610706915,0.198245299095588,1.54356743763408,0.179984207139752,0,0.201940336909185,0.179984207139752,0.820015792860248,0.179984207139752,0.179984207139752,"all","log"
"5989",12,0.4,0.597879915034355,"Exp1","mixed","IP",0,0.42667943591328,0.0773336754654486,0.426701858028924,0.103592352311819,0,1.15362709842404,0.103592352311819,0.896407647688181,0.103592352311819,0.103592352311819,"all","log"
"5990",12,1.42704853800327,1.53383169693188,"Exp1","mixed","IP",0,1.54420610706915,0.198245299095588,1.54355705230728,0.179984207139752,0,0.199554399433706,0.179984207139752,0.820015792860248,0.179984207139752,0.179984207139752,"all","log"
"5991",12,0.8,0.605901959015682,"Exp1","mixed","IP",0,0.794099869008536,0.112306258127945,0.793954764704232,0.103592352311819,0,0.767788978034153,0.103592352311819,0.896407647688181,0.103592352311819,0.103592352311819,"all","log"
"5992",12,2.4,1.45382771607729,"Exp1","mixed","IP",0,2.36499510823457,0.301229375356233,2.36398036672648,0.179984207139752,0,-0.215105050752314,0.179984207139752,0.820015792860248,0.179984207139752,0.179984207139752,"all","log"
"5993",12,0.475682846001088,0.42988007675558,"Exp1","mixed","IP",0,0.49830521705652,0.0821961794517026,0.498715519321879,0.103592352311819,0,1.08356790752848,0.103592352311819,0.896407647688181,0.103592352311819,0.103592352311819,"all","log"
"5994",12,0.672717132202972,0.805849399293947,"Exp1","mixed","IP",0,0.679801781450302,0.0994652929559281,0.679616535896795,0.103592352311819,0,0.892714011221483,0.103592352311819,0.896407647688181,0.103592352311819,0.103592352311819,"all","log"
"5995",12,0.8,0.869976923482682,"Exp1","mixed","IP",0,0.794099869008536,0.112306258127945,0.793753066306487,0.103592352311819,0,0.771189847821926,0.103592352311819,0.896407647688181,0.103592352311819,0.103592352311819,"all","log"
"5996",12,0.4,0.437852671060682,"Exp1","mixed","IP",0,0.42667943591328,0.0773336754654486,0.426197135207285,0.103592352311819,0,1.15207232754812,0.103592352311819,0.896407647688181,0.103592352311819,0.103592352311819,"all","log"
"5997",12,1.2,1.06195550150915,"Exp1","mixed","IP",0,1.33975334476623,0.173045646395932,1.33804101479215,0.179984207139752,0,0.335564138195692,0.179984207139752,0.820015792860248,0.179984207139752,0.179984207139752,"all","log"
"5998",12,1.69705627484772,1.89385458684592,"Exp1","mixed","IP",0,1.77991658464636,0.227620491394323,1.78057546355336,0.179984207139752,0,0.0688531306509805,0.179984207139752,0.820015792860248,0.179984207139752,0.179984207139752,"all","log"
"5999",12,1.2,1.3818706595448,"Exp1","mixed","IP",0,1.33975334476623,0.173045646395932,1.33899121936498,0.179984207139752,0,0.33467921053698,0.179984207139752,0.820015792860248,0.179984207139752,0.179984207139752,"all","log"
"6000",12,0.475682846001088,0.589899545622757,"Exp1","mixed","IP",0,0.49830521705652,0.0821961794517026,0.498080961745521,0.103592352311819,0,1.0857904263622,0.103592352311819,0.896407647688181,0.103592352311819,0.103592352311819,"all","log"
"6001",12,2.4,2.5418114443346,"Exp1","mixed","IP",0,2.36499510823457,0.301229375356233,2.36195250398325,0.179984207139752,0,-0.220984316794838,0.179984207139752,0.820015792860248,0.179984207139752,0.179984207139752,"all","log"
"6002",12,0.475682846001088,0.573892467165933,"Exp1","mixed","IP",0,0.49830521705652,0.0821961794517026,0.498744886128759,0.103592352311819,0,1.0853080560526,0.103592352311819,0.896407647688181,0.103592352311819,0.103592352311819,"all","log"
"6003",12,2.01815139660892,2.1577469918102,"Exp1","mixed","IP",0,2.0516722433408,0.261727724443306,2.05267788721142,0.179984207139752,0,-0.082480821549614,0.179984207139752,0.820015792860248,0.179984207139752,0.179984207139752,"all","log"
"6004",12,0.4,0.381955252705666,"Exp1","mixed","IP",0,0.42667943591328,0.0773336754654486,0.427260505433761,0.103592352311819,0,1.1563715257709,0.103592352311819,0.896407647688181,0.103592352311819,0.103592352311819,"all","log"
"6005",12,1.2,1.30186978873462,"Exp1","mixed","IP",0,1.33975334476623,0.173045646395932,1.33912587039493,0.179984207139752,0,0.333340647597887,0.179984207139752,0.820015792860248,0.179984207139752,0.179984207139752,"all","log"
"6006",12,0.8,0.86186344424641,"Exp1","mixed","IP",0,0.794099869008536,0.112306258127945,0.795180740489507,0.103592352311819,0,0.770193461586333,0.103592352311819,0.896407647688181,0.103592352311819,0.103592352311819,"all","log"
"6007",12,0.4,0.493901548490612,"Exp1","mixed","IP",0,0.42667943591328,0.0773336754654486,0.426645185985073,0.103592352311819,0,1.15031881830883,0.103592352311819,0.896407647688181,0.103592352311819,0.103592352311819,"all","log"
"6008",12,0.672717132202972,0.84587378202923,"Exp1","mixed","IP",0,0.679801781450302,0.0994652929559281,0.678864017735902,0.103592352311819,0,0.885785850181754,0.103592352311819,0.896407647688181,0.103592352311819,0.103592352311819,"all","log"
"6009",12,2.01815139660892,1.71790952264018,"Exp1","mixed","IP",0,2.0516722433408,0.261727724443306,2.05134288607233,0.179984207139752,0,-0.0742233440879757,0.179984207139752,0.820015792860248,0.179984207139752,0.179984207139752,"all","log"
"6010",12,1.69705627484772,1.7657597056641,"Exp1","mixed","IP",0,1.77991658464636,0.227620491394323,1.77937402658473,0.179984207139752,0,0.0641649536818082,0.179984207139752,0.820015792860248,0.179984207139752,0.179984207139752,"all","log"
"6011",12,1.42704853800327,1.44585387775624,"Exp1","mixed","IP",0,1.54420610706915,0.198245299095588,1.54409144891923,0.179984207139752,0,0.205276204153918,0.179984207139752,0.820015792860248,0.179984207139752,0.179984207139752,"all","log"
"6012",12,0.8,0.829935435514926,"Exp1","mixed","IP",0,0.794099869008536,0.112306258127945,0.793909406786187,0.103592352311819,0,0.774631316035222,0.103592352311819,0.896407647688181,0.103592352311819,0.103592352311819,"all","log"
"6013",12,0.565685424949238,0.72588429397365,"Exp1","mixed","IP",0,0.581999147899435,0.0895029222725467,0.581365936175262,0.103592352311819,0,1.00029504606451,0.103592352311819,0.896407647688181,0.103592352311819,0.103592352311819,"all","log"
"6014",12,1.42704853800327,1.42996715795016,"Exp1","mixed","IP",0,1.54420610706915,0.198245299095588,1.54510910534117,0.179984207139752,0,0.199475219473958,0.179984207139752,0.820015792860248,0.179984207139752,0.179984207139752,"all","log"
"6015",12,2.4,2.50178737260467,"Exp1","mixed","IP",0,2.36499510823457,0.301229375356233,2.36566995100246,0.179984207139752,0,-0.21651786400418,0.179984207139752,0.820015792860248,0.179984207139752,0.179984207139752,"all","log"
"6016",12,1.69705627484772,1.85385663947454,"Exp1","mixed","IP",0,1.77991658464636,0.227620491394323,1.77940682237202,0.179984207139752,0,0.0621812322124893,0.179984207139752,0.820015792860248,0.179984207139752,0.179984207139752,"all","log"
"6017",12,1.69705627484772,1.7579149341127,"Exp1","mixed","IP",0,1.77991658464636,0.227620491394323,1.77849159563043,0.179984207139752,0,0.06339303600653,0.179984207139752,0.820015792860248,0.179984207139752,0.179984207139752,"all","log"
"6018",12,0.4,0.437884704499083,"Exp1","mixed","IP",0,0.42667943591328,0.0773336754654486,0.426920128094312,0.103592352311819,0,1.14717755293031,0.103592352311819,0.896407647688181,0.103592352311819,0.103592352311819,"all","log"
"6019",12,0.475682846001088,0.533906337956068,"Exp1","mixed","IP",0,0.49830521705652,0.0821961794517026,0.498058327392694,0.103592352311819,0,1.08343077836442,0.103592352311819,0.896407647688181,0.103592352311819,0.103592352311819,"all","log"
"6020",12,2.4,2.57377957261815,"Exp1","mixed","IP",0,2.36499510823457,0.301229375356233,2.36454036878436,0.179984207139752,0,-0.214122668241565,0.179984207139752,0.820015792860248,0.179984207139752,0.179984207139752,"all","log"
"6021",12,2.01815139660892,1.90185175048646,"Exp1","mixed","IP",0,2.0516722433408,0.261727724443306,2.0515813205818,0.179984207139752,0,-0.0815781687085587,0.179984207139752,0.820015792860248,0.179984207139752,0.179984207139752,"all","log"
"6022",12,0.672717132202972,0.79787929302438,"Exp1","mixed","IP",0,0.679801781450302,0.0994652929559281,0.68000412169101,0.103592352311819,0,0.887107432041175,0.103592352311819,0.896407647688181,0.103592352311819,0.103592352311819,"all","log"
"6023",12,0.565685424949238,0.765888461432041,"Exp1","mixed","IP",0,0.581999147899435,0.0895029222725467,0.582643596924737,0.103592352311819,0,1.00005507918818,0.103592352311819,0.896407647688181,0.103592352311819,0.103592352311819,"all","log"
"6024",13,0.672717132202972,0.773874562304627,"Exp1","mixed","IP",0,0.692654564473663,0.103271171605636,0.692506059256091,0.160249388158599,0,0.85049256748674,0.160249388158599,0.839750611841401,0.160249388158599,0.160249388158599,"all","log"
"6025",13,0.565685424949238,0.629923941720335,"Exp1","mixed","IP",0,0.598852583552966,0.0959969179593791,0.599091972468654,0.160249388158599,0,0.927739872561966,0.160249388158599,0.839750611841401,0.160249388158599,0.160249388158599,"all","log"
"6026",13,2.01815139660892,2.1178821581816,"Exp1","mixed","IP",0,1.96577914572469,0.262848137000683,1.96551152660802,0.0861935796193329,0,-0.0806538357407413,0.0861935796193329,0.913806420380667,0.0861935796193329,0.0861935796193329,"all","log"
"6027",13,0.4,0.469977943843332,"Exp1","mixed","IP",0,0.447714720606408,0.0892011042143143,0.447124603506522,0.160249388158599,0,1.00734500818388,0.160249388158599,0.839750611841401,0.160249388158599,0.160249388158599,"all","log"
"6028",13,0.475682846001088,0.54187908051972,"Exp1","mixed","IP",0,0.517783406251277,0.0913725736954219,0.517853857924303,0.160249388158599,0,0.987086175403044,0.160249388158599,0.839750611841401,0.160249388158599,0.160249388158599,"all","log"
"6029",13,1.42704853800327,1.59778421790725,"Exp1","mixed","IP",0,1.43214545071282,0.19374476440387,1.43298701959976,0.0861935796193329,0,0.21994342229055,0.0861935796193329,0.913806420380667,0.0861935796193329,0.0861935796193329,"all","log"
"6030",13,0.672717132202972,0.637909501343529,"Exp1","mixed","IP",0,0.692654564473663,0.103271171605636,0.692149044249484,0.160249388158599,0,0.85413721621196,0.160249388158599,0.839750611841401,0.160249388158599,0.160249388158599,"all","log"
"6031",13,0.565685424949238,0.605942382804642,"Exp1","mixed","IP",0,0.598852583552966,0.0959969179593791,0.598844001259042,0.160249388158599,0,0.928237838713912,0.160249388158599,0.839750611841401,0.160249388158599,0.160249388158599,"all","log"
"6032",13,0.4,0.55794909792894,"Exp1","mixed","IP",0,0.447714720606408,0.0892011042143143,0.446980807655016,0.160249388158599,0,1.010180805729,0.160249388158599,0.839750611841401,0.160249388158599,0.160249388158599,"all","log"
"6033",13,0.565685424949238,0.461880424043557,"Exp1","mixed","IP",0,0.598852583552966,0.0959969179593791,0.598777302669272,0.160249388158599,0,0.921764551140753,0.160249388158599,0.839750611841401,0.160249388158599,0.160249388158599,"all","log"
"6034",13,1.2,1.20596122943425,"Exp1","mixed","IP",0,1.2224948714636,0.167299694290081,1.22291523986801,0.0861935796193329,0,0.371459097701718,0.0861935796193329,0.913806420380667,0.0861935796193329,0.0861935796193329,"all","log"
"6035",13,2.4,2.64577688078316,"Exp1","mixed","IP",0,2.30325497591242,0.307125100123344,2.30499077239609,0.0861935796193329,0,-0.236672892751425,0.0861935796193329,0.913806420380667,0.0861935796193329,0.0861935796193329,"all","log"
"6036",13,0.672717132202972,0.661984049405874,"Exp1","mixed","IP",0,0.692654564473663,0.103271171605636,0.6926104253751,0.160249388158599,0,0.854154736317188,0.160249388158599,0.839750611841401,0.160249388158599,0.160249388158599,"all","log"
"6037",13,2.4,2.60581425060082,"Exp1","mixed","IP",0,2.30325497591242,0.307125100123344,2.3024489732924,0.0861935796193329,0,-0.232057036630629,0.0861935796193329,0.913806420380667,0.0861935796193329,0.0861935796193329,"all","log"
"6038",13,0.475682846001088,0.613908971399724,"Exp1","mixed","IP",0,0.517783406251277,0.0913725736954219,0.517617579418236,0.160249388158599,0,0.978308765834131,0.160249388158599,0.839750611841401,0.160249388158599,0.160249388158599,"all","log"
"6039",13,0.8,0.917884272983429,"Exp1","mixed","IP",0,0.801195268059675,0.113371781042771,0.80126942622098,0.160249388158599,0,0.760501295476449,0.160249388158599,0.839750611841401,0.160249388158599,0.160249388158599,"all","log"
"6040",13,0.8,0.957930251297512,"Exp1","mixed","IP",0,0.801195268059675,0.113371781042771,0.800210098180518,0.160249388158599,0,0.762235771915341,0.160249388158599,0.839750611841401,0.160249388158599,0.160249388158599,"all","log"
"6041",13,0.4,0.429936941540291,"Exp1","mixed","IP",0,0.447714720606408,0.0892011042143143,0.448060229892257,0.160249388158599,0,1.00750125299759,0.160249388158599,0.839750611841401,0.160249388158599,0.160249388158599,"all","log"
"6042",13,1.69705627484772,2.03783249762273,"Exp1","mixed","IP",0,1.67783683082415,0.225352058451067,1.67874730279552,0.0861935796193329,0,0.0811789241128591,0.0861935796193329,0.913806420380667,0.0861935796193329,0.0861935796193329,"all","log"
"6043",13,0.8,0.805928760983079,"Exp1","mixed","IP",0,0.801195268059675,0.113371781042771,0.800529025586928,0.160249388158599,0,0.754633838713884,0.160249388158599,0.839750611841401,0.160249388158599,0.160249388158599,"all","log"
"6044",13,2.4,2.50979191579245,"Exp1","mixed","IP",0,2.30325497591242,0.307125100123344,2.30521606131335,0.0861935796193329,0,-0.239204666754204,0.0861935796193329,0.913806420380667,0.0861935796193329,0.0861935796193329,"all","log"
"6045",13,1.69705627484772,1.78182871088211,"Exp1","mixed","IP",0,1.67783683082415,0.225352058451067,1.6773663407832,0.0861935796193329,0,0.0755875457010575,0.0861935796193329,0.913806420380667,0.0861935796193329,0.0861935796193329,"all","log"
"6046",13,1.2,1.22195100871431,"Exp1","mixed","IP",0,1.2224948714636,0.167299694290081,1.22366902713541,0.0861935796193329,0,0.368874357945607,0.0861935796193329,0.913806420380667,0.0861935796193329,0.0861935796193329,"all","log"
"6047",13,1.2,1.47786398331118,"Exp1","mixed","IP",0,1.2224948714636,0.167299694290081,1.22274392884781,0.0861935796193329,0,0.36979303901896,0.0861935796193329,0.913806420380667,0.0861935796193329,0.0861935796193329,"all","log"
"6048",13,0.4,0.54188063552283,"Exp1","mixed","IP",0,0.447714720606408,0.0892011042143143,0.44773070871554,0.160249388158599,0,1.01205942233804,0.160249388158599,0.839750611841401,0.160249388158599,0.160249388158599,"all","log"
"6049",13,2.4,2.50176343809835,"Exp1","mixed","IP",0,2.30325497591242,0.307125100123344,2.30429504006306,0.0861935796193329,0,-0.233842025581433,0.0861935796193329,0.913806420380667,0.0861935796193329,0.0861935796193329,"all","log"
"6050",13,1.42704853800327,1.46981093657996,"Exp1","mixed","IP",0,1.43214545071282,0.19374476440387,1.43208735734585,0.0861935796193329,0,0.221512954393301,0.0861935796193329,0.913806420380667,0.0861935796193329,0.0861935796193329,"all","log"
"6051",13,0.475682846001088,0.557947542925831,"Exp1","mixed","IP",0,0.517783406251277,0.0913725736954219,0.517365516611942,0.160249388158599,0,0.984710710150865,0.160249388158599,0.839750611841401,0.160249388158599,0.160249388158599,"all","log"
"6052",13,0.672717132202972,0.653940643689566,"Exp1","mixed","IP",0,0.692654564473663,0.103271171605636,0.693496083039659,0.160249388158599,0,0.854019632062138,0.160249388158599,0.839750611841401,0.160249388158599,0.160249388158599,"all","log"
"6053",13,1.2,1.2458209184515,"Exp1","mixed","IP",0,1.2224948714636,0.167299694290081,1.22412870546532,0.0861935796193329,0,0.371045166415003,0.0861935796193329,0.913806420380667,0.0861935796193329,0.0861935796193329,"all","log"
"6054",13,1.42704853800327,1.50189872331066,"Exp1","mixed","IP",0,1.43214545071282,0.19374476440387,1.43168648716427,0.0861935796193329,0,0.222932161817708,0.0861935796193329,0.913806420380667,0.0861935796193329,0.0861935796193329,"all","log"
"6055",13,2.01815139660892,2.19780648554115,"Exp1","mixed","IP",0,1.96577914572469,0.262848137000683,1.96513429194311,0.0861935796193329,0,-0.0818045509722751,0.0861935796193329,0.913806420380667,0.0861935796193329,0.0861935796193329,"all","log"
"6056",13,2.01815139660892,2.14184443506565,"Exp1","mixed","IP",0,1.96577914572469,0.262848137000683,1.96415786019894,0.0861935796193329,0,-0.082085932895552,0.0861935796193329,0.913806420380667,0.0861935796193329,0.0861935796193329,"all","log"
"6057",13,0.8,0.917906043019684,"Exp1","mixed","IP",0,0.801195268059675,0.113371781042771,0.801580226656864,0.160249388158599,0,0.75992078085992,0.160249388158599,0.839750611841401,0.160249388158599,0.160249388158599,"all","log"
"6058",13,1.2,1.46983892662502,"Exp1","mixed","IP",0,1.2224948714636,0.167299694290081,1.22225767736712,0.0861935796193329,0,0.367266411457114,0.0861935796193329,0.913806420380667,0.0861935796193329,0.0861935796193329,"all","log"
"6059",13,1.42704853800327,1.54982047807607,"Exp1","mixed","IP",0,1.43214545071282,0.19374476440387,1.43045013459879,0.0861935796193329,0,0.221047303504467,0.0861935796193329,0.913806420380667,0.0861935796193329,0.0861935796193329,"all","log"
"6060",13,2.4,2.40581947540886,"Exp1","mixed","IP",0,2.30325497591242,0.307125100123344,2.30404548278852,0.0861935796193329,0,-0.23311269948824,0.0861935796193329,0.913806420380667,0.0861935796193329,0.0861935796193329,"all","log"
"6061",13,2.01815139660892,2.02184893835329,"Exp1","mixed","IP",0,1.96577914572469,0.262848137000683,1.96628489623207,0.0861935796193329,0,-0.0794462759549843,0.0861935796193329,0.913806420380667,0.0861935796193329,0.0861935796193329,"all","log"
"6062",13,1.69705627484772,1.58993705350076,"Exp1","mixed","IP",0,1.67783683082415,0.225352058451067,1.67713512517423,0.0861935796193329,0,0.0734423814406829,0.0861935796193329,0.913806420380667,0.0861935796193329,0.0861935796193329,"all","log"
"6063",13,0.565685424949238,0.629975256801117,"Exp1","mixed","IP",0,0.598852583552966,0.0959969179593791,0.598994747423463,0.160249388158599,0,0.925935577816271,0.160249388158599,0.839750611841401,0.160249388158599,0.160249388158599,"all","log"
"6064",13,0.4,0.469946532795802,"Exp1","mixed","IP",0,0.447714720606408,0.0892011042143143,0.448344304484627,0.160249388158599,0,1.01194577535049,0.160249388158599,0.839750611841401,0.160249388158599,0.160249388158599,"all","log"
"6065",13,0.475682846001088,0.501933866367835,"Exp1","mixed","IP",0,0.517783406251277,0.0913725736954219,0.51773949421586,0.160249388158599,0,0.979849984862518,0.160249388158599,0.839750611841401,0.160249388158599,0.160249388158599,"all","log"
"6066",13,0.4,0.421982481962914,"Exp1","mixed","IP",0,0.447714720606408,0.0892011042143143,0.448092617479558,0.160249388158599,0,1.011787521933,0.160249388158599,0.839750611841401,0.160249388158599,0.160249388158599,"all","log"
"6067",13,1.42704853800327,1.4939473737395,"Exp1","mixed","IP",0,1.43214545071282,0.19374476440387,1.43100843636019,0.0861935796193329,0,0.223437094848862,0.0861935796193329,0.913806420380667,0.0861935796193329,0.0861935796193329,"all","log"
"6068",13,0.565685424949238,0.661907543284542,"Exp1","mixed","IP",0,0.598852583552966,0.0959969179593791,0.598113210962078,0.160249388158599,0,0.927127062599197,0.160249388158599,0.839750611841401,0.160249388158599,0.160249388158599,"all","log"
"6069",13,2.01815139660892,1.61391674641163,"Exp1","mixed","IP",0,1.96577914572469,0.262848137000683,1.96565215280832,0.0861935796193329,0,-0.0811245142650098,0.0861935796193329,0.913806420380667,0.0861935796193329,0.0861935796193329,"all","log"
"6070",13,0.672717132202972,0.589926168482634,"Exp1","mixed","IP",0,0.692654564473663,0.103271171605636,0.692411257977644,0.160249388158599,0,0.852638633533998,0.160249388158599,0.839750611841401,0.160249388158599,0.160249388158599,"all","log"
"6071",13,0.475682846001088,0.501957502405276,"Exp1","mixed","IP",0,0.517783406251277,0.0913725736954219,0.51708117618386,0.160249388158599,0,0.980017122942085,0.160249388158599,0.839750611841401,0.160249388158599,0.160249388158599,"all","log"
"6072",13,0.4,0.517912449629875,"Exp1","mixed","IP",0,0.447714720606408,0.0892011042143143,0.447326508673586,0.160249388158599,0,1.01454267395714,0.160249388158599,0.839750611841401,0.160249388158599,0.160249388158599,"all","log"
"6073",13,1.2,1.19789885268801,"Exp1","mixed","IP",0,1.2224948714636,0.167299694290081,1.22289413599789,0.0861935796193329,0,0.372956310363235,0.0861935796193329,0.913806420380667,0.0861935796193329,0.0861935796193329,"all","log"
"6074",13,1.2,1.34984685091877,"Exp1","mixed","IP",0,1.2224948714636,0.167299694290081,1.22240023651545,0.0861935796193329,0,0.36692253733765,0.0861935796193329,0.913806420380667,0.0861935796193329,0.0861935796193329,"all","log"
"6075",13,0.475682846001088,0.509916626988343,"Exp1","mixed","IP",0,0.517783406251277,0.0913725736954219,0.517475185730924,0.160249388158599,0,0.984014968975808,0.160249388158599,0.839750611841401,0.160249388158599,0.160249388158599,"all","log"
"6076",13,2.01815139660892,1.94992758664557,"Exp1","mixed","IP",0,1.96577914572469,0.262848137000683,1.96627189956723,0.0861935796193329,0,-0.0795354148693662,0.0861935796193329,0.913806420380667,0.0861935796193329,0.0861935796193329,"all","log"
"6077",13,1.42704853800327,1.69382707875047,"Exp1","mixed","IP",0,1.43214545071282,0.19374476440387,1.43191217820968,0.0861935796193329,0,0.225167707452188,0.0861935796193329,0.913806420380667,0.0861935796193329,0.0861935796193329,"all","log"
"6078",13,2.4,2.30182899700048,"Exp1","mixed","IP",0,2.30325497591242,0.307125100123344,2.30119416704359,0.0861935796193329,0,-0.240368778193821,0.0861935796193329,0.913806420380667,0.0861935796193329,0.0861935796193329,"all","log"
"6079",13,1.42704853800327,1.31788097637946,"Exp1","mixed","IP",0,1.43214545071282,0.19374476440387,1.43161328767335,0.0861935796193329,0,0.226297911147877,0.0861935796193329,0.913806420380667,0.0861935796193329,0.0861935796193329,"all","log"
"6080",13,1.69705627484772,1.74984604231577,"Exp1","mixed","IP",0,1.67783683082415,0.225352058451067,1.67753175623026,0.0861935796193329,0,0.0720469274801985,0.0861935796193329,0.913806420380667,0.0861935796193329,0.0861935796193329,"all","log"
"6081",13,0.565685424949238,0.557934480904805,"Exp1","mixed","IP",0,0.598852583552966,0.0959969179593791,0.599132253215576,0.160249388158599,0,0.93212378008746,0.160249388158599,0.839750611841401,0.160249388158599,0.160249388158599,"all","log"
"6082",13,0.8,0.693913225886718,"Exp1","mixed","IP",0,0.801195268059675,0.113371781042771,0.801052322590704,0.160249388158599,0,0.759440563506352,0.160249388158599,0.839750611841401,0.160249388158599,0.160249388158599,"all","log"
"6083",13,0.8,0.90188298668545,"Exp1","mixed","IP",0,0.801195268059675,0.113371781042771,0.801381642512271,0.160249388158599,0,0.757842404991596,0.160249388158599,0.839750611841401,0.160249388158599,0.160249388158599,"all","log"
"6084",13,1.69705627484772,2.01384534069803,"Exp1","mixed","IP",0,1.67783683082415,0.225352058451067,1.67815176993375,0.0861935796193329,0,0.0727662237356897,0.0861935796193329,0.913806420380667,0.0861935796193329,0.0861935796193329,"all","log"
"6085",13,0.672717132202972,0.597884671065913,"Exp1","mixed","IP",0,0.692654564473663,0.103271171605636,0.692996894168566,0.160249388158599,0,0.8650229896038,0.160249388158599,0.839750611841401,0.160249388158599,0.160249388158599,"all","log"
"6086",13,0.475682846001088,0.661947351349227,"Exp1","mixed","IP",0,0.517783406251277,0.0913725736954219,0.51777220578956,0.160249388158599,0,0.987481504418387,0.160249388158599,0.839750611841401,0.160249388158599,0.160249388158599,"all","log"
"6087",13,0.672717132202972,0.589921192475231,"Exp1","mixed","IP",0,0.692654564473663,0.103271171605636,0.692901607313654,0.160249388158599,0,0.852636818669193,0.160249388158599,0.839750611841401,0.160249388158599,0.160249388158599,"all","log"
"6088",13,0.4,0.525960831353586,"Exp1","mixed","IP",0,0.447714720606408,0.0892011042143143,0.448277849243486,0.160249388158599,0,1.01032235956284,0.160249388158599,0.839750611841401,0.160249388158599,0.160249388158599,"all","log"
"6089",13,0.672717132202972,0.773922767381009,"Exp1","mixed","IP",0,0.692654564473663,0.103271171605636,0.692197976675541,0.160249388158599,0,0.849285193993031,0.160249388158599,0.839750611841401,0.160249388158599,0.160249388158599,"all","log"
"6090",13,2.01815139660892,2.10980049940554,"Exp1","mixed","IP",0,1.96577914572469,0.262848137000683,1.96450228127137,0.0861935796193329,0,-0.0850704002000379,0.0861935796193329,0.913806420380667,0.0861935796193329,0.0861935796193329,"all","log"
"6091",13,0.565685424949238,0.557950652930231,"Exp1","mixed","IP",0,0.598852583552966,0.0959969179593791,0.599383288974123,0.160249388158599,0,0.925447315068294,0.160249388158599,0.839750611841401,0.160249388158599,0.160249388158599,"all","log"
"6092",13,2.4,2.63781775620009,"Exp1","mixed","IP",0,2.30325497591242,0.307125100123344,2.30211312021301,0.0861935796193329,0,-0.233760202187747,0.0861935796193329,0.913806420380667,0.0861935796193329,0.0861935796193329,"all","log"
"6093",13,0.8,0.925895334650704,"Exp1","mixed","IP",0,0.801195268059675,0.113371781042771,0.802008284070883,0.160249388158599,0,0.757025652051636,0.160249388158599,0.839750611841401,0.160249388158599,0.160249388158599,"all","log"
"6094",13,0.475682846001088,0.565955494585069,"Exp1","mixed","IP",0,0.517783406251277,0.0913725736954219,0.517599816307016,0.160249388158599,0,0.98600050762955,0.160249388158599,0.839750611841401,0.160249388158599,0.160249388158599,"all","log"
"6095",13,0.565685424949238,0.653992580771956,"Exp1","mixed","IP",0,0.598852583552966,0.0959969179593791,0.598448898460909,0.160249388158599,0,0.926029562971433,0.160249388158599,0.839750611841401,0.160249388158599,0.160249388158599,"all","log"
"6096",13,2.4,2.58982384932096,"Exp1","mixed","IP",0,2.30325497591242,0.307125100123344,2.3020051762247,0.0861935796193329,0,-0.234931565194903,0.0861935796193329,0.913806420380667,0.0861935796193329,0.0861935796193329,"all","log"
"6097",13,2.01815139660892,2.11781715908,"Exp1","mixed","IP",0,1.96577914572469,0.262848137000683,1.96497913128058,0.0861935796193329,0,-0.0775477741024121,0.0861935796193329,0.913806420380667,0.0861935796193329,0.0861935796193329,"all","log"
"6098",13,0.4,0.469868471671361,"Exp1","mixed","IP",0,0.447714720606408,0.0892011042143143,0.447715653887862,0.160249388158599,0,1.01357194222936,0.160249388158599,0.839750611841401,0.160249388158599,0.160249388158599,"all","log"
"6099",13,1.42704853800327,1.68587883918553,"Exp1","mixed","IP",0,1.43214545071282,0.19374476440387,1.4330641279663,0.0861935796193329,0,0.22422404199464,0.0861935796193329,0.913806420380667,0.0861935796193329,0.0861935796193329,"all","log"
"6100",13,2.4,2.4138087670417,"Exp1","mixed","IP",0,2.30325497591242,0.307125100123344,2.30389263246941,0.0861935796193329,0,-0.240301921487592,0.0861935796193329,0.913806420380667,0.0861935796193329,0.0861935796193329,"all","log"
"6101",13,0.8,0.765948092774124,"Exp1","mixed","IP",0,0.801195268059675,0.113371781042771,0.801935607962093,0.160249388158599,0,0.75416055048574,0.160249388158599,0.839750611841401,0.160249388158599,0.160249388158599,"all","log"
"6102",13,0.565685424949238,0.645931448027113,"Exp1","mixed","IP",0,0.598852583552966,0.0959969179593791,0.598353906170339,0.160249388158599,0,0.924775503746274,0.160249388158599,0.839750611841401,0.160249388158599,0.160249388158599,"all","log"
"6103",13,0.565685424949238,0.485956838107086,"Exp1","mixed","IP",0,0.598852583552966,0.0959969179593791,0.599152426648803,0.160249388158599,0,0.924524148912076,0.160249388158599,0.839750611841401,0.160249388158599,0.160249388158599,"all","log"
"6104",13,1.2,1.31788097637946,"Exp1","mixed","IP",0,1.2224948714636,0.167299694290081,1.22268908278055,0.0861935796193329,0,0.373834390651722,0.0861935796193329,0.913806420380667,0.0861935796193329,0.0861935796193329,"all","log"
"6105",13,2.01815139660892,2.25383882212918,"Exp1","mixed","IP",0,1.96577914572469,0.262848137000683,1.96682924033393,0.0861935796193329,0,-0.0813541767121232,0.0861935796193329,0.913806420380667,0.0861935796193329,0.0861935796193329,"all","log"
"6106",13,1.69705627484772,1.58983815534339,"Exp1","mixed","IP",0,1.67783683082415,0.225352058451067,1.67828884260284,0.0861935796193329,0,0.0764575907133763,0.0861935796193329,0.913806420380667,0.0861935796193329,0.0861935796193329,"all","log"
"6107",13,1.2,1.30991936379178,"Exp1","mixed","IP",0,1.2224948714636,0.167299694290081,1.22271759653612,0.0861935796193329,0,0.366700155448381,0.0861935796193329,0.913806420380667,0.0861935796193329,0.0861935796193329,"all","log"
"6108",13,0.475682846001088,0.62198534316849,"Exp1","mixed","IP",0,0.517783406251277,0.0913725736954219,0.517323526348106,0.160249388158599,0,0.979419959200938,0.160249388158599,0.839750611841401,0.160249388158599,0.160249388158599,"all","log"
"6109",13,1.42704853800327,1.66987475388305,"Exp1","mixed","IP",0,1.43214545071282,0.19374476440387,1.43266966990653,0.0861935796193329,0,0.217995297531659,0.0861935796193329,0.913806420380667,0.0861935796193329,0.0861935796193329,"all","log"
"6110",13,1.69705627484772,1.59784206399854,"Exp1","mixed","IP",0,1.67783683082415,0.225352058451067,1.67546329517095,0.0861935796193329,0,0.0690041990207503,0.0861935796193329,0.913806420380667,0.0861935796193329,0.0861935796193329,"all","log"
"6111",13,2.4,2.54178422537007,"Exp1","mixed","IP",0,2.30325497591242,0.307125100123344,2.30495524229493,0.0861935796193329,0,-0.237103354708583,0.0861935796193329,0.913806420380667,0.0861935796193329,0.0861935796193329,"all","log"
"6112",13,0.475682846001088,0.637959883424628,"Exp1","mixed","IP",0,0.517783406251277,0.0913725736954219,0.517091769757681,0.160249388158599,0,0.9839130241984,0.160249388158599,0.839750611841401,0.160249388158599,0.160249388158599,"all","log"
"6113",13,2.4,2.46174140682342,"Exp1","mixed","IP",0,2.30325497591242,0.307125100123344,2.30380797261801,0.0861935796193329,0,-0.23147175167833,0.0861935796193329,0.913806420380667,0.0861935796193329,0.0861935796193329,"all","log"
"6114",13,0.672717132202972,0.805976655057748,"Exp1","mixed","IP",0,0.692654564473663,0.103271171605636,0.693710250789797,0.160249388158599,0,0.849309502174389,0.160249388158599,0.839750611841401,0.160249388158599,0.160249388158599,"all","log"
"6115",13,2.01815139660892,2.29390221646827,"Exp1","mixed","IP",0,1.96577914572469,0.262848137000683,1.96448149490386,0.0861935796193329,0,-0.0794214448087219,0.0861935796193329,0.913806420380667,0.0861935796193329,0.0861935796193329,"all","log"
"6116",13,0.4,0.533942036972803,"Exp1","mixed","IP",0,0.447714720606408,0.0892011042143143,0.44668553272546,0.160249388158599,0,1.00837846413375,0.160249388158599,0.839750611841401,0.160249388158599,0.160249388158599,"all","log"
"6117",13,0.8,0.677893279558702,"Exp1","mixed","IP",0,0.801195268059675,0.113371781042771,0.802054740686955,0.160249388158599,0,0.756813956442587,0.160249388158599,0.839750611841401,0.160249388158599,0.160249388158599,"all","log"
"6118",13,1.42704853800327,1.47785496429788,"Exp1","mixed","IP",0,1.43214545071282,0.19374476440387,1.4316506350008,0.0861935796193329,0,0.226247861522263,0.0861935796193329,0.913806420380667,0.0861935796193329,0.0861935796193329,"all","log"
"6119",13,0.8,0.861915380497521,"Exp1","mixed","IP",0,0.801195268059675,0.113371781042771,0.801429395045799,0.160249388158599,0,0.761450058571255,0.160249388158599,0.839750611841401,0.160249388158599,0.160249388158599,"all","log"
"6120",13,0.672717132202972,0.805923162974068,"Exp1","mixed","IP",0,0.692654564473663,0.103271171605636,0.691985163487995,0.160249388158599,0,0.850179449423842,0.160249388158599,0.839750611841401,0.160249388158599,0.160249388158599,"all","log"
"6121",13,1.69705627484772,2.10178912673837,"Exp1","mixed","IP",0,1.67783683082415,0.225352058451067,1.67697454483512,0.0861935796193329,0,0.0715155667010047,0.0861935796193329,0.913806420380667,0.0861935796193329,0.0861935796193329,"all","log"
"6122",13,0.4,0.549916888228836,"Exp1","mixed","IP",0,0.447714720606408,0.0892011042143143,0.448172411503634,0.160249388158599,0,1.01161566661376,0.160249388158599,0.839750611841401,0.160249388158599,0.160249388158599,"all","log"
"6123",13,1.2,1.28591790084647,"Exp1","mixed","IP",0,1.2224948714636,0.167299694290081,1.22163326341934,0.0861935796193329,0,0.372036429335377,0.0861935796193329,0.913806420380667,0.0861935796193329,0.0861935796193329,"all","log"
"6124",13,2.4,2.52546478557088,"Exp1","mixed","IP",0,2.30325497591242,0.307125100123344,2.30305905497806,0.0861935796193329,0,-0.236334033120069,0.0861935796193329,0.913806420380667,0.0861935796193329,0.0861935796193329,"all","log"
"6125",13,0.8,0.821920095264431,"Exp1","mixed","IP",0,0.801195268059675,0.113371781042771,0.801076037579476,0.160249388158599,0,0.757858719646529,0.160249388158599,0.839750611841401,0.160249388158599,0.160249388158599,"all","log"
"6126",13,1.69705627484772,1.97390541355526,"Exp1","mixed","IP",0,1.67783683082415,0.225352058451067,1.67921878748272,0.0861935796193329,0,0.0684230706942196,0.0861935796193329,0.913806420380667,0.0861935796193329,0.0861935796193329,"all","log"
"6127",13,1.2,1.21387245994265,"Exp1","mixed","IP",0,1.2224948714636,0.167299694290081,1.22187846912416,0.0861935796193329,0,0.366559989426655,0.0861935796193329,0.913806420380667,0.0861935796193329,0.0861935796193329,"all","log"
"6128",13,2.01815139660892,2.01381517365189,"Exp1","mixed","IP",0,1.96577914572469,0.262848137000683,1.96345240044442,0.0861935796193329,0,-0.0844890763284842,0.0861935796193329,0.913806420380667,0.0861935796193329,0.0861935796193329,"all","log"
"6129",13,1.42704853800327,1.18189103537952,"Exp1","mixed","IP",0,1.43214545071282,0.19374476440387,1.4322923100932,0.0861935796193329,0,0.227190363740818,0.0861935796193329,0.913806420380667,0.0861935796193329,0.0861935796193329,"all","log"
"6130",13,0.475682846001088,0.541949677632147,"Exp1","mixed","IP",0,0.517783406251277,0.0913725736954219,0.517723590963149,0.160249388158599,0,0.982213290036517,0.160249388158599,0.839750611841401,0.160249388158599,0.160249388158599,"all","log"
"6131",13,1.2,1.38986857119198,"Exp1","mixed","IP",0,1.2224948714636,0.167299694290081,1.2221096724683,0.0861935796193329,0,0.370077057202499,0.0861935796193329,0.913806420380667,0.0861935796193329,0.0861935796193329,"all","log"
"6132",13,0.565685424949238,0.685934819273825,"Exp1","mixed","IP",0,0.598852583552966,0.0959969179593791,0.598753548028346,0.160249388158599,0,0.925064592575444,0.160249388158599,0.839750611841401,0.160249388158599,0.160249388158599,"all","log"
"6133",13,1.42704853800327,1.2379037789342,"Exp1","mixed","IP",0,1.43214545071282,0.19374476440387,1.43427266381348,0.0861935796193329,0,0.223660458087571,0.0861935796193329,0.913806420380667,0.0861935796193329,0.0861935796193329,"all","log"
"6134",13,2.01815139660892,2.26983855342405,"Exp1","mixed","IP",0,1.96577914572469,0.262848137000683,1.96531944159581,0.0861935796193329,0,-0.080775389734761,0.0861935796193329,0.913806420380667,0.0861935796193329,0.0861935796193329,"all","log"
"6135",13,0.672717132202972,0.805892062924613,"Exp1","mixed","IP",0,0.692654564473663,0.103271171605636,0.692380255359032,0.160249388158599,0,0.854612219392011,0.160249388158599,0.839750611841401,0.160249388158599,0.160249388158599,"all","log"
"6136",13,0.4,0.405982750668045,"Exp1","mixed","IP",0,0.447714720606408,0.0892011042143143,0.448050696776302,0.160249388158599,0,1.00631690855471,0.160249388158599,0.839750611841401,0.160249388158599,0.160249388158599,"all","log"
"6137",13,0.672717132202972,0.701916201540371,"Exp1","mixed","IP",0,0.692654564473663,0.103271171605636,0.692304765895246,0.160249388158599,0,0.854354622397816,0.160249388158599,0.839750611841401,0.160249388158599,0.160249388158599,"all","log"
"6138",13,0.8,0.733928726151134,"Exp1","mixed","IP",0,0.801195268059675,0.113371781042771,0.800068020582248,0.160249388158599,0,0.757493325941876,0.160249388158599,0.839750611841401,0.160249388158599,0.160249388158599,"all","log"
"6139",13,2.4,2.51781603947711,"Exp1","mixed","IP",0,2.30325497591242,0.307125100123344,2.30240375010242,0.0861935796193329,0,-0.237399572874061,0.0861935796193329,0.913806420380667,0.0861935796193329,0.0861935796193329,"all","log"
"6140",13,0.672717132202972,0.645931448027113,"Exp1","mixed","IP",0,0.692654564473663,0.103271171605636,0.692055314142561,0.160249388158599,0,0.852919903937505,0.160249388158599,0.839750611841401,0.160249388158599,0.160249388158599,"all","log"
"6141",13,0.475682846001088,0.685931398267712,"Exp1","mixed","IP",0,0.517783406251277,0.0913725736954219,0.517437084369816,0.160249388158599,0,0.981153853913763,0.160249388158599,0.839750611841401,0.160249388158599,0.160249388158599,"all","log"
"6142",13,2.01815139660892,2.35787284060825,"Exp1","mixed","IP",0,1.96577914572469,0.262848137000683,1.96695402322716,0.0861935796193329,0,-0.0814965388839818,0.0861935796193329,0.913806420380667,0.0861935796193329,0.0861935796193329,"all","log"
"6143",13,0.475682846001088,0.549935237257159,"Exp1","mixed","IP",0,0.517783406251277,0.0913725736954219,0.517627123517681,0.160249388158599,0,0.975703390486321,0.160249388158599,0.839750611841401,0.160249388158599,0.160249388158599,"all","log"
"6144",13,1.2,1.47783630426784,"Exp1","mixed","IP",0,1.2224948714636,0.167299694290081,1.22277950925221,0.0861935796193329,0,0.364722901217925,0.0861935796193329,0.913806420380667,0.0861935796193329,0.0861935796193329,"all","log"
"6145",13,1.69705627484772,1.741824095634,"Exp1","mixed","IP",0,1.67783683082415,0.225352058451067,1.67913640418822,0.0861935796193329,0,0.0671233263803949,0.0861935796193329,0.913806420380667,0.0861935796193329,0.0861935796193329,"all","log"
"6146",13,0.475682846001088,0.605921856771602,"Exp1","mixed","IP",0,0.517783406251277,0.0913725736954219,0.518447493869396,0.160249388158599,0,0.980180820923028,0.160249388158599,0.839750611841401,0.160249388158599,0.160249388158599,"all","log"
"6147",13,1.69705627484772,2.02190802844598,"Exp1","mixed","IP",0,1.67783683082415,0.225352058451067,1.67579217701613,0.0861935796193329,0,0.0712979011875714,0.0861935796193329,0.913806420380667,0.0861935796193329,0.0861935796193329,"all","log"
"6148",13,0.4,0.525949635335564,"Exp1","mixed","IP",0,0.447714720606408,0.0892011042143143,0.446900556563705,0.160249388158599,0,1.00663954688922,0.160249388158599,0.839750611841401,0.160249388158599,0.160249388158599,"all","log"
"6149",13,0.8,0.669802912769228,"Exp1","mixed","IP",0,0.801195268059675,0.113371781042771,0.800681003747975,0.160249388158599,0,0.767093427107264,0.160249388158599,0.839750611841401,0.160249388158599,0.160249388158599,"all","log"
"6150",13,0.672717132202972,0.909904933370854,"Exp1","mixed","IP",0,0.692654564473663,0.103271171605636,0.69309179539006,0.160249388158599,0,0.856954002330754,0.160249388158599,0.839750611841401,0.160249388158599,0.160249388158599,"all","log"
"6151",13,0.565685424949238,0.685923001256015,"Exp1","mixed","IP",0,0.598852583552966,0.0959969179593791,0.599479002163153,0.160249388158599,0,0.930193766144131,0.160249388158599,0.839750611841401,0.160249388158599,0.160249388158599,"all","log"
"6152",13,0.4,0.34995507909116,"Exp1","mixed","IP",0,0.447714720606408,0.0892011042143143,0.448077517711458,0.160249388158599,0,1.00865383862003,0.160249388158599,0.839750611841401,0.160249388158599,0.160249388158599,"all","log"
"6153",13,1.69705627484772,1.80585598686957,"Exp1","mixed","IP",0,1.67783683082415,0.225352058451067,1.67758113086351,0.0861935796193329,0,0.0745115307813097,0.0861935796193329,0.913806420380667,0.0861935796193329,0.0861935796193329,"all","log"
"6154",13,1.2,1.21387277094618,"Exp1","mixed","IP",0,1.2224948714636,0.167299694290081,1.22260257333832,0.0861935796193329,0,0.374176925846057,0.0861935796193329,0.913806420380667,0.0861935796193329,0.0861935796193329,"all","log"
"6155",13,0.8,0.693902962870197,"Exp1","mixed","IP",0,0.801195268059675,0.113371781042771,0.800931125350223,0.160249388158599,0,0.762274378611174,0.160249388158599,0.839750611841401,0.160249388158599,0.160249388158599,"all","log"
"6156",13,1.42704853800327,1.46989055271115,"Exp1","mixed","IP",0,1.43214545071282,0.19374476440387,1.43221683667181,0.0861935796193329,0,0.221804738413108,0.0861935796193329,0.913806420380667,0.0861935796193329,0.0861935796193329,"all","log"
"6157",13,1.42704853800327,1.59777364389083,"Exp1","mixed","IP",0,1.43214545071282,0.19374476440387,1.43196677127571,0.0861935796193329,0,0.228882559873878,0.0861935796193329,0.913806420380667,0.0861935796193329,0.0861935796193329,"all","log"
"6158",13,0.565685424949238,0.661983738405979,"Exp1","mixed","IP",0,0.598852583552966,0.0959969179593791,0.598820931021791,0.160249388158599,0,0.930985270007467,0.160249388158599,0.839750611841401,0.160249388158599,0.160249388158599,"all","log"
"6159",13,0.565685424949238,0.693827078754111,"Exp1","mixed","IP",0,0.598852583552966,0.0959969179593791,0.5987004958572,0.160249388158599,0,0.928380216095194,0.160249388158599,0.839750611841401,0.160249388158599,0.160249388158599,"all","log"
"6160",13,2.01815139660892,2.32570948075954,"Exp1","mixed","IP",0,1.96577914572469,0.262848137000683,1.9656936503111,0.0861935796193329,0,-0.0798065502598512,0.0861935796193329,0.913806420380667,0.0861935796193329,0.0861935796193329,"all","log"
"6161",14,0.475682846001088,0.563446666862546,"Exp1","mixed","IP",0,0.577412063771661,0.118229181016802,0.577079601785413,0.363095609113604,0,0.717733107853113,0.363095609113604,0.636904390886396,0.363095609113604,0.363095609113604,"all","log"
"6162",14,2.01815139660892,1.34428734973335,"Exp1","mixed","IP",0,1.94090872913813,0.266368588062559,1.94138865773033,0.348426470832118,0,-0.0948942644457666,0.348426470832118,0.651573529167882,0.348426470832118,0.348426470832118,"all","log"
"6163",14,1.2,1.62700421300451,"Exp1","mixed","IP",0,1.38338408066754,0.1957535921311,1.38408057147844,0.348426470832118,0,0.215764348571039,0.348426470832118,0.651573529167882,0.348426470832118,0.348426470832118,"all","log"
"6164",14,2.01815139660892,1.57493784704002,"Exp1","mixed","IP",0,1.94090872913813,0.266368588062559,1.94240683667475,0.348426470832118,0,-0.0952157556143381,0.348426470832118,0.651573529167882,0.348426470832118,0.348426470832118,"all","log"
"6165",14,1.42704853800327,1.63746687327648,"Exp1","mixed","IP",0,1.54858226169356,0.216043216318904,1.54754796828579,0.348426470832118,0,0.116548201000365,0.348426470832118,0.651573529167882,0.348426470832118,0.348426470832118,"all","log"
"6166",14,0.672717132202972,0.657244359565084,"Exp1","mixed","IP",0,0.719993981415464,0.122707866934663,0.719744025739943,0.363095609113604,0,0.678277136747593,0.363095609113604,0.636904390886396,0.363095609113604,0.363095609113604,"all","log"
"6167",14,1.69705627484772,1.76263706613554,"Exp1","mixed","IP",0,1.73362456881202,0.239509524106307,1.73212149052966,0.348426470832118,0,0.0160354431604986,0.348426470832118,0.651573529167882,0.348426470832118,0.348426470832118,"all","log"
"6168",14,1.69705627484772,1.76254720279576,"Exp1","mixed","IP",0,1.73362456881202,0.239509524106307,1.73384671960032,0.348426470832118,0,0.0109145695944971,0.348426470832118,0.651573529167882,0.348426470832118,0.348426470832118,"all","log"
"6169",14,0.565685424949238,0.563464790561738,"Exp1","mixed","IP",0,0.644741365878093,0.119334675734041,0.644753911587005,0.363095609113604,0,0.711766673876191,0.363095609113604,0.636904390886396,0.363095609113604,0.363095609113604,"all","log"
"6170",14,0.672717132202972,0.729980426404836,"Exp1","mixed","IP",0,0.719993981415464,0.122707866934663,0.720227929835576,0.363095609113604,0,0.681726916977295,0.363095609113604,0.636904390886396,0.363095609113604,0.363095609113604,"all","log"
"6171",14,0.4,0.532079830361909,"Exp1","mixed","IP",0,0.517165850703386,0.119301307683224,0.517562448175912,0.363095609113604,0,0.719028828272782,0.363095609113604,0.636904390886396,0.363095609113604,0.363095609113604,"all","log"
"6172",14,2.4,1.97110868706613,"Exp1","mixed","IP",0,2.17312386751924,0.296896925629406,2.1717241249191,0.348426470832118,0,-0.199041385455531,0.348426470832118,0.651573529167882,0.348426470832118,0.348426470832118,"all","log"
"6173",14,0.8,0.803247366588494,"Exp1","mixed","IP",0,0.804110673448066,0.128411999492704,0.804522122283148,0.363095609113604,0,0.638643790696297,0.363095609113604,0.636904390886396,0.363095609113604,0.363095609113604,"all","log"
"6174",14,0.672717132202972,0.78243909493267,"Exp1","mixed","IP",0,0.719993981415464,0.122707866934663,0.719119707131493,0.363095609113604,0,0.682476214493048,0.363095609113604,0.636904390886396,0.363095609113604,0.363095609113604,"all","log"
"6175",14,2.4,2.38806703200999,"Exp1","mixed","IP",0,2.17312386751924,0.296896925629406,2.17251152405546,0.348426470832118,0,-0.203029245082095,0.348426470832118,0.651573529167882,0.348426470832118,0.348426470832118,"all","log"
"6176",14,2.4,2.46096394667711,"Exp1","mixed","IP",0,2.17312386751924,0.296896925629406,2.1743159723783,0.348426470832118,0,-0.20050642856241,0.348426470832118,0.651573529167882,0.348426470832118,0.348426470832118,"all","log"
"6177",14,0.672717132202972,0.719726188669028,"Exp1","mixed","IP",0,0.719993981415464,0.122707866934663,0.720466600591689,0.363095609113604,0,0.678541637531408,0.363095609113604,0.636904390886396,0.363095609113604,0.363095609113604,"all","log"
"6178",14,0.8,0.740688889341527,"Exp1","mixed","IP",0,0.804110673448066,0.128411999492704,0.804283112559782,0.363095609113604,0,0.637217667838288,0.363095609113604,0.636904390886396,0.363095609113604,0.363095609113604,"all","log"
"6179",14,1.2,1.16800643844408,"Exp1","mixed","IP",0,1.38338408066754,0.1957535921311,1.38351866873905,0.348426470832118,0,0.212615240656082,0.348426470832118,0.651573529167882,0.348426470832118,0.348426470832118,"all","log"
"6180",14,2.4,2.23898412892549,"Exp1","mixed","IP",0,2.17312386751924,0.296896925629406,2.17170706942114,0.348426470832118,0,-0.20079819515489,0.348426470832118,0.651573529167882,0.348426470832118,0.348426470832118,"all","log"
"6181",14,1.69705627484772,1.86693177862207,"Exp1","mixed","IP",0,1.73362456881202,0.239509524106307,1.73326298480839,0.348426470832118,0,0.00699358971668216,0.348426470832118,0.651573529167882,0.348426470832118,0.348426470832118,"all","log"
"6182",14,0.8,0.740621680625281,"Exp1","mixed","IP",0,0.804110673448066,0.128411999492704,0.804285827550162,0.363095609113604,0,0.636834450570693,0.363095609113604,0.636904390886396,0.363095609113604,0.363095609113604,"all","log"
"6183",14,2.01815139660892,1.96063960798392,"Exp1","mixed","IP",0,1.94090872913813,0.266368588062559,1.94107668839314,0.348426470832118,0,-0.0970086727769046,0.348426470832118,0.651573529167882,0.348426470832118,0.348426470832118,"all","log"
"6184",14,0.565685424949238,0.657208867321515,"Exp1","mixed","IP",0,0.644741365878093,0.119334675734041,0.644737782930302,0.363095609113604,0,0.709737497959807,0.363095609113604,0.636904390886396,0.363095609113604,0.363095609113604,"all","log"
"6185",14,0.8,0.844902800337877,"Exp1","mixed","IP",0,0.804110673448066,0.128411999492704,0.804063039938433,0.363095609113604,0,0.639248238948038,0.363095609113604,0.636904390886396,0.363095609113604,0.363095609113604,"all","log"
"6186",14,0.565685424949238,0.782214059006037,"Exp1","mixed","IP",0,0.644741365878093,0.119334675734041,0.645011506151324,0.363095609113604,0,0.713396491714175,0.363095609113604,0.636904390886396,0.363095609113604,0.363095609113604,"all","log"
"6187",14,0.475682846001088,0.626033084811752,"Exp1","mixed","IP",0,0.577412063771661,0.118229181016802,0.577755625152925,0.363095609113604,0,0.716359336614201,0.363095609113604,0.636904390886396,0.363095609113604,0.363095609113604,"all","log"
"6188",14,0.475682846001088,0.540695761244478,"Exp1","mixed","IP",0,0.577412063771661,0.118229181016802,0.577148194018976,0.363095609113604,0,0.722854571180016,0.363095609113604,0.636904390886396,0.363095609113604,0.363095609113604,"all","log"
"6189",14,1.42704853800327,1.553133149529,"Exp1","mixed","IP",0,1.54858226169356,0.216043216318904,1.54913828705271,0.348426470832118,0,0.114836693674524,0.348426470832118,0.651573529167882,0.348426470832118,0.348426470832118,"all","log"
"6190",14,1.42704853800327,1.67895126461872,"Exp1","mixed","IP",0,1.54858226169356,0.216043216318904,1.54874794993829,0.348426470832118,0,0.113010604165213,0.348426470832118,0.651573529167882,0.348426470832118,0.348426470832118,"all","log"
"6191",14,2.01815139660892,1.72073092121991,"Exp1","mixed","IP",0,1.94090872913813,0.266368588062559,1.94276769157768,0.348426470832118,0,-0.0972652133851499,0.348426470832118,0.651573529167882,0.348426470832118,0.348426470832118,"all","log"
"6192",14,0.4,0.386233140240165,"Exp1","mixed","IP",0,0.517165850703386,0.119301307683224,0.516410508333145,0.363095609113604,0,0.718749322041949,0.363095609113604,0.636904390886396,0.363095609113604,0.363095609113604,"all","log"
"6193",14,0.4,0.500859116182255,"Exp1","mixed","IP",0,0.517165850703386,0.119301307683224,0.518236834597336,0.363095609113604,0,0.720791038419565,0.363095609113604,0.636904390886396,0.363095609113604,0.363095609113604,"all","log"
"6194",14,0.4,0.507915653815871,"Exp1","mixed","IP",0,0.517165850703386,0.119301307683224,0.516637742246745,0.363095609113604,0,0.713114617327098,0.363095609113604,0.636904390886396,0.363095609113604,0.363095609113604,"all","log"
"6195",14,1.2,1.23073897871427,"Exp1","mixed","IP",0,1.38338408066754,0.1957535921311,1.38357721792402,0.348426470832118,0,0.213808628072457,0.348426470832118,0.651573529167882,0.348426470832118,0.348426470832118,"all","log"
"6196",14,0.565685424949238,0.626034595120018,"Exp1","mixed","IP",0,0.644741365878093,0.119334675734041,0.6459192407378,0.363095609113604,0,0.709684646318528,0.363095609113604,0.636904390886396,0.363095609113604,0.363095609113604,"all","log"
"6197",14,1.42704853800327,1.63734793650337,"Exp1","mixed","IP",0,1.54858226169356,0.216043216318904,1.54827131901623,0.348426470832118,0,0.113403761113151,0.348426470832118,0.651573529167882,0.348426470832118,0.348426470832118,"all","log"
"6198",14,2.4,1.96074797260007,"Exp1","mixed","IP",0,2.17312386751924,0.296896925629406,2.17589286525875,0.348426470832118,0,-0.198151453781228,0.348426470832118,0.651573529167882,0.348426470832118,0.348426470832118,"all","log"
"6199",14,2.4,2.23971398537833,"Exp1","mixed","IP",0,2.17312386751924,0.296896925629406,2.1726226175286,0.348426470832118,0,-0.200098961347137,0.348426470832118,0.651573529167882,0.348426470832118,0.348426470832118,"all","log"
"6200",14,0.565685424949238,0.813710782014823,"Exp1","mixed","IP",0,0.644741365878093,0.119334675734041,0.644223784416865,0.363095609113604,0,0.709698639363679,0.363095609113604,0.636904390886396,0.363095609113604,0.363095609113604,"all","log"
"6201",14,1.42704853800327,1.55405632543489,"Exp1","mixed","IP",0,1.54858226169356,0.216043216318904,1.54948656020517,0.348426470832118,0,0.114576521336697,0.348426470832118,0.651573529167882,0.348426470832118,0.348426470832118,"all","log"
"6202",14,0.565685424949238,0.771816341988142,"Exp1","mixed","IP",0,0.644741365878093,0.119334675734041,0.644710185031397,0.363095609113604,0,0.712621790699893,0.363095609113604,0.636904390886396,0.363095609113604,0.363095609113604,"all","log"
"6203",14,0.8,0.897037130172521,"Exp1","mixed","IP",0,0.804110673448066,0.128411999492704,0.803856648689188,0.363095609113604,0,0.636489484957501,0.363095609113604,0.636904390886396,0.363095609113604,0.363095609113604,"all","log"
"6204",14,2.01815139660892,2.05440747209877,"Exp1","mixed","IP",0,1.94090872913813,0.266368588062559,1.94119813011671,0.348426470832118,0,-0.0987876706149733,0.348426470832118,0.651573529167882,0.348426470832118,0.348426470832118,"all","log"
"6205",14,1.2,1.34554807952964,"Exp1","mixed","IP",0,1.38338408066754,0.1957535921311,1.38203209703146,0.348426470832118,0,0.207627604411886,0.348426470832118,0.651573529167882,0.348426470832118,0.348426470832118,"all","log"
"6206",14,0.4,0.563371529028245,"Exp1","mixed","IP",0,0.517165850703386,0.119301307683224,0.51690834804488,0.363095609113604,0,0.721317489596448,0.363095609113604,0.636904390886396,0.363095609113604,0.363095609113604,"all","log"
"6207",14,0.475682846001088,0.574042234259196,"Exp1","mixed","IP",0,0.577412063771661,0.118229181016802,0.576946968681249,0.363095609113604,0,0.725035233044532,0.363095609113604,0.636904390886396,0.363095609113604,0.363095609113604,"all","log"
"6208",14,0.672717132202972,0.75115041688241,"Exp1","mixed","IP",0,0.719993981415464,0.122707866934663,0.720196640870599,0.363095609113604,0,0.681091088066137,0.363095609113604,0.636904390886396,0.363095609113604,0.363095609113604,"all","log"
"6209",14,0.8,0.69908065272466,"Exp1","mixed","IP",0,0.804110673448066,0.128411999492704,0.802860078240136,0.363095609113604,0,0.633407776406523,0.363095609113604,0.636904390886396,0.363095609113604,0.363095609113604,"all","log"
"6210",14,0.8,0.730411241827824,"Exp1","mixed","IP",0,0.804110673448066,0.128411999492704,0.804511488723209,0.363095609113604,0,0.632086700915949,0.363095609113604,0.636904390886396,0.363095609113604,0.363095609113604,"all","log"
"6211",14,1.2,1.40509235912396,"Exp1","mixed","IP",0,1.38338408066754,0.1957535921311,1.38389901726019,0.348426470832118,0,0.218179022159013,0.348426470832118,0.651573529167882,0.348426470832118,0.348426470832118,"all","log"
"6212",14,1.69705627484772,1.64807301283054,"Exp1","mixed","IP",0,1.73362456881202,0.239509524106307,1.73394867799289,0.348426470832118,0,0.0123186363418885,0.348426470832118,0.651573529167882,0.348426470832118,0.348426470832118,"all","log"
"6213",14,0.4,0.344513140814342,"Exp1","mixed","IP",0,0.517165850703386,0.119301307683224,0.515750230081693,0.363095609113604,0,0.712048840101424,0.363095609113604,0.636904390886396,0.363095609113604,0.363095609113604,"all","log"
"6214",14,1.42704853800327,1.65827363462449,"Exp1","mixed","IP",0,1.54858226169356,0.216043216318904,1.54925344234786,0.348426470832118,0,0.117631211324141,0.348426470832118,0.651573529167882,0.348426470832118,0.348426470832118,"all","log"
"6215",14,0.565685424949238,0.615461304770179,"Exp1","mixed","IP",0,0.644741365878093,0.119334675734041,0.645058293263292,0.363095609113604,0,0.713570745860405,0.363095609113604,0.636904390886396,0.363095609113604,0.363095609113604,"all","log"
"6216",14,1.2,1.10571830637036,"Exp1","mixed","IP",0,1.38338408066754,0.1957535921311,1.38307395579371,0.348426470832118,0,0.214715830575287,0.348426470832118,0.651573529167882,0.348426470832118,0.348426470832118,"all","log"
"6217",14,0.672717132202972,0.584408612381139,"Exp1","mixed","IP",0,0.719993981415464,0.122707866934663,0.720685181186718,0.363095609113604,0,0.67442576586089,0.363095609113604,0.636904390886396,0.363095609113604,0.363095609113604,"all","log"
"6218",14,1.69705627484772,1.533016221465,"Exp1","mixed","IP",0,1.73362456881202,0.239509524106307,1.73460742716247,0.348426470832118,0,0.016897445023455,0.348426470832118,0.651573529167882,0.348426470832118,0.348426470832118,"all","log"
"6219",14,2.4,2.02319544219154,"Exp1","mixed","IP",0,2.17312386751924,0.296896925629406,2.17377430676995,0.348426470832118,0,-0.210442321880524,0.348426470832118,0.651573529167882,0.348426470832118,0.348426470832118,"all","log"
"6220",14,1.42704853800327,1.77296040047349,"Exp1","mixed","IP",0,1.54858226169356,0.216043216318904,1.54905777216665,0.348426470832118,0,0.118185873939386,0.348426470832118,0.651573529167882,0.348426470832118,0.348426470832118,"all","log"
"6221",14,2.01815139660892,2.02298815238692,"Exp1","mixed","IP",0,1.94090872913813,0.266368588062559,1.93805840017493,0.348426470832118,0,-0.0917129593555346,0.348426470832118,0.651573529167882,0.348426470832118,0.348426470832118,"all","log"
"6222",14,0.475682846001088,0.521646243523719,"Exp1","mixed","IP",0,0.577412063771661,0.118229181016802,0.578153660634335,0.363095609113604,0,0.72205415267051,0.363095609113604,0.636904390886396,0.363095609113604,0.363095609113604,"all","log"
"6223",14,0.672717132202972,0.707313720470211,"Exp1","mixed","IP",0,0.719993981415464,0.122707866934663,0.720062699030744,0.363095609113604,0,0.677010861773143,0.363095609113604,0.636904390886396,0.363095609113604,0.363095609113604,"all","log"
"6224",14,0.4,0.416115721326605,"Exp1","mixed","IP",0,0.517165850703386,0.119301307683224,0.517873796431195,0.363095609113604,0,0.717074389160451,0.363095609113604,0.636904390886396,0.363095609113604,0.363095609113604,"all","log"
"6225",14,0.475682846001088,0.50747841958264,"Exp1","mixed","IP",0,0.577412063771661,0.118229181016802,0.577410855164418,0.363095609113604,0,0.720736200571022,0.363095609113604,0.636904390886396,0.363095609113604,0.363095609113604,"all","log"
"6226",14,2.4,2.627973830889,"Exp1","mixed","IP",0,2.17312386751924,0.296896925629406,2.17305799240499,0.348426470832118,0,-0.199724533295455,0.348426470832118,0.651573529167882,0.348426470832118,0.348426470832118,"all","log"
"6227",14,1.42704853800327,1.7103056410765,"Exp1","mixed","IP",0,1.54858226169356,0.216043216318904,1.54861667486648,0.348426470832118,0,0.116692411689089,0.348426470832118,0.651573529167882,0.348426470832118,0.348426470832118,"all","log"
"6228",14,0.8,0.772089707777468,"Exp1","mixed","IP",0,0.804110673448066,0.128411999492704,0.804881067753844,0.363095609113604,0,0.63762437561065,0.363095609113604,0.636904390886396,0.363095609113604,0.363095609113604,"all","log"
"6229",14,1.69705627484772,1.35501469152268,"Exp1","mixed","IP",0,1.73362456881202,0.239509524106307,1.7343276832115,0.348426470832118,0,0.0109481942306958,0.348426470832118,0.651573529167882,0.348426470832118,0.348426470832118,"all","log"
"6230",14,1.2,1.62719035849432,"Exp1","mixed","IP",0,1.38338408066754,0.1957535921311,1.38361858872605,0.348426470832118,0,0.214047781120877,0.348426470832118,0.651573529167882,0.348426470832118,0.348426470832118,"all","log"
"6231",14,2.01815139660892,2.19004976465567,"Exp1","mixed","IP",0,1.94090872913813,0.266368588062559,1.93901375602069,0.348426470832118,0,-0.0920345524610173,0.348426470832118,0.651573529167882,0.348426470832118,0.348426470832118,"all","log"
"6232",14,1.2,1.47855337391502,"Exp1","mixed","IP",0,1.38338408066754,0.1957535921311,1.38507267506959,0.348426470832118,0,0.217055864968889,0.348426470832118,0.651573529167882,0.348426470832118,0.348426470832118,"all","log"
"6233",14,1.2,1.17877493613241,"Exp1","mixed","IP",0,1.38338408066754,0.1957535921311,1.38353955705709,0.348426470832118,0,0.220108747137253,0.348426470832118,0.651573529167882,0.348426470832118,0.348426470832118,"all","log"
"6234",14,0.8,0.800911297331822,"Exp1","mixed","IP",0,0.804110673448066,0.128411999492704,0.805817214845583,0.363095609113604,0,0.633149452144961,0.363095609113604,0.636904390886396,0.363095609113604,0.363095609113604,"all","log"
"6235",14,0.565685424949238,0.667523894963779,"Exp1","mixed","IP",0,0.644741365878093,0.119334675734041,0.644459589026381,0.363095609113604,0,0.713314740873851,0.363095609113604,0.636904390886396,0.363095609113604,0.363095609113604,"all","log"
"6236",14,0.475682846001088,0.603300302891967,"Exp1","mixed","IP",0,0.577412063771661,0.118229181016802,0.578231273900634,0.363095609113604,0,0.71866544893494,0.363095609113604,0.636904390886396,0.363095609113604,0.363095609113604,"all","log"
"6237",14,0.8,0.735512685456342,"Exp1","mixed","IP",0,0.804110673448066,0.128411999492704,0.803866124713917,0.363095609113604,0,0.635044621712491,0.363095609113604,0.636904390886396,0.363095609113604,0.363095609113604,"all","log"
"6238",14,1.42704853800327,1.29341412727217,"Exp1","mixed","IP",0,1.54858226169356,0.216043216318904,1.54682516019929,0.348426470832118,0,0.115638754166964,0.348426470832118,0.651573529167882,0.348426470832118,0.348426470832118,"all","log"
"6239",14,0.4,0.407039146433817,"Exp1","mixed","IP",0,0.517165850703386,0.119301307683224,0.516925917657265,0.363095609113604,0,0.712544701941055,0.363095609113604,0.636904390886396,0.363095609113604,0.363095609113604,"all","log"
"6240",14,1.69705627484772,1.52282654940609,"Exp1","mixed","IP",0,1.73362456881202,0.239509524106307,1.73332050558745,0.348426470832118,0,0.0114003957640445,0.348426470832118,0.651573529167882,0.348426470832118,0.348426470832118,"all","log"
"6241",14,0.475682846001088,0.626019114460632,"Exp1","mixed","IP",0,0.577412063771661,0.118229181016802,0.577161700058246,0.363095609113604,0,0.717865776712459,0.363095609113604,0.636904390886396,0.363095609113604,0.363095609113604,"all","log"
"6242",14,2.01815139660892,2.37794721170667,"Exp1","mixed","IP",0,1.94090872913813,0.266368588062559,1.94114691248514,0.348426470832118,0,-0.0961691287371151,0.348426470832118,0.651573529167882,0.348426470832118,0.348426470832118,"all","log"
"6243",14,2.4,2.44026932571524,"Exp1","mixed","IP",0,2.17312386751924,0.296896925629406,2.17365658588666,0.348426470832118,0,-0.198460422525835,0.348426470832118,0.651573529167882,0.348426470832118,0.348426470832118,"all","log"
"6244",14,0.475682846001088,0.553030448568734,"Exp1","mixed","IP",0,0.577412063771661,0.118229181016802,0.576638929474671,0.363095609113604,0,0.72471219531684,0.363095609113604,0.636904390886396,0.363095609113604,0.363095609113604,"all","log"
"6245",14,2.01815139660892,1.783629217819,"Exp1","mixed","IP",0,1.94090872913813,0.266368588062559,1.94209125224776,0.348426470832118,0,-0.0912583446483019,0.348426470832118,0.651573529167882,0.348426470832118,0.348426470832118,"all","log"
"6246",14,1.69705627484772,1.61660045475355,"Exp1","mixed","IP",0,1.73362456881202,0.239509524106307,1.73385928494441,0.348426470832118,0,0.005413298792545,0.348426470832118,0.651573529167882,0.348426470832118,0.348426470832118,"all","log"
"6247",14,2.4,2.29125023315373,"Exp1","mixed","IP",0,2.17312386751924,0.296896925629406,2.17420971926308,0.348426470832118,0,-0.202685208808377,0.348426470832118,0.651573529167882,0.348426470832118,0.348426470832118,"all","log"
"6248",14,0.4,0.792917235864024,"Exp1","mixed","IP",0,0.517165850703386,0.119301307683224,0.517400467697749,0.363095609113604,0,0.719758781244785,0.363095609113604,0.636904390886396,0.363095609113604,0.363095609113604,"all","log"
"6249",14,0.672717132202972,0.730263986775753,"Exp1","mixed","IP",0,0.719993981415464,0.122707866934663,0.720569387743534,0.363095609113604,0,0.681279946341736,0.363095609113604,0.636904390886396,0.363095609113604,0.363095609113604,"all","log"
"6250",14,2.4,2.40415710075195,"Exp1","mixed","IP",0,2.17312386751924,0.296896925629406,2.1738758539743,0.348426470832118,0,-0.204283632446492,0.348426470832118,0.651573529167882,0.348426470832118,0.348426470832118,"all","log"
"6251",14,0.8,0.915803087522818,"Exp1","mixed","IP",0,0.804110673448066,0.128411999492704,0.803817725383715,0.363095609113604,0,0.632995570117032,0.363095609113604,0.636904390886396,0.363095609113604,0.363095609113604,"all","log"
"6252",14,0.565685424949238,0.78236546740618,"Exp1","mixed","IP",0,0.644741365878093,0.119334675734041,0.644859769364184,0.363095609113604,0,0.713416512437033,0.363095609113604,0.636904390886396,0.363095609113604,0.363095609113604,"all","log"
"6253",14,0.672717132202972,0.563474985141966,"Exp1","mixed","IP",0,0.719993981415464,0.122707866934663,0.719696377965473,0.363095609113604,0,0.684373355233806,0.363095609113604,0.636904390886396,0.363095609113604,0.363095609113604,"all","log"
"6254",14,1.42704853800327,1.76265632256536,"Exp1","mixed","IP",0,1.54858226169356,0.216043216318904,1.54915499231868,0.348426470832118,0,0.115515994344217,0.348426470832118,0.651573529167882,0.348426470832118,0.348426470832118,"all","log"
"6255",14,1.69705627484772,1.6996134139531,"Exp1","mixed","IP",0,1.73362456881202,0.239509524106307,1.73392267749769,0.348426470832118,0,0.0110854692604666,0.348426470832118,0.651573529167882,0.348426470832118,0.348426470832118,"all","log"
"6256",14,1.2,1.32473452179465,"Exp1","mixed","IP",0,1.38338408066754,0.1957535921311,1.38368501202693,0.348426470832118,0,0.21563220555788,0.348426470832118,0.651573529167882,0.348426470832118,0.348426470832118,"all","log"
"6257",14,0.672717132202972,0.65735574479686,"Exp1","mixed","IP",0,0.719993981415464,0.122707866934663,0.718938694565817,0.363095609113604,0,0.682260485066584,0.363095609113604,0.636904390886396,0.363095609113604,0.363095609113604,"all","log"
"6258",14,0.4,0.67814513760004,"Exp1","mixed","IP",0,0.517165850703386,0.119301307683224,0.51612803241858,0.363095609113604,0,0.717974941095708,0.363095609113604,0.636904390886396,0.363095609113604,0.363095609113604,"all","log"
"6259",14,0.565685424949238,0.625944731780692,"Exp1","mixed","IP",0,0.644741365878093,0.119334675734041,0.644026795968563,0.363095609113604,0,0.71064819807019,0.363095609113604,0.636904390886396,0.363095609113604,0.363095609113604,"all","log"
"6260",14,0.565685424949238,0.86581264022243,"Exp1","mixed","IP",0,0.644741365878093,0.119334675734041,0.644662545754652,0.363095609113604,0,0.711193893118908,0.363095609113604,0.636904390886396,0.363095609113604,0.363095609113604,"all","log"
"6261",14,0.475682846001088,0.469638402003056,"Exp1","mixed","IP",0,0.577412063771661,0.118229181016802,0.577110871105175,0.363095609113604,0,0.727419892117739,0.363095609113604,0.636904390886396,0.363095609113604,0.363095609113604,"all","log"
"6262",14,2.01815139660892,1.85658578966058,"Exp1","mixed","IP",0,1.94090872913813,0.266368588062559,1.94234219447568,0.348426470832118,0,-0.0898241134481559,0.348426470832118,0.651573529167882,0.348426470832118,0.348426470832118,"all","log"
"6263",14,0.672717132202972,0.646609901731608,"Exp1","mixed","IP",0,0.719993981415464,0.122707866934663,0.720792503169394,0.363095609113604,0,0.687532569556846,0.363095609113604,0.636904390886396,0.363095609113604,0.363095609113604,"all","log"
"6264",14,1.69705627484772,1.77313710653607,"Exp1","mixed","IP",0,1.73362456881202,0.239509524106307,1.73363079661489,0.348426470832118,0,0.010826737172739,0.348426470832118,0.651573529167882,0.348426470832118,0.348426470832118,"all","log"
"6265",14,1.42704853800327,1.30059488775714,"Exp1","mixed","IP",0,1.54858226169356,0.216043216318904,1.54960507728318,0.348426470832118,0,0.116069503715196,0.348426470832118,0.651573529167882,0.348426470832118,0.348426470832118,"all","log"
"6266",14,0.565685424949238,0.803353465741566,"Exp1","mixed","IP",0,0.644741365878093,0.119334675734041,0.643592817707297,0.363095609113604,0,0.715049951582605,0.363095609113604,0.636904390886396,0.363095609113604,0.363095609113604,"all","log"
"6267",14,0.565685424949238,0.730203196869297,"Exp1","mixed","IP",0,0.644741365878093,0.119334675734041,0.644865530094548,0.363095609113604,0,0.710347481195269,0.363095609113604,0.636904390886396,0.363095609113604,0.363095609113604,"all","log"
"6268",14,0.4,0.41744177195369,"Exp1","mixed","IP",0,0.517165850703386,0.119301307683224,0.516947135610544,0.363095609113604,0,0.71585854714777,0.363095609113604,0.636904390886396,0.363095609113604,0.363095609113604,"all","log"
"6269",14,1.69705627484772,1.74176536153345,"Exp1","mixed","IP",0,1.73362456881202,0.239509524106307,1.73535459593944,0.348426470832118,0,0.00975059934771973,0.348426470832118,0.651573529167882,0.348426470832118,0.348426470832118,"all","log"
"6270",14,1.42704853800327,1.57487214863249,"Exp1","mixed","IP",0,1.54858226169356,0.216043216318904,1.54728929483388,0.348426470832118,0,0.113231786468414,0.348426470832118,0.651573529167882,0.348426470832118,0.348426470832118,"all","log"
"6271",14,2.4,2.48116658473236,"Exp1","mixed","IP",0,2.17312386751924,0.296896925629406,2.17185869982712,0.348426470832118,0,-0.206396716960393,0.348426470832118,0.651573529167882,0.348426470832118,0.348426470832118,"all","log"
"6272",14,0.672717132202972,0.500996554231733,"Exp1","mixed","IP",0,0.719993981415464,0.122707866934663,0.720396754414681,0.363095609113604,0,0.683464235601252,0.363095609113604,0.636904390886396,0.363095609113604,0.363095609113604,"all","log"
"6273",14,2.01815139660892,2.02358019321355,"Exp1","mixed","IP",0,1.94090872913813,0.266368588062559,1.94038999849284,0.348426470832118,0,-0.0934483227399925,0.348426470832118,0.651573529167882,0.348426470832118,0.348426470832118,"all","log"
"6274",14,0.8,0.792927430444252,"Exp1","mixed","IP",0,0.804110673448066,0.128411999492704,0.803653748591687,0.363095609113604,0,0.634055861666574,0.363095609113604,0.636904390886396,0.363095609113604,0.363095609113604,"all","log"
"6275",14,2.01815139660892,2.08598235355839,"Exp1","mixed","IP",0,1.94090872913813,0.266368588062559,1.9411201536323,0.348426470832118,0,-0.0915709522318832,0.348426470832118,0.651573529167882,0.348426470832118,0.348426470832118,"all","log"
"6276",14,1.69705627484772,1.81159068683519,"Exp1","mixed","IP",0,1.73362456881202,0.239509524106307,1.73289540652303,0.348426470832118,0,0.0156654252862077,0.348426470832118,0.651573529167882,0.348426470832118,0.348426470832118,"all","log"
"6277",14,0.475682846001088,0.500856473142903,"Exp1","mixed","IP",0,0.577412063771661,0.118229181016802,0.577872153745333,0.363095609113604,0,0.721871965909448,0.363095609113604,0.636904390886396,0.363095609113604,0.363095609113604,"all","log"
"6278",14,2.01815139660892,1.95034987800454,"Exp1","mixed","IP",0,1.94090872913813,0.266368588062559,1.94005573865991,0.348426470832118,0,-0.0952417535471563,0.348426470832118,0.651573529167882,0.348426470832118,0.348426470832118,"all","log"
"6279",14,0.672717132202972,0.490472726476128,"Exp1","mixed","IP",0,0.719993981415464,0.122707866934663,0.720653994979822,0.363095609113604,0,0.684310149112886,0.363095609113604,0.636904390886396,0.363095609113604,0.363095609113604,"all","log"
"6280",14,0.565685424949238,0.678118329628887,"Exp1","mixed","IP",0,0.644741365878093,0.119334675734041,0.64442739954835,0.363095609113604,0,0.711165585760126,0.363095609113604,0.636904390886396,0.363095609113604,0.363095609113604,"all","log"
"6281",14,1.2,1.21001490674234,"Exp1","mixed","IP",0,1.38338408066754,0.1957535921311,1.38289407917961,0.348426470832118,0,0.212296136278389,0.348426470832118,0.651573529167882,0.348426470832118,0.348426470832118,"all","log"
"6282",14,0.4,0.438370490691341,"Exp1","mixed","IP",0,0.517165850703386,0.119301307683224,0.517170499187005,0.363095609113604,0,0.718780991477548,0.363095609113604,0.636904390886396,0.363095609113604,0.363095609113604,"all","log"
"6283",14,1.42704853800327,1.68950190034548,"Exp1","mixed","IP",0,1.54858226169356,0.216043216318904,1.54967778711434,0.348426470832118,0,0.112966236430168,0.348426470832118,0.651573529167882,0.348426470832118,0.348426470832118,"all","log"
"6284",14,0.8,1.01175938826464,"Exp1","mixed","IP",0,0.804110673448066,0.128411999492704,0.803104704475961,0.363095609113604,0,0.632803315708398,0.363095609113604,0.636904390886396,0.363095609113604,0.363095609113604,"all","log"
"6285",14,1.42704853800327,1.61440975266441,"Exp1","mixed","IP",0,1.54858226169356,0.216043216318904,1.54851870619083,0.348426470832118,0,0.118857459705769,0.348426470832118,0.651573529167882,0.348426470832118,0.348426470832118,"all","log"
"6286",14,0.672717132202972,0.822460752752704,"Exp1","mixed","IP",0,0.719993981415464,0.122707866934663,0.720853709610206,0.363095609113604,0,0.686531747206524,0.363095609113604,0.636904390886396,0.363095609113604,0.363095609113604,"all","log"
"6287",14,1.2,1.34217858186548,"Exp1","mixed","IP",0,1.38338408066754,0.1957535921311,1.38287404069211,0.348426470832118,0,0.2148001260383,0.348426470832118,0.651573529167882,0.348426470832118,0.348426470832118,"all","log"
"6288",14,2.4,2.39505673850408,"Exp1","mixed","IP",0,2.17312386751924,0.296896925629406,2.17422025955732,0.348426470832118,0,-0.202621841107283,0.348426470832118,0.651573529167882,0.348426470832118,0.348426470832118,"all","log"
"6289",14,1.69705627484772,1.8741778599383,"Exp1","mixed","IP",0,1.73362456881202,0.239509524106307,1.73384133211183,0.348426470832118,0,0.00975575549181629,0.348426470832118,0.651573529167882,0.348426470832118,0.348426470832118,"all","log"
"6290",14,0.475682846001088,0.488905404109119,"Exp1","mixed","IP",0,0.577412063771661,0.118229181016802,0.576942050044106,0.363095609113604,0,0.725688224192118,0.363095609113604,0.636904390886396,0.363095609113604,0.363095609113604,"all","log"
"6291",14,0.4,0.809358073692238,"Exp1","mixed","IP",0,0.517165850703386,0.119301307683224,0.51749134803498,0.363095609113604,0,0.71866975563818,0.363095609113604,0.636904390886396,0.363095609113604,0.363095609113604,"all","log"
"6292",14,2.01815139660892,1.54338826324374,"Exp1","mixed","IP",0,1.94090872913813,0.266368588062559,1.94223297716227,0.348426470832118,0,-0.0977304020493273,0.348426470832118,0.651573529167882,0.348426470832118,0.348426470832118,"all","log"
"6293",14,0.475682846001088,0.583110124880022,"Exp1","mixed","IP",0,0.577412063771661,0.118229181016802,0.577958347531984,0.363095609113604,0,0.716731422339118,0.363095609113604,0.636904390886396,0.363095609113604,0.363095609113604,"all","log"
"6294",14,1.2,1.09515747606338,"Exp1","mixed","IP",0,1.38338408066754,0.1957535921311,1.38365196053113,0.348426470832118,0,0.213133887585437,0.348426470832118,0.651573529167882,0.348426470832118,0.348426470832118,"all","log"
"6295",14,1.2,1.33234081162436,"Exp1","mixed","IP",0,1.38338408066754,0.1957535921311,1.38284425640398,0.348426470832118,0,0.217170925233525,0.348426470832118,0.651573529167882,0.348426470832118,0.348426470832118,"all","log"
"6296",14,0.475682846001088,0.469549671394816,"Exp1","mixed","IP",0,0.577412063771661,0.118229181016802,0.577350518356642,0.363095609113604,0,0.724078230897732,0.363095609113604,0.636904390886396,0.363095609113604,0.363095609113604,"all","log"
"6297",14,0.4,0.480174689801061,"Exp1","mixed","IP",0,0.517165850703386,0.119301307683224,0.516843741735654,0.363095609113604,0,0.717151284836685,0.363095609113604,0.636904390886396,0.363095609113604,0.363095609113604,"all","log"
"6298",14,1.69705627484772,1.56431924744356,"Exp1","mixed","IP",0,1.73362456881202,0.239509524106307,1.73155950817681,0.348426470832118,0,0.00931432040277751,0.348426470832118,0.651573529167882,0.348426470832118,0.348426470832118,"all","log"
"6299",15,0.672717132202972,0.59296091568649,"Exp1","mixed","IP",0,0.67885098674013,0.103262965601781,0.678575526017646,0.562374971707084,0,0.85357607465341,0.562374971707084,0.437625028292916,0.562374971707084,0.562374971707084,"all","log"
"6300",15,2.4,1.45792397975401,"Exp1","mixed","IP",0,2.18318966144285,0.361501809106494,2.18387932004489,0.269513689406858,0,-0.402121452501697,0.269513689406858,0.730486310593142,0.269513689406858,0.269513689406858,"all","log"
"6301",15,0.4,0.479965471085961,"Exp1","mixed","IP",0,0.540786964284363,0.0995369495702544,0.540630950949961,0.562374971707084,0,0.902318986086815,0.562374971707084,0.437625028292916,0.562374971707084,0.562374971707084,"all","log"
"6302",15,2.01815139660892,1.95056227947498,"Exp1","mixed","IP",0,1.92328902760988,0.31902445293633,1.92394651755136,0.269513689406858,0,-0.272146102998251,0.269513689406858,0.730486310593142,0.269513689406858,0.269513689406858,"all","log"
"6303",15,1.2,1.22824195159137,"Exp1","mixed","IP",0,1.31586357555492,0.221188519290744,1.31704994886739,0.269513689406858,0,0.0888744581847652,0.269513689406858,0.730486310593142,0.269513689406858,0.269513689406858,"all","log"
"6304",15,0.475682846001088,0.521163429934859,"Exp1","mixed","IP",0,0.583325832213191,0.0995730031691564,0.583541564671419,0.562374971707084,0,0.896238752005391,0.562374971707084,0.437625028292916,0.562374971707084,0.562374971707084,"all","log"
"6305",15,0.4,0.459282104432532,"Exp1","mixed","IP",0,0.540786964284363,0.0995369495702544,0.54066123863765,0.562374971707084,0,0.899370511241519,0.562374971707084,0.437625028292916,0.562374971707084,0.562374971707084,"all","log"
"6306",15,1.42704853800327,1.5749326318055,"Exp1","mixed","IP",0,1.49315303927733,0.24939237842135,1.49122464759445,0.269513689406858,0,-0.0316866801458848,0.269513689406858,0.730486310593142,0.269513689406858,0.269513689406858,"all","log"
"6307",15,2.01815139660892,1.85648694263273,"Exp1","mixed","IP",0,1.92328902760988,0.31902445293633,1.92543734596644,0.269513689406858,0,-0.276668345366592,0.269513689406858,0.730486310593142,0.269513689406858,0.269513689406858,"all","log"
"6308",15,0.4,0.593315832893495,"Exp1","mixed","IP",0,0.540786964284363,0.0995369495702544,0.541320724233926,0.562374971707084,0,0.898031537663462,0.562374971707084,0.437625028292916,0.562374971707084,0.562374971707084,"all","log"
"6309",15,0.565685424949238,0.521769809760372,"Exp1","mixed","IP",0,0.629255883919053,0.100823830699183,0.629195071513907,0.562374971707084,0,0.878093230642831,0.562374971707084,0.437625028292916,0.562374971707084,0.562374971707084,"all","log"
"6310",15,1.69705627484772,1.46030041476206,"Exp1","mixed","IP",0,1.6945284410502,0.281844629938236,1.69489883533697,0.269513689406858,0,-0.156898333922461,0.269513689406858,0.730486310593142,0.269513689406858,0.269513689406858,"all","log"
"6311",15,0.8,0.853778999850874,"Exp1","mixed","IP",0,0.732407405089513,0.106858276312716,0.732321449130657,0.562374971707084,0,0.818521826282462,0.562374971707084,0.437625028292916,0.562374971707084,0.562374971707084,"all","log"
"6312",15,2.01815139660892,1.54395062497497,"Exp1","mixed","IP",0,1.92328902760988,0.31902445293633,1.92412082528653,0.269513689406858,0,-0.280204869453846,0.269513689406858,0.730486310593142,0.269513689406858,0.269513689406858,"all","log"
"6313",15,0.672717132202972,0.782555800347836,"Exp1","mixed","IP",0,0.67885098674013,0.103262965601781,0.679195126845497,0.562374971707084,0,0.85789271895513,0.562374971707084,0.437625028292916,0.562374971707084,0.562374971707084,"all","log"
"6314",15,0.8,0.750893032106433,"Exp1","mixed","IP",0,0.732407405089513,0.106858276312716,0.73221201516514,0.562374971707084,0,0.818408758633215,0.562374971707084,0.437625028292916,0.562374971707084,0.562374971707084,"all","log"
"6315",15,1.69705627484772,1.90834185700987,"Exp1","mixed","IP",0,1.6945284410502,0.281844629938236,1.69498674554868,0.269513689406858,0,-0.150411881025255,0.269513689406858,0.730486310593142,0.269513689406858,0.269513689406858,"all","log"
"6316",15,2.4,1.29365734631392,"Exp1","mixed","IP",0,2.18318966144285,0.361501809106494,2.18366751512804,0.269513689406858,0,-0.402685588917511,0.269513689406858,0.730486310593142,0.269513689406858,0.269513689406858,"all","log"
"6317",15,0.672717132202972,0.74084170126207,"Exp1","mixed","IP",0,0.67885098674013,0.103262965601781,0.679041483058048,0.562374971707084,0,0.858265301026749,0.562374971707084,0.437625028292916,0.562374971707084,0.562374971707084,"all","log"
"6318",15,0.565685424949238,0.928532115287453,"Exp1","mixed","IP",0,0.629255883919053,0.100823830699183,0.629442888711683,0.562374971707084,0,0.882660238180119,0.562374971707084,0.437625028292916,0.562374971707084,0.562374971707084,"all","log"
"6319",15,1.2,1.5508556525283,"Exp1","mixed","IP",0,1.31586357555492,0.221188519290744,1.31636610162457,0.269513689406858,0,0.0897196627075565,0.269513689406858,0.730486310593142,0.269513689406858,0.269513689406858,"all","log"
"6320",15,1.69705627484772,1.73161725199679,"Exp1","mixed","IP",0,1.6945284410502,0.281844629938236,1.69473472812209,0.269513689406858,0,-0.150584013281982,0.269513689406858,0.730486310593142,0.269513689406858,0.269513689406858,"all","log"
"6321",15,1.42704853800327,1.63771559804445,"Exp1","mixed","IP",0,1.49315303927733,0.24939237842135,1.49195721208258,0.269513689406858,0,-0.0317886245960975,0.269513689406858,0.730486310593142,0.269513689406858,0.269513689406858,"all","log"
"6322",15,0.475682846001088,0.55316676766688,"Exp1","mixed","IP",0,0.583325832213191,0.0995730031691564,0.582698047698748,0.562374971707084,0,0.894502388451562,0.562374971707084,0.437625028292916,0.562374971707084,0.562374971707084,"all","log"
"6323",15,0.565685424949238,0.60515081149515,"Exp1","mixed","IP",0,0.629255883919053,0.100823830699183,0.628966468247902,0.562374971707084,0,0.885953701265558,0.562374971707084,0.437625028292916,0.562374971707084,0.562374971707084,"all","log"
"6324",15,1.2,1.24145582130313,"Exp1","mixed","IP",0,1.31586357555492,0.221188519290744,1.31595236626091,0.269513689406858,0,0.0940417583942156,0.269513689406858,0.730486310593142,0.269513689406858,0.269513689406858,"all","log"
"6325",15,2.01815139660892,1.75243352381767,"Exp1","mixed","IP",0,1.92328902760988,0.31902445293633,1.92381946149535,0.269513689406858,0,-0.276098604529158,0.269513689406858,0.730486310593142,0.269513689406858,0.269513689406858,"all","log"
"6326",15,1.42704853800327,1.12668465794832,"Exp1","mixed","IP",0,1.49315303927733,0.24939237842135,1.49280414592253,0.269513689406858,0,-0.031082813805847,0.269513689406858,0.730486310593142,0.269513689406858,0.269513689406858,"all","log"
"6327",15,0.565685424949238,0.511291067979073,"Exp1","mixed","IP",0,0.629255883919053,0.100823830699183,0.62908984043364,0.562374971707084,0,0.879160870952269,0.562374971707084,0.437625028292916,0.562374971707084,0.562374971707084,"all","log"
"6328",15,1.42704853800327,1.28304079093596,"Exp1","mixed","IP",0,1.49315303927733,0.24939237842135,1.49229985627232,0.269513689406858,0,-0.0252530442934283,0.269513689406858,0.730486310593142,0.269513689406858,0.269513689406858,"all","log"
"6329",15,0.4,0.617024302388927,"Exp1","mixed","IP",0,0.540786964284363,0.0995369495702544,0.540483250960554,0.562374971707084,0,0.902330268497812,0.562374971707084,0.437625028292916,0.562374971707084,0.562374971707084,"all","log"
"6330",15,0.475682846001088,0.716339954049545,"Exp1","mixed","IP",0,0.583325832213191,0.0995730031691564,0.582881705501873,0.562374971707084,0,0.897357639973691,0.562374971707084,0.437625028292916,0.562374971707084,0.562374971707084,"all","log"
"6331",15,0.8,1.08500265243947,"Exp1","mixed","IP",0,0.732407405089513,0.106858276312716,0.731953301064455,0.562374971707084,0,0.81675832764308,0.562374971707084,0.437625028292916,0.562374971707084,0.562374971707084,"all","log"
"6332",15,2.4,2.19032131334461,"Exp1","mixed","IP",0,2.18318966144285,0.361501809106494,2.18301081779368,0.269513689406858,0,-0.408183321692464,0.269513689406858,0.730486310593142,0.269513689406858,0.269513689406858,"all","log"
"6333",15,0.565685424949238,0.677286978880147,"Exp1","mixed","IP",0,0.629255883919053,0.100823830699183,0.629982242107278,0.562374971707084,0,0.875860063771061,0.562374971707084,0.437625028292916,0.562374971707084,0.562374971707084,"all","log"
"6334",15,1.42704853800327,1.26161058785965,"Exp1","mixed","IP",0,1.49315303927733,0.24939237842135,1.49413889965227,0.269513689406858,0,-0.0276538429497661,0.269513689406858,0.730486310593142,0.269513689406858,0.269513689406858,"all","log"
"6335",15,0.8,0.772067619279369,"Exp1","mixed","IP",0,0.732407405089513,0.106858276312716,0.732388028327225,0.562374971707084,0,0.820687743315384,0.562374971707084,0.437625028292916,0.562374971707084,0.562374971707084,"all","log"
"6336",15,2.01815139660892,2.0208264473722,"Exp1","mixed","IP",0,1.92328902760988,0.31902445293633,1.92407522398977,0.269513689406858,0,-0.276337830595936,0.269513689406858,0.730486310593142,0.269513689406858,0.269513689406858,"all","log"
"6337",15,0.475682846001088,0.532188895244872,"Exp1","mixed","IP",0,0.583325832213191,0.0995730031691564,0.583023979283451,0.562374971707084,0,0.897529080342239,0.562374971707084,0.437625028292916,0.562374971707084,0.562374971707084,"all","log"
"6338",15,0.475682846001088,0.396563325347415,"Exp1","mixed","IP",0,0.583325832213191,0.0995730031691564,0.583251437931115,0.562374971707084,0,0.886645034896887,0.562374971707084,0.437625028292916,0.562374971707084,0.562374971707084,"all","log"
"6339",15,0.8,0.720030715440771,"Exp1","mixed","IP",0,0.732407405089513,0.106858276312716,0.73162382710284,0.562374971707084,0,0.821332711788016,0.562374971707084,0.437625028292916,0.562374971707084,0.562374971707084,"all","log"
"6340",15,1.2,1.05353810923498,"Exp1","mixed","IP",0,1.31586357555492,0.221188519290744,1.31687733910274,0.269513689406858,0,0.0999098357746543,0.269513689406858,0.730486310593142,0.269513689406858,0.269513689406858,"all","log"
"6341",15,2.4,2.71903203882903,"Exp1","mixed","IP",0,2.18318966144285,0.361501809106494,2.18301293509858,0.269513689406858,0,-0.39906982347549,0.269513689406858,0.730486310593142,0.269513689406858,0.269513689406858,"all","log"
"6342",15,1.69705627484772,1.56458415219186,"Exp1","mixed","IP",0,1.6945284410502,0.281844629938236,1.69479775751566,0.269513689406858,0,-0.149148531795906,0.269513689406858,0.730486310593142,0.269513689406858,0.269513689406858,"all","log"
"6343",15,0.565685424949238,0.688606194815293,"Exp1","mixed","IP",0,0.629255883919053,0.100823830699183,0.62903274458555,0.562374971707084,0,0.880328614933359,0.562374971707084,0.437625028292916,0.562374971707084,0.562374971707084,"all","log"
"6344",15,1.2,1.67469985897696,"Exp1","mixed","IP",0,1.31586357555492,0.221188519290744,1.31527765023659,0.269513689406858,0,0.0899422384671548,0.269513689406858,0.730486310593142,0.269513689406858,0.269513689406858,"all","log"
"6345",15,1.2,1.0844177941899,"Exp1","mixed","IP",0,1.31586357555492,0.221188519290744,1.31637329493716,0.269513689406858,0,0.0910632757389494,0.269513689406858,0.730486310593142,0.269513689406858,0.269513689406858,"all","log"
"6346",15,0.8,0.928491337564992,"Exp1","mixed","IP",0,0.732407405089513,0.106858276312716,0.731670308412522,0.562374971707084,0,0.812286082339253,0.562374971707084,0.437625028292916,0.562374971707084,0.562374971707084,"all","log"
"6347",15,0.672717132202972,0.748999888616709,"Exp1","mixed","IP",0,0.67885098674013,0.103262965601781,0.678716238711615,0.562374971707084,0,0.854946741440302,0.562374971707084,0.437625028292916,0.562374971707084,0.562374971707084,"all","log"
"6348",15,0.4,0.374654361610737,"Exp1","mixed","IP",0,0.540786964284363,0.0995369495702544,0.540599507668274,0.562374971707084,0,0.901012333969033,0.562374971707084,0.437625028292916,0.562374971707084,0.562374971707084,"all","log"
"6349",15,1.69705627484772,1.08162300996264,"Exp1","mixed","IP",0,1.6945284410502,0.281844629938236,1.69509482175019,0.269513689406858,0,-0.150841742303829,0.269513689406858,0.730486310593142,0.269513689406858,0.269513689406858,"all","log"
"6350",15,0.672717132202972,0.58435341824952,"Exp1","mixed","IP",0,0.67885098674013,0.103262965601781,0.679211399549662,0.562374971707084,0,0.852748226506355,0.562374971707084,0.437625028292916,0.562374971707084,0.562374971707084,"all","log"
"6351",15,2.01815139660892,1.22717682239545,"Exp1","mixed","IP",0,1.92328902760988,0.31902445293633,1.9241358426496,0.269513689406858,0,-0.27516778157068,0.269513689406858,0.730486310593142,0.269513689406858,0.269513689406858,"all","log"
"6352",15,0.475682846001088,0.686548807723739,"Exp1","mixed","IP",0,0.583325832213191,0.0995730031691564,0.583366115143556,0.562374971707084,0,0.897523294709068,0.562374971707084,0.437625028292916,0.562374971707084,0.562374971707084,"all","log"
"6353",15,1.42704853800327,1.12362406338616,"Exp1","mixed","IP",0,1.49315303927733,0.24939237842135,1.49421390296597,0.269513689406858,0,-0.0239171668897097,0.269513689406858,0.730486310593142,0.269513689406858,0.269513689406858,"all","log"
"6354",15,1.42704853800327,0.843927026756319,"Exp1","mixed","IP",0,1.49315303927733,0.24939237842135,1.49330164539568,0.269513689406858,0,-0.0306201928265167,0.269513689406858,0.730486310593142,0.269513689406858,0.269513689406858,"all","log"
"6355",15,0.4,0.520124353172832,"Exp1","mixed","IP",0,0.540786964284363,0.0995369495702544,0.541199774031251,0.562374971707084,0,0.902919379208034,0.562374971707084,0.437625028292916,0.562374971707084,0.562374971707084,"all","log"
"6356",15,0.8,0.646859247009161,"Exp1","mixed","IP",0,0.732407405089513,0.106858276312716,0.732921438995817,0.562374971707084,0,0.820077802370217,0.562374971707084,0.437625028292916,0.562374971707084,0.562374971707084,"all","log"
"6357",15,1.42704853800327,0.970395355115215,"Exp1","mixed","IP",0,1.49315303927733,0.24939237842135,1.4944106999914,0.269513689406858,0,-0.0291477123726574,0.269513689406858,0.730486310593142,0.269513689406858,0.269513689406858,"all","log"
"6358",15,1.69705627484772,1.47094302257301,"Exp1","mixed","IP",0,1.6945284410502,0.281844629938236,1.69505433902537,0.269513689406858,0,-0.151665919528921,0.269513689406858,0.730486310593142,0.269513689406858,0.269513689406858,"all","log"
"6359",15,0.672717132202972,0.593994328875851,"Exp1","mixed","IP",0,0.67885098674013,0.103262965601781,0.678442870997536,0.562374971707084,0,0.851442884925445,0.562374971707084,0.437625028292916,0.562374971707084,0.562374971707084,"all","log"
"6360",15,0.565685424949238,0.624411866317132,"Exp1","mixed","IP",0,0.629255883919053,0.100823830699183,0.628133177364911,0.562374971707084,0,0.885136412164268,0.562374971707084,0.437625028292916,0.562374971707084,0.562374971707084,"all","log"
"6361",15,1.2,1.56137819260221,"Exp1","mixed","IP",0,1.31586357555492,0.221188519290744,1.31526009430422,0.269513689406858,0,0.0901220746725186,0.269513689406858,0.730486310593142,0.269513689406858,0.269513689406858,"all","log"
"6362",15,0.4,0.510069246612147,"Exp1","mixed","IP",0,0.540786964284363,0.0995369495702544,0.540357520809817,0.562374971707084,0,0.900508731992881,0.562374971707084,0.437625028292916,0.562374971707084,0.562374971707084,"all","log"
"6363",15,0.565685424949238,0.686666987601711,"Exp1","mixed","IP",0,0.629255883919053,0.100823830699183,0.629900643079428,0.562374971707084,0,0.879298131063741,0.562374971707084,0.437625028292916,0.562374971707084,0.562374971707084,"all","log"
"6364",15,0.475682846001088,0.645035954245031,"Exp1","mixed","IP",0,0.583325832213191,0.0995730031691564,0.584188231141464,0.562374971707084,0,0.89096034927194,0.562374971707084,0.437625028292916,0.562374971707084,0.562374971707084,"all","log"
"6365",15,2.4,2.25949052389933,"Exp1","mixed","IP",0,2.18318966144285,0.361501809106494,2.18110222240805,0.269513689406858,0,-0.39529751540543,0.269513689406858,0.730486310593142,0.269513689406858,0.269513689406858,"all","log"
"6366",15,0.672717132202972,0.603525366196664,"Exp1","mixed","IP",0,0.67885098674013,0.103262965601781,0.678380013209855,0.562374971707084,0,0.858718409959754,0.562374971707084,0.437625028292916,0.562374971707084,0.562374971707084,"all","log"
"6367",15,2.4,2.23206486300751,"Exp1","mixed","IP",0,2.18318966144285,0.361501809106494,2.18409917398758,0.269513689406858,0,-0.397022570360852,0.269513689406858,0.730486310593142,0.269513689406858,0.269513689406858,"all","log"
"6368",15,0.4,0.968526753772494,"Exp1","mixed","IP",0,0.540786964284363,0.0995369495702544,0.541042160834404,0.562374971707084,0,0.894823112483698,0.562374971707084,0.437625028292916,0.562374971707084,0.562374971707084,"all","log"
"6369",15,0.8,0.667814465141419,"Exp1","mixed","IP",0,0.732407405089513,0.106858276312716,0.731827689483222,0.562374971707084,0,0.819262235416655,0.562374971707084,0.437625028292916,0.562374971707084,0.562374971707084,"all","log"
"6370",15,0.4,0.480229015991426,"Exp1","mixed","IP",0,0.540786964284363,0.0995369495702544,0.541450359602489,0.562374971707084,0,0.906108493699419,0.562374971707084,0.437625028292916,0.562374971707084,0.562374971707084,"all","log"
"6371",15,0.475682846001088,0.605450980835485,"Exp1","mixed","IP",0,0.583325832213191,0.0995730031691564,0.58368652599169,0.562374971707084,0,0.898238074855906,0.562374971707084,0.437625028292916,0.562374971707084,0.562374971707084,"all","log"
"6372",15,1.69705627484772,1.57515049055928,"Exp1","mixed","IP",0,1.6945284410502,0.281844629938236,1.69387200028472,0.269513689406858,0,-0.152693219860795,0.269513689406858,0.730486310593142,0.269513689406858,0.269513689406858,"all","log"
"6373",15,0.672717132202972,0.947049731829793,"Exp1","mixed","IP",0,0.67885098674013,0.103262965601781,0.679808512117556,0.562374971707084,0,0.84727052820377,0.562374971707084,0.437625028292916,0.562374971707084,0.562374971707084,"all","log"
"6374",15,0.672717132202972,1.03281018914458,"Exp1","mixed","IP",0,0.67885098674013,0.103262965601781,0.678715012473922,0.562374971707084,0,0.857071780866438,0.562374971707084,0.437625028292916,0.562374971707084,0.562374971707084,"all","log"
"6375",15,0.565685424949238,0.803246718431183,"Exp1","mixed","IP",0,0.629255883919053,0.100823830699183,0.628862818898583,0.562374971707084,0,0.877457352124962,0.562374971707084,0.437625028292916,0.562374971707084,0.562374971707084,"all","log"
"6376",15,0.8,0.646933251023256,"Exp1","mixed","IP",0,0.732407405089513,0.106858276312716,0.732168850599654,0.562374971707084,0,0.819251311051915,0.562374971707084,0.437625028292916,0.562374971707084,0.562374971707084,"all","log"
"6377",15,1.42704853800327,0.99104323004849,"Exp1","mixed","IP",0,1.49315303927733,0.24939237842135,1.49443276126603,0.269513689406858,0,-0.0319174062118776,0.269513689406858,0.730486310593142,0.269513689406858,0.269513689406858,"all","log"
"6378",15,0.8,0.728905911069887,"Exp1","mixed","IP",0,0.732407405089513,0.106858276312716,0.732476446528885,0.562374971707084,0,0.8212327269161,0.562374971707084,0.437625028292916,0.562374971707084,0.562374971707084,"all","log"
"6379",15,0.475682846001088,0.64498611480758,"Exp1","mixed","IP",0,0.583325832213191,0.0995730031691564,0.584294862926113,0.562374971707084,0,0.893505608235939,0.562374971707084,0.437625028292916,0.562374971707084,0.562374971707084,"all","log"
"6380",15,0.475682846001088,0.593497822356767,"Exp1","mixed","IP",0,0.583325832213191,0.0995730031691564,0.582781561288475,0.562374971707084,0,0.892569389772033,0.562374971707084,0.437625028292916,0.562374971707084,0.562374971707084,"all","log"
"6381",15,0.8,0.626032780756759,"Exp1","mixed","IP",0,0.732407405089513,0.106858276312716,0.732614972298789,0.562374971707084,0,0.819577457051767,0.562374971707084,0.437625028292916,0.562374971707084,0.562374971707084,"all","log"
"6382",15,0.565685424949238,0.594888418182563,"Exp1","mixed","IP",0,0.629255883919053,0.100823830699183,0.629940033296808,0.562374971707084,0,0.877309210456683,0.562374971707084,0.437625028292916,0.562374971707084,0.562374971707084,"all","log"
"6383",15,0.4,0.605288247520548,"Exp1","mixed","IP",0,0.540786964284363,0.0995369495702544,0.540910680308574,0.562374971707084,0,0.900954976689927,0.562374971707084,0.437625028292916,0.562374971707084,0.562374971707084,"all","log"
"6384",15,2.01815139660892,2.00248402400575,"Exp1","mixed","IP",0,1.92328902760988,0.31902445293633,1.92198456465122,0.269513689406858,0,-0.271814532023136,0.269513689406858,0.730486310593142,0.269513689406858,0.269513689406858,"all","log"
"6385",15,1.42704853800327,1.36649353125631,"Exp1","mixed","IP",0,1.49315303927733,0.24939237842135,1.49266141020441,0.269513689406858,0,-0.0269305344423949,0.269513689406858,0.730486310593142,0.269513689406858,0.269513689406858,"all","log"
"6386",15,2.01815139660892,1.57485447450563,"Exp1","mixed","IP",0,1.92328902760988,0.31902445293633,1.92400661619574,0.269513689406858,0,-0.272538404471472,0.269513689406858,0.730486310593142,0.269513689406858,0.269513689406858,"all","log"
"6387",15,1.69705627484772,1.46022187989001,"Exp1","mixed","IP",0,1.6945284410502,0.281844629938236,1.69422655463951,0.269513689406858,0,-0.152424126014027,0.269513689406858,0.730486310593142,0.269513689406858,0.269513689406858,"all","log"
"6388",15,2.4,1.91901240511106,"Exp1","mixed","IP",0,2.18318966144285,0.361501809106494,2.18329922829186,0.269513689406858,0,-0.397393792315708,0.269513689406858,0.730486310593142,0.269513689406858,0.269513689406858,"all","log"
"6389",15,1.2,1.40817591433643,"Exp1","mixed","IP",0,1.31586357555492,0.221188519290744,1.31602726692791,0.269513689406858,0,0.0938301530597168,0.269513689406858,0.730486310593142,0.269513689406858,0.269513689406858,"all","log"
"6390",15,1.2,1.58535209486126,"Exp1","mixed","IP",0,1.31586357555492,0.221188519290744,1.31566474535531,0.269513689406858,0,0.0896142337057833,0.269513689406858,0.730486310593142,0.269513689406858,0.269513689406858,"all","log"
"6391",15,1.69705627484772,1.38731244607698,"Exp1","mixed","IP",0,1.6945284410502,0.281844629938236,1.69459218709221,0.269513689406858,0,-0.150911022517826,0.269513689406858,0.730486310593142,0.269513689406858,0.269513689406858,"all","log"
"6392",15,2.01815139660892,1.17599096471349,"Exp1","mixed","IP",0,1.92328902760988,0.31902445293633,1.92022802919008,0.269513689406858,0,-0.280603977017412,0.269513689406858,0.730486310593142,0.269513689406858,0.269513689406858,"all","log"
"6393",15,0.475682846001088,0.709327318619216,"Exp1","mixed","IP",0,0.583325832213191,0.0995730031691564,0.583509100266813,0.562374971707084,0,0.897687919141125,0.562374971707084,0.437625028292916,0.562374971707084,0.562374971707084,"all","log"
"6394",15,2.4,1.35273482587309,"Exp1","mixed","IP",0,2.18318966144285,0.361501809106494,2.18540765436024,0.269513689406858,0,-0.397308829937893,0.269513689406858,0.730486310593142,0.269513689406858,0.269513689406858,"all","log"
"6395",15,1.69705627484772,1.5392079493904,"Exp1","mixed","IP",0,1.6945284410502,0.281844629938236,1.69738914549202,0.269513689406858,0,-0.148160003116343,0.269513689406858,0.730486310593142,0.269513689406858,0.269513689406858,"all","log"
"6396",15,2.01815139660892,1.78892014551548,"Exp1","mixed","IP",0,1.92328902760988,0.31902445293633,1.92319512128753,0.269513689406858,0,-0.274155540679504,0.269513689406858,0.730486310593142,0.269513689406858,0.269513689406858,"all","log"
"6397",15,2.4,2.42377414805742,"Exp1","mixed","IP",0,2.18318966144285,0.361501809106494,2.18322072146453,0.269513689406858,0,-0.400717843552874,0.269513689406858,0.730486310593142,0.269513689406858,0.269513689406858,"all","log"
"6398",15,0.4,0.468508063982881,"Exp1","mixed","IP",0,0.540786964284363,0.0995369495702544,0.541518297684966,0.562374971707084,0,0.899616321861202,0.562374971707084,0.437625028292916,0.562374971707084,0.562374971707084,"all","log"
"6399",15,0.672717132202972,0.636550034831089,"Exp1","mixed","IP",0,0.67885098674013,0.103262965601781,0.679071707114985,0.562374971707084,0,0.85104023167388,0.562374971707084,0.437625028292916,0.562374971707084,0.562374971707084,"all","log"
"6400",15,1.2,1.02016796268072,"Exp1","mixed","IP",0,1.31586357555492,0.221188519290744,1.31447137212172,0.269513689406858,0,0.084219479214852,0.269513689406858,0.730486310593142,0.269513689406858,0.269513689406858,"all","log"
"6401",15,2.4,1.93716755301557,"Exp1","mixed","IP",0,2.18318966144285,0.361501809106494,2.18289685808608,0.269513689406858,0,-0.399694224466036,0.269513689406858,0.730486310593142,0.269513689406858,0.269513689406858,"all","log"
"6402",15,1.42704853800327,1.59266074634525,"Exp1","mixed","IP",0,1.49315303927733,0.24939237842135,1.49150762433217,0.269513689406858,0,-0.034010021315448,0.269513689406858,0.730486310593142,0.269513689406858,0.269513689406858,"all","log"
"6403",15,0.4,0.511409247857955,"Exp1","mixed","IP",0,0.540786964284363,0.0995369495702544,0.541172595482929,0.562374971707084,0,0.900113113274727,0.562374971707084,0.437625028292916,0.562374971707084,0.562374971707084,"all","log"
"6404",15,0.565685424949238,0.728484918849972,"Exp1","mixed","IP",0,0.629255883919053,0.100823830699183,0.628715127564016,0.562374971707084,0,0.881432094824485,0.562374971707084,0.437625028292916,0.562374971707084,0.562374971707084,"all","log"
"6405",15,0.8,0.824522494765915,"Exp1","mixed","IP",0,0.732407405089513,0.106858276312716,0.732487411788512,0.562374971707084,0,0.818976641143048,0.562374971707084,0.437625028292916,0.562374971707084,0.562374971707084,"all","log"
"6406",15,1.69705627484772,1.87542592896716,"Exp1","mixed","IP",0,1.6945284410502,0.281844629938236,1.69322371116952,0.269513689406858,0,-0.150386181739821,0.269513689406858,0.730486310593142,0.269513689406858,0.269513689406858,"all","log"
"6407",15,1.42704853800327,1.08477157868219,"Exp1","mixed","IP",0,1.49315303927733,0.24939237842135,1.49313242524289,0.269513689406858,0,-0.0316100713780463,0.269513689406858,0.730486310593142,0.269513689406858,0.269513689406858,"all","log"
"6408",15,1.69705627484772,0.959533000692318,"Exp1","mixed","IP",0,1.6945284410502,0.281844629938236,1.69478160233546,0.269513689406858,0,-0.146826926538584,0.269513689406858,0.730486310593142,0.269513689406858,0.269513689406858,"all","log"
"6409",15,0.4,0.845832630106088,"Exp1","mixed","IP",0,0.540786964284363,0.0995369495702544,0.540773642908753,0.562374971707084,0,0.905850909047836,0.562374971707084,0.437625028292916,0.562374971707084,0.562374971707084,"all","log"
"6410",15,2.4,1.83210790615885,"Exp1","mixed","IP",0,2.18318966144285,0.361501809106494,2.18270648542506,0.269513689406858,0,-0.397338232564115,0.269513689406858,0.730486310593142,0.269513689406858,0.269513689406858,"all","log"
"6411",15,0.565685424949238,0.582581475208826,"Exp1","mixed","IP",0,0.629255883919053,0.100823830699183,0.629662571320481,0.562374971707084,0,0.882113948020149,0.562374971707084,0.437625028292916,0.562374971707084,0.562374971707084,"all","log"
"6412",15,0.672717132202972,0.646971385744109,"Exp1","mixed","IP",0,0.67885098674013,0.103262965601781,0.67814964179058,0.562374971707084,0,0.852238056142288,0.562374971707084,0.437625028292916,0.562374971707084,0.562374971707084,"all","log"
"6413",15,1.42704853800327,1.56453884361144,"Exp1","mixed","IP",0,1.49315303927733,0.24939237842135,1.49310421750264,0.269513689406858,0,-0.0270790652709217,0.269513689406858,0.730486310593142,0.269513689406858,0.269513689406858,"all","log"
"6414",15,1.2,1.25850204171729,"Exp1","mixed","IP",0,1.31586357555492,0.221188519290744,1.31685622847013,0.269513689406858,0,0.091119285051317,0.269513689406858,0.730486310593142,0.269513689406858,0.269513689406858,"all","log"
"6415",15,0.4,0.448693111774446,"Exp1","mixed","IP",0,0.540786964284363,0.0995369495702544,0.540004892072527,0.562374971707084,0,0.894972035244575,0.562374971707084,0.437625028292916,0.562374971707084,0.562374971707084,"all","log"
"6416",15,2.4,2.13484964159034,"Exp1","mixed","IP",0,2.18318966144285,0.361501809106494,2.18201060990071,0.269513689406858,0,-0.396450432767152,0.269513689406858,0.730486310593142,0.269513689406858,0.269513689406858,"all","log"
"6417",15,0.475682846001088,0.530671057823383,"Exp1","mixed","IP",0,0.583325832213191,0.0995730031691564,0.582864411896861,0.562374971707084,0,0.893633262769827,0.562374971707084,0.437625028292916,0.562374971707084,0.562374971707084,"all","log"
"6418",15,2.01815139660892,2.12754250039143,"Exp1","mixed","IP",0,1.92328902760988,0.31902445293633,1.92344620939559,0.269513689406858,0,-0.277439267041603,0.269513689406858,0.730486310593142,0.269513689406858,0.269513689406858,"all","log"
"6419",15,0.565685424949238,0.603283720438412,"Exp1","mixed","IP",0,0.629255883919053,0.100823830699183,0.629109350192682,0.562374971707084,0,0.879233867420369,0.562374971707084,0.437625028292916,0.562374971707084,0.562374971707084,"all","log"
"6420",15,1.2,1.12309055486003,"Exp1","mixed","IP",0,1.31586357555492,0.221188519290744,1.31429094542909,0.269513689406858,0,0.0899448628189947,0.269513689406858,0.730486310593142,0.269513689406858,0.269513689406858,"all","log"
"6421",15,0.475682846001088,0.66687619996901,"Exp1","mixed","IP",0,0.583325832213191,0.0995730031691564,0.583122545755926,0.562374971707084,0,0.892812990446545,0.562374971707084,0.437625028292916,0.562374971707084,0.562374971707084,"all","log"
"6422",15,0.565685424949238,0.676856169800885,"Exp1","mixed","IP",0,0.629255883919053,0.100823830699183,0.62932685240782,0.562374971707084,0,0.880956720178463,0.562374971707084,0.437625028292916,0.562374971707084,0.562374971707084,"all","log"
"6423",15,0.672717132202972,0.645673294933658,"Exp1","mixed","IP",0,0.67885098674013,0.103262965601781,0.678280823021801,0.562374971707084,0,0.849225210487785,0.562374971707084,0.437625028292916,0.562374971707084,0.562374971707084,"all","log"
"6424",15,0.8,0.728472836562105,"Exp1","mixed","IP",0,0.732407405089513,0.106858276312716,0.733209616642361,0.562374971707084,0,0.819182818150236,0.562374971707084,0.437625028292916,0.562374971707084,0.562374971707084,"all","log"
"6425",15,2.01815139660892,1.06461228126773,"Exp1","mixed","IP",0,1.92328902760988,0.31902445293633,1.92496464075521,0.269513689406858,0,-0.275478046439869,0.269513689406858,0.730486310593142,0.269513689406858,0.269513689406858,"all","log"
"6426",15,0.8,0.941604773259314,"Exp1","mixed","IP",0,0.732407405089513,0.106858276312716,0.731414573620826,0.562374971707084,0,0.81935900785395,0.562374971707084,0.437625028292916,0.562374971707084,0.562374971707084,"all","log"
"6427",15,1.2,1.33153645169659,"Exp1","mixed","IP",0,1.31586357555492,0.221188519290744,1.31416571560937,0.269513689406858,0,0.0888430868532937,0.269513689406858,0.730486310593142,0.269513689406858,0.269513689406858,"all","log"
"6428",15,1.69705627484772,1.11614286172698,"Exp1","mixed","IP",0,1.6945284410502,0.281844629938236,1.69479017679287,0.269513689406858,0,-0.151810709968346,0.269513689406858,0.730486310593142,0.269513689406858,0.269513689406858,"all","log"
"6429",15,2.01815139660892,1.82521194032051,"Exp1","mixed","IP",0,1.92328902760988,0.31902445293633,1.92284633392007,0.269513689406858,0,-0.274958001656405,0.269513689406858,0.730486310593142,0.269513689406858,0.269513689406858,"all","log"
"6430",15,1.69705627484772,1.34544580810689,"Exp1","mixed","IP",0,1.6945284410502,0.281844629938236,1.69379703048758,0.269513689406858,0,-0.147882466087651,0.269513689406858,0.730486310593142,0.269513689406858,0.269513689406858,"all","log"
"6431",15,1.2,1.61658669702319,"Exp1","mixed","IP",0,1.31586357555492,0.221188519290744,1.31514891186566,0.269513689406858,0,0.0952896305717612,0.269513689406858,0.730486310593142,0.269513689406858,0.269513689406858,"all","log"
"6432",15,2.01815139660892,1.94702934296856,"Exp1","mixed","IP",0,1.92328902760988,0.31902445293633,1.92180051692041,0.269513689406858,0,-0.27407907330583,0.269513689406858,0.730486310593142,0.269513689406858,0.269513689406858,"all","log"
"6433",15,2.4,2.44415281451165,"Exp1","mixed","IP",0,2.18318966144285,0.361501809106494,2.1831345697992,0.269513689406858,0,-0.395849102530619,0.269513689406858,0.730486310593142,0.269513689406858,0.269513689406858,"all","log"
"6434",15,0.475682846001088,0.437325944258191,"Exp1","mixed","IP",0,0.583325832213191,0.0995730031691564,0.583243593375768,0.562374971707084,0,0.893601718187575,0.562374971707084,0.437625028292916,0.562374971707084,0.562374971707084,"all","log"
"6435",15,1.42704853800327,1.47052807149703,"Exp1","mixed","IP",0,1.49315303927733,0.24939237842135,1.49329615132624,0.269513689406858,0,-0.0274166385989077,0.269513689406858,0.730486310593142,0.269513689406858,0.269513689406858,"all","log"
"6436",15,0.672717132202972,0.761421990896451,"Exp1","mixed","IP",0,0.67885098674013,0.103262965601781,0.678635710527257,0.562374971707084,0,0.853012058104049,0.562374971707084,0.437625028292916,0.562374971707084,0.562374971707084,"all","log"
"6437",16,0.8,0.574175896537781,"Exp1","mixed","IP",0,0.714625113958349,0.0859642109413317,0.715378168975586,0.636394883605168,0,1.03518851402449,0.636394883605168,0.363605116394832,0.636394883605168,0.636394883605168,"all","log"
"6438",16,0.4,0.417572791193379,"Exp1","mixed","IP",0,0.555440451790878,0.103537068105361,0.556232051468955,0.636394883605168,0,0.852803485622084,0.636394883605168,0.363605116394832,0.636394883605168,0.636394883605168,"all","log"
"6439",16,1.2,1.01218567276192,"Exp1","mixed","IP",0,1.23738740446696,0.153698681352414,1.23785959161558,0.125863732094048,0,0.45638634460635,0.125863732094048,0.874136267905952,0.125863732094048,0.125863732094048,"all","log"
"6440",16,0.565685424949238,0.699177690028591,"Exp1","mixed","IP",0,0.629962037675159,0.0927365530418344,0.629937194367997,0.636394883605168,0,0.958984478854996,0.636394883605168,0.363605116394832,0.636394883605168,0.636394883605168,"all","log"
"6441",16,0.4,0.532347532496715,"Exp1","mixed","IP",0,0.555440451790878,0.103537068105361,0.555383362816206,0.636394883605168,0,0.848533466379499,0.636394883605168,0.363605116394832,0.636394883605168,0.636394883605168,"all","log"
"6442",16,0.4,0.448821068497637,"Exp1","mixed","IP",0,0.555440451790878,0.103537068105361,0.555459092402661,0.636394883605168,0,0.849461618046986,0.636394883605168,0.363605116394832,0.636394883605168,0.636394883605168,"all","log"
"6443",16,0.475682846001088,0.532285987435898,"Exp1","mixed","IP",0,0.591514052515118,0.0976270821680041,0.591114223844164,0.636394883605168,0,0.918760340163279,0.636394883605168,0.363605116394832,0.636394883605168,0.636394883605168,"all","log"
"6444",16,0.8,0.866081097510687,"Exp1","mixed","IP",0,0.714625113958349,0.0859642109413317,0.714191452436206,0.636394883605168,0,1.03963607504231,0.636394883605168,0.363605116394832,0.636394883605168,0.636394883605168,"all","log"
"6445",16,2.4,2.23241504327416,"Exp1","mixed","IP",0,2.26805182346436,0.265772727083901,2.2681669478701,0.125863732094048,0,-0.0835191951392775,0.125863732094048,0.874136267905952,0.125863732094048,0.125863732094048,"all","log"
"6446",16,0.475682846001088,0.396852494990526,"Exp1","mixed","IP",0,0.591514052515118,0.0976270821680041,0.591734320778672,0.636394883605168,0,0.910018861041365,0.636394883605168,0.363605116394832,0.636394883605168,0.636394883605168,"all","log"
"6447",16,1.69705627484772,1.10603924686984,"Exp1","mixed","IP",0,1.67504195313384,0.199634034618684,1.67557090789401,0.125863732094048,0,0.20049059362475,0.125863732094048,0.874136267905952,0.125863732094048,0.125863732094048,"all","log"
"6448",16,2.01815139660892,1.80463911562219,"Exp1","mixed","IP",0,1.94906323278021,0.229894471552015,1.94833510290072,0.125863732094048,0,0.0507008259859157,0.125863732094048,0.874136267905952,0.125863732094048,0.125863732094048,"all","log"
"6449",16,0.8,0.730485624508219,"Exp1","mixed","IP",0,0.714625113958349,0.0859642109413317,0.714278396729958,0.636394883605168,0,1.04182468721863,0.636394883605168,0.363605116394832,0.636394883605168,0.636394883605168,"all","log"
"6450",16,0.672717132202972,0.991221084204881,"Exp1","mixed","IP",0,0.670942723222479,0.0888533330114659,0.671046439858175,0.636394883605168,0,1.00455929791508,0.636394883605168,0.363605116394832,0.636394883605168,0.636394883605168,"all","log"
"6451",16,1.2,0.918301514915584,"Exp1","mixed","IP",0,1.23738740446696,0.153698681352414,1.23834067645128,0.125863732094048,0,0.451689373808693,0.125863732094048,0.874136267905952,0.125863732094048,0.125863732094048,"all","log"
"6452",16,1.42704853800327,1.00179928305624,"Exp1","mixed","IP",0,1.43963458236538,0.174390482246144,1.43955462394938,0.125863732094048,0,0.327209018533654,0.125863732094048,0.874136267905952,0.125863732094048,0.125863732094048,"all","log"
"6453",16,2.01815139660892,1.95120320215392,"Exp1","mixed","IP",0,1.94906323278021,0.229894471552015,1.94906997771396,0.125863732094048,0,0.0473431271002299,0.125863732094048,0.874136267905952,0.125863732094048,0.125863732094048,"all","log"
"6454",16,0.8,0.845411019057792,"Exp1","mixed","IP",0,0.714625113958349,0.0859642109413317,0.714681408642459,0.636394883605168,0,1.03683587849942,0.636394883605168,0.363605116394832,0.636394883605168,0.636394883605168,"all","log"
"6455",16,2.4,2.2225825591122,"Exp1","mixed","IP",0,2.26805182346436,0.265772727083901,2.26740397241709,0.125863732094048,0,-0.0850117437432262,0.125863732094048,0.874136267905952,0.125863732094048,0.125863732094048,"all","log"
"6456",16,0.672717132202972,0.991543912588895,"Exp1","mixed","IP",0,0.670942723222479,0.0888533330114659,0.670201267640844,0.636394883605168,0,0.999171023171021,0.636394883605168,0.363605116394832,0.636394883605168,0.636394883605168,"all","log"
"6457",16,1.42704853800327,1.33585831949495,"Exp1","mixed","IP",0,1.43963458236538,0.174390482246144,1.44031657384194,0.125863732094048,0,0.332755898082753,0.125863732094048,0.874136267905952,0.125863732094048,0.125863732094048,"all","log"
"6458",16,1.42704853800327,1.02256715396834,"Exp1","mixed","IP",0,1.43963458236538,0.174390482246144,1.44041126079081,0.125863732094048,0,0.331597994882104,0.125863732094048,0.874136267905952,0.125863732094048,0.125863732094048,"all","log"
"6459",16,0.565685424949238,0.782636190157064,"Exp1","mixed","IP",0,0.629962037675159,0.0927365530418344,0.629853726842177,0.636394883605168,0,0.962265049368395,0.636394883605168,0.363605116394832,0.636394883605168,0.636394883605168,"all","log"
"6460",16,1.2,1.06447934011521,"Exp1","mixed","IP",0,1.23738740446696,0.153698681352414,1.23653815263104,0.125863732094048,0,0.452233641992998,0.125863732094048,0.874136267905952,0.125863732094048,0.125863732094048,"all","log"
"6461",16,1.69705627484772,1.43984002059915,"Exp1","mixed","IP",0,1.67504195313384,0.199634034618684,1.67374312822163,0.125863732094048,0,0.19324094445537,0.125863732094048,0.874136267905952,0.125863732094048,0.125863732094048,"all","log"
"6462",16,0.4,0.33426532188787,"Exp1","mixed","IP",0,0.555440451790878,0.103537068105361,0.555516918202726,0.636394883605168,0,0.855631772348593,0.636394883605168,0.363605116394832,0.636394883605168,0.636394883605168,"all","log"
"6463",16,0.565685424949238,0.678214611778458,"Exp1","mixed","IP",0,0.629962037675159,0.0927365530418344,0.629900840154203,0.636394883605168,0,0.961528729399809,0.636394883605168,0.363605116394832,0.636394883605168,0.636394883605168,"all","log"
"6464",16,0.565685424949238,0.594898080624262,"Exp1","mixed","IP",0,0.629962037675159,0.0927365530418344,0.62958662414659,0.636394883605168,0,0.964513146246705,0.636394883605168,0.363605116394832,0.636394883605168,0.636394883605168,"all","log"
"6465",16,2.4,2.11771090888033,"Exp1","mixed","IP",0,2.26805182346436,0.265772727083901,2.26739003184414,0.125863732094048,0,-0.0922698810502177,0.125863732094048,0.874136267905952,0.125863732094048,0.125863732094048,"all","log"
"6466",16,2.01815139660892,1.95087961861645,"Exp1","mixed","IP",0,1.94906323278021,0.229894471552015,1.94944329978176,0.125863732094048,0,0.0569790434611331,0.125863732094048,0.874136267905952,0.125863732094048,0.125863732094048,"all","log"
"6467",16,1.2,1.27312275860822,"Exp1","mixed","IP",0,1.23738740446696,0.153698681352414,1.23718267555964,0.125863732094048,0,0.458646485671581,0.125863732094048,0.874136267905952,0.125863732094048,0.125863732094048,"all","log"
"6468",16,0.475682846001088,0.480248694904731,"Exp1","mixed","IP",0,0.591514052515118,0.0976270821680041,0.590937576097083,0.636394883605168,0,0.905810501060506,0.636394883605168,0.363605116394832,0.636394883605168,0.636394883605168,"all","log"
"6469",16,0.672717132202972,0.813978106572904,"Exp1","mixed","IP",0,0.670942723222479,0.0888533330114659,0.670856973531026,0.636394883605168,0,1.00818855130351,0.636394883605168,0.363605116394832,0.636394883605168,0.636394883605168,"all","log"
"6470",16,2.01815139660892,1.80473048927161,"Exp1","mixed","IP",0,1.94906323278021,0.229894471552015,1.94850481846819,0.125863732094048,0,0.0559065794739531,0.125863732094048,0.874136267905952,0.125863732094048,0.125863732094048,"all","log"
"6471",16,0.672717132202972,0.563595432224247,"Exp1","mixed","IP",0,0.670942723222479,0.0888533330114659,0.670934609612732,0.636394883605168,0,1.00151937177653,0.636394883605168,0.363605116394832,0.636394883605168,0.636394883605168,"all","log"
"6472",16,0.565685424949238,0.46993064664639,"Exp1","mixed","IP",0,0.629962037675159,0.0927365530418344,0.629827387525999,0.636394883605168,0,0.960673127182515,0.636394883605168,0.363605116394832,0.636394883605168,0.636394883605168,"all","log"
"6473",16,0.475682846001088,0.480317036352062,"Exp1","mixed","IP",0,0.591514052515118,0.0976270821680041,0.591803133492637,0.636394883605168,0,0.912925731811966,0.636394883605168,0.363605116394832,0.636394883605168,0.636394883605168,"all","log"
"6474",16,0.475682846001088,0.553278894272808,"Exp1","mixed","IP",0,0.591514052515118,0.0976270821680041,0.590216321618033,0.636394883605168,0,0.909252184333173,0.636394883605168,0.363605116394832,0.636394883605168,0.636394883605168,"all","log"
"6475",16,1.42704853800327,1.70061474830982,"Exp1","mixed","IP",0,1.43963458236538,0.174390482246144,1.44028035077606,0.125863732094048,0,0.331813517360025,0.125863732094048,0.874136267905952,0.125863732094048,0.125863732094048,"all","log"
"6476",16,1.2,1.2518644151005,"Exp1","mixed","IP",0,1.23738740446696,0.153698681352414,1.23536792107013,0.125863732094048,0,0.45366729768833,0.125863732094048,0.874136267905952,0.125863732094048,0.125863732094048,"all","log"
"6477",16,0.672717132202972,0.584452411319944,"Exp1","mixed","IP",0,0.670942723222479,0.0888533330114659,0.671163865853708,0.636394883605168,0,1.00090407595462,0.636394883605168,0.363605116394832,0.636394883605168,0.636394883605168,"all","log"
"6478",16,0.672717132202972,0.907856600762898,"Exp1","mixed","IP",0,0.670942723222479,0.0888533330114659,0.671332797722348,0.636394883605168,0,1.00376335693898,0.636394883605168,0.363605116394832,0.636394883605168,0.636394883605168,"all","log"
"6479",16,2.01815139660892,2.06553617830104,"Exp1","mixed","IP",0,1.94906323278021,0.229894471552015,1.95044506136075,0.125863732094048,0,0.0501935826776554,0.125863732094048,0.874136267905952,0.125863732094048,0.125863732094048,"all","log"
"6480",16,0.4,0.438489427464447,"Exp1","mixed","IP",0,0.555440451790878,0.103537068105361,0.555384326778431,0.636394883605168,0,0.857840976943896,0.636394883605168,0.363605116394832,0.636394883605168,0.636394883605168,"all","log"
"6481",16,0.475682846001088,0.428021858690045,"Exp1","mixed","IP",0,0.591514052515118,0.0976270821680041,0.591587649825802,0.636394883605168,0,0.911101676360008,0.636394883605168,0.363605116394832,0.636394883605168,0.636394883605168,"all","log"
"6482",16,1.69705627484772,1.51269691209927,"Exp1","mixed","IP",0,1.67504195313384,0.199634034618684,1.67580797471024,0.125863732094048,0,0.191728205699102,0.125863732094048,0.874136267905952,0.125863732094048,0.125863732094048,"all","log"
"6483",16,2.4,2.27406254790549,"Exp1","mixed","IP",0,2.26805182346436,0.265772727083901,2.27058215512085,0.125863732094048,0,-0.0922363614569795,0.125863732094048,0.874136267905952,0.125863732094048,0.125863732094048,"all","log"
"6484",16,0.565685424949238,0.553179591506705,"Exp1","mixed","IP",0,0.629962037675159,0.0927365530418344,0.630477424658581,0.636394883605168,0,0.958721751665733,0.636394883605168,0.363605116394832,0.636394883605168,0.636394883605168,"all","log"
"6485",16,1.69705627484772,1.63788296319399,"Exp1","mixed","IP",0,1.67504195313384,0.199634034618684,1.67629330899621,0.125863732094048,0,0.195939296252493,0.125863732094048,0.874136267905952,0.125863732094048,0.125863732094048,"all","log"
"6486",16,2.4,2.31604156519279,"Exp1","mixed","IP",0,2.26805182346436,0.265772727083901,2.26679608468622,0.125863732094048,0,-0.0907676323516047,0.125863732094048,0.874136267905952,0.125863732094048,0.125863732094048,"all","log"
"6487",16,0.475682846001088,0.636598446044445,"Exp1","mixed","IP",0,0.591514052515118,0.0976270821680041,0.591182751077025,0.636394883605168,0,0.909419939161083,0.636394883605168,0.363605116394832,0.636394883605168,0.636394883605168,"all","log"
"6488",16,1.2,1.13729696359951,"Exp1","mixed","IP",0,1.23738740446696,0.153698681352414,1.23796072771943,0.125863732094048,0,0.457504167811443,0.125863732094048,0.874136267905952,0.125863732094048,0.125863732094048,"all","log"
"6489",16,2.4,2.20112221187628,"Exp1","mixed","IP",0,2.26805182346436,0.265772727083901,2.26980670306764,0.125863732094048,0,-0.0901126605067543,0.125863732094048,0.874136267905952,0.125863732094048,0.125863732094048,"all","log"
"6490",16,1.2,0.949589060233848,"Exp1","mixed","IP",0,1.23738740446696,0.153698681352414,1.23680655223426,0.125863732094048,0,0.454033155176341,0.125863732094048,0.874136267905952,0.125863732094048,0.125863732094048,"all","log"
"6491",16,0.672717132202972,0.740845961398009,"Exp1","mixed","IP",0,0.670942723222479,0.0888533330114659,0.66998018107399,0.636394883605168,0,1.00928464919957,0.636394883605168,0.363605116394832,0.636394883605168,0.636394883605168,"all","log"
"6492",16,2.4,2.42024716949345,"Exp1","mixed","IP",0,2.26805182346436,0.265772727083901,2.26817780606517,0.125863732094048,0,-0.0977253385001292,0.125863732094048,0.874136267905952,0.125863732094048,0.125863732094048,"all","log"
"6493",16,1.69705627484772,1.5647757381048,"Exp1","mixed","IP",0,1.67504195313384,0.199634034618684,1.67421484035782,0.125863732094048,0,0.191358417296198,0.125863732094048,0.874136267905952,0.125863732094048,0.125863732094048,"all","log"
"6494",16,2.01815139660892,2.02393322776334,"Exp1","mixed","IP",0,1.94906323278021,0.229894471552015,1.95090344672651,0.125863732094048,0,0.0499769161120721,0.125863732094048,0.874136267905952,0.125863732094048,0.125863732094048,"all","log"
"6495",16,1.2,1.21021615531208,"Exp1","mixed","IP",0,1.23738740446696,0.153698681352414,1.23785700693469,0.125863732094048,0,0.451119285264373,0.125863732094048,0.874136267905952,0.125863732094048,0.125863732094048,"all","log"
"6496",16,1.42704853800327,1.39796899034991,"Exp1","mixed","IP",0,1.43963458236538,0.174390482246144,1.43937883477585,0.125863732094048,0,0.333954013581455,0.125863732094048,0.874136267905952,0.125863732094048,0.125863732094048,"all","log"
"6497",16,1.42704853800327,1.41882672460088,"Exp1","mixed","IP",0,1.43963458236538,0.174390482246144,1.44024757057742,0.125863732094048,0,0.32691275843455,0.125863732094048,0.874136267905952,0.125863732094048,0.125863732094048,"all","log"
"6498",16,0.4,0.542712777887573,"Exp1","mixed","IP",0,0.555440451790878,0.103537068105361,0.556046916687487,0.636394883605168,0,0.847609201091699,0.636394883605168,0.363605116394832,0.636394883605168,0.636394883605168,"all","log"
"6499",16,0.8,0.688759206272152,"Exp1","mixed","IP",0,0.714625113958349,0.0859642109413317,0.714876483036429,0.636394883605168,0,1.03637354370638,0.636394883605168,0.363605116394832,0.636394883605168,0.636394883605168,"all","log"
"6500",16,1.69705627484772,1.8254606024766,"Exp1","mixed","IP",0,1.67504195313384,0.199634034618684,1.67497581264252,0.125863732094048,0,0.190689487612609,0.125863732094048,0.874136267905952,0.125863732094048,0.125863732094048,"all","log"
"6501",16,1.42704853800327,1.6795655824917,"Exp1","mixed","IP",0,1.43963458236538,0.174390482246144,1.44037004772837,0.125863732094048,0,0.331427665248447,0.125863732094048,0.874136267905952,0.125863732094048,0.125863732094048,"all","log"
"6502",16,0.4,0.323742249285715,"Exp1","mixed","IP",0,0.555440451790878,0.103537068105361,0.554957176363493,0.636394883605168,0,0.852086392441373,0.636394883605168,0.363605116394832,0.636394883605168,0.636394883605168,"all","log"
"6503",16,0.565685424949238,0.44898795755762,"Exp1","mixed","IP",0,0.629962037675159,0.0927365530418344,0.629945416551471,0.636394883605168,0,0.962682471243146,0.636394883605168,0.363605116394832,0.636394883605168,0.636394883605168,"all","log"
"6504",16,2.01815139660892,1.60657276325219,"Exp1","mixed","IP",0,1.94906323278021,0.229894471552015,1.94961971764373,0.125863732094048,0,0.0466813441419298,0.125863732094048,0.874136267905952,0.125863732094048,0.125863732094048,"all","log"
"6505",16,0.8,0.876638152047235,"Exp1","mixed","IP",0,0.714625113958349,0.0859642109413317,0.714428703020284,0.636394883605168,0,1.03910147768064,0.636394883605168,0.363605116394832,0.636394883605168,0.636394883605168,"all","log"
"6506",16,0.8,0.741098560449245,"Exp1","mixed","IP",0,0.714625113958349,0.0859642109413317,0.713809280983945,0.636394883605168,0,1.04057934021766,0.636394883605168,0.363605116394832,0.636394883605168,0.636394883605168,"all","log"
"6507",16,0.4,0.459354713257198,"Exp1","mixed","IP",0,0.555440451790878,0.103537068105361,0.555147275195794,0.636394883605168,0,0.845539008444175,0.636394883605168,0.363605116394832,0.636394883605168,0.636394883605168,"all","log"
"6508",16,1.69705627484772,1.21024183055306,"Exp1","mixed","IP",0,1.67504195313384,0.199634034618684,1.67418552010539,0.125863732094048,0,0.193723397085524,0.125863732094048,0.874136267905952,0.125863732094048,0.125863732094048,"all","log"
"6509",16,0.672717132202972,0.865986703245653,"Exp1","mixed","IP",0,0.670942723222479,0.0888533330114659,0.671557130786695,0.636394883605168,0,1.00571533531058,0.636394883605168,0.363605116394832,0.636394883605168,0.636394883605168,"all","log"
"6510",16,1.69705627484772,1.6588143249719,"Exp1","mixed","IP",0,1.67504195313384,0.199634034618684,1.67543573553279,0.125863732094048,0,0.192217242813386,0.125863732094048,0.874136267905952,0.125863732094048,0.125863732094048,"all","log"
"6511",16,0.672717132202972,0.886959598499743,"Exp1","mixed","IP",0,0.670942723222479,0.0888533330114659,0.670956301776661,0.636394883605168,0,0.99954705594484,0.636394883605168,0.363605116394832,0.636394883605168,0.636394883605168,"all","log"
"6512",16,2.4,2.43089333221542,"Exp1","mixed","IP",0,2.26805182346436,0.265772727083901,2.2678122112081,0.125863732094048,0,-0.0951735849334551,0.125863732094048,0.874136267905952,0.125863732094048,0.125863732094048,"all","log"
"6513",16,1.2,1.12694493340678,"Exp1","mixed","IP",0,1.23738740446696,0.153698681352414,1.23691826576168,0.125863732094048,0,0.455830949757725,0.125863732094048,0.874136267905952,0.125863732094048,0.125863732094048,"all","log"
"6514",16,0.565685424949238,0.542744494359795,"Exp1","mixed","IP",0,0.629962037675159,0.0927365530418344,0.630266565828498,0.636394883605168,0,0.961649395010619,0.636394883605168,0.363605116394832,0.636394883605168,0.636394883605168,"all","log"
"6515",16,1.42704853800327,1.54402561331699,"Exp1","mixed","IP",0,1.43963458236538,0.174390482246144,1.43907264613527,0.125863732094048,0,0.329534270020305,0.125863732094048,0.874136267905952,0.125863732094048,0.125863732094048,"all","log"
"6516",16,0.565685424949238,0.521902995922574,"Exp1","mixed","IP",0,0.629962037675159,0.0927365530418344,0.630050248741403,0.636394883605168,0,0.964210401015449,0.636394883605168,0.363605116394832,0.636394883605168,0.636394883605168,"all","log"
"6517",16,0.4,0.594911295820566,"Exp1","mixed","IP",0,0.555440451790878,0.103537068105361,0.555240134772194,0.636394883605168,0,0.85060436993623,0.636394883605168,0.363605116394832,0.636394883605168,0.636394883605168,"all","log"
"6518",16,0.8,0.688744858343853,"Exp1","mixed","IP",0,0.714625113958349,0.0859642109413317,0.714338321306877,0.636394883605168,0,1.03899940826599,0.636394883605168,0.363605116394832,0.636394883605168,0.636394883605168,"all","log"
"6519",16,0.475682846001088,0.605265969054017,"Exp1","mixed","IP",0,0.591514052515118,0.0976270821680041,0.591907708180781,0.636394883605168,0,0.910977092370307,0.636394883605168,0.363605116394832,0.636394883605168,0.636394883605168,"all","log"
"6520",16,1.2,0.960081549093957,"Exp1","mixed","IP",0,1.23738740446696,0.153698681352414,1.23706237705798,0.125863732094048,0,0.457157142398037,0.125863732094048,0.874136267905952,0.125863732094048,0.125863732094048,"all","log"
"6521",16,1.42704853800327,1.30401309286208,"Exp1","mixed","IP",0,1.43963458236538,0.174390482246144,1.4388613973689,0.125863732094048,0,0.332957562546802,0.125863732094048,0.874136267905952,0.125863732094048,0.125863732094048,"all","log"
"6522",16,0.8,0.897372796176569,"Exp1","mixed","IP",0,0.714625113958349,0.0859642109413317,0.714555445725089,0.636394883605168,0,1.03630986393198,0.636394883605168,0.363605116394832,0.636394883605168,0.636394883605168,"all","log"
"6523",16,0.672717132202972,0.949569426225935,"Exp1","mixed","IP",0,0.670942723222479,0.0888533330114659,0.671276550723267,0.636394883605168,0,1.00505916554166,0.636394883605168,0.363605116394832,0.636394883605168,0.636394883605168,"all","log"
"6524",16,1.42704853800327,1.26231499290589,"Exp1","mixed","IP",0,1.43963458236538,0.174390482246144,1.43877297725725,0.125863732094048,0,0.330381213481711,0.125863732094048,0.874136267905952,0.125863732094048,0.125863732094048,"all","log"
"6525",16,0.475682846001088,0.386293174993625,"Exp1","mixed","IP",0,0.591514052515118,0.0976270821680041,0.591946631029237,0.636394883605168,0,0.90949966256878,0.636394883605168,0.363605116394832,0.636394883605168,0.636394883605168,"all","log"
"6526",16,2.4,1.91960566607122,"Exp1","mixed","IP",0,2.26805182346436,0.265772727083901,2.26755546612145,0.125863732094048,0,-0.0867645255654692,0.125863732094048,0.874136267905952,0.125863732094048,0.125863732094048,"all","log"
"6527",16,0.672717132202972,0.532429844293802,"Exp1","mixed","IP",0,0.670942723222479,0.0888533330114659,0.67074846387521,0.636394883605168,0,0.997567155140779,0.636394883605168,0.363605116394832,0.636394883605168,0.636394883605168,"all","log"
"6528",16,1.69705627484772,1.4813818036564,"Exp1","mixed","IP",0,1.67504195313384,0.199634034618684,1.67533084736825,0.125863732094048,0,0.190649024991413,0.125863732094048,0.874136267905952,0.125863732094048,0.125863732094048,"all","log"
"6529",16,0.4,0.584509803033143,"Exp1","mixed","IP",0,0.555440451790878,0.103537068105361,0.554952239434455,0.636394883605168,0,0.852908263963593,0.636394883605168,0.363605116394832,0.636394883605168,0.636394883605168,"all","log"
"6530",16,0.475682846001088,0.48020338565766,"Exp1","mixed","IP",0,0.591514052515118,0.0976270821680041,0.591382656403811,0.636394883605168,0,0.913631699488647,0.636394883605168,0.363605116394832,0.636394883605168,0.636394883605168,"all","log"
"6531",16,0.565685424949238,0.563502925844659,"Exp1","mixed","IP",0,0.629962037675159,0.0927365530418344,0.629901331701836,0.636394883605168,0,0.962435533894207,0.636394883605168,0.363605116394832,0.636394883605168,0.636394883605168,"all","log"
"6532",16,2.01815139660892,1.57543285056272,"Exp1","mixed","IP",0,1.94906323278021,0.229894471552015,1.94872725176856,0.125863732094048,0,0.0533893346666582,0.125863732094048,0.874136267905952,0.125863732094048,0.125863732094048,"all","log"
"6533",16,2.01815139660892,1.88820673552254,"Exp1","mixed","IP",0,1.94906323278021,0.229894471552015,1.9491668205522,0.125863732094048,0,0.0549312610785871,0.125863732094048,0.874136267905952,0.125863732094048,0.125863732094048,"all","log"
"6534",16,1.69705627484772,1.62733157231378,"Exp1","mixed","IP",0,1.67504195313384,0.199634034618684,1.67482384549545,0.125863732094048,0,0.191501574381559,0.125863732094048,0.874136267905952,0.125863732094048,0.125863732094048,"all","log"
"6535",16,2.4,2.39917912482088,"Exp1","mixed","IP",0,2.26805182346436,0.265772727083901,2.26733909112318,0.125863732094048,0,-0.0942681158082359,0.125863732094048,0.874136267905952,0.125863732094048,0.125863732094048,"all","log"
"6536",16,0.8,0.886833865339213,"Exp1","mixed","IP",0,0.714625113958349,0.0859642109413317,0.714984100262913,0.636394883605168,0,1.03748124576839,0.636394883605168,0.363605116394832,0.636394883605168,0.636394883605168,"all","log"
"6537",16,0.8,0.709527454760973,"Exp1","mixed","IP",0,0.714625113958349,0.0859642109413317,0.714862652251593,0.636394883605168,0,1.04052572887966,0.636394883605168,0.363605116394832,0.636394883605168,0.636394883605168,"all","log"
"6538",16,1.42704853800327,1.638001899968,"Exp1","mixed","IP",0,1.43963458236538,0.174390482246144,1.43923355187556,0.125863732094048,0,0.326641850301814,0.125863732094048,0.874136267905952,0.125863732094048,0.125863732094048,"all","log"
"6539",16,0.4,0.396652001574694,"Exp1","mixed","IP",0,0.555440451790878,0.103537068105361,0.555644991648675,0.636394883605168,0,0.85003894830301,0.636394883605168,0.363605116394832,0.636394883605168,0.636394883605168,"all","log"
"6540",16,1.2,1.14760217423827,"Exp1","mixed","IP",0,1.23738740446696,0.153698681352414,1.23678362511453,0.125863732094048,0,0.452988078629131,0.125863732094048,0.874136267905952,0.125863732094048,0.125863732094048,"all","log"
"6541",16,1.2,1.02255318361495,"Exp1","mixed","IP",0,1.23738740446696,0.153698681352414,1.23760417116756,0.125863732094048,0,0.454130061477557,0.125863732094048,0.874136267905952,0.125863732094048,0.125863732094048,"all","log"
"6542",16,2.01815139660892,1.89854857113642,"Exp1","mixed","IP",0,1.94906323278021,0.229894471552015,1.94784715648409,0.125863732094048,0,0.0553260726850185,0.125863732094048,0.874136267905952,0.125863732094048,0.125863732094048,"all","log"
"6543",16,0.475682846001088,0.605344882660575,"Exp1","mixed","IP",0,0.591514052515118,0.0976270821680041,0.59105687308068,0.636394883605168,0,0.907588917888558,0.636394883605168,0.363605116394832,0.636394883605168,0.636394883605168,"all","log"
"6544",16,0.475682846001088,0.573902908325181,"Exp1","mixed","IP",0,0.591514052515118,0.0976270821680041,0.590801263500764,0.636394883605168,0,0.911163427506372,0.636394883605168,0.363605116394832,0.636394883605168,0.636394883605168,"all","log"
"6545",16,1.69705627484772,1.53361279321689,"Exp1","mixed","IP",0,1.67504195313384,0.199634034618684,1.67437036396744,0.125863732094048,0,0.18984097397447,0.125863732094048,0.874136267905952,0.125863732094048,0.125863732094048,"all","log"
"6546",16,0.8,0.657463731835378,"Exp1","mixed","IP",0,0.714625113958349,0.0859642109413317,0.714362568670789,0.636394883605168,0,1.03977353786943,0.636394883605168,0.363605116394832,0.636394883605168,0.636394883605168,"all","log"
"6547",16,0.475682846001088,0.532333939721866,"Exp1","mixed","IP",0,0.591514052515118,0.0976270821680041,0.59210167048654,0.636394883605168,0,0.913201939794586,0.636394883605168,0.363605116394832,0.636394883605168,0.636394883605168,"all","log"
"6548",16,0.4,0.396642939724188,"Exp1","mixed","IP",0,0.555440451790878,0.103537068105361,0.554983825126515,0.636394883605168,0,0.853678219865064,0.636394883605168,0.363605116394832,0.636394883605168,0.636394883605168,"all","log"
"6549",16,1.69705627484772,1.72127387702858,"Exp1","mixed","IP",0,1.67504195313384,0.199634034618684,1.6743319749239,0.125863732094048,0,0.195132616655878,0.125863732094048,0.874136267905952,0.125863732094048,0.125863732094048,"all","log"
"6550",16,1.42704853800327,1.05381316581042,"Exp1","mixed","IP",0,1.43963458236538,0.174390482246144,1.44090356194449,0.125863732094048,0,0.330759254739805,0.125863732094048,0.874136267905952,0.125863732094048,0.125863732094048,"all","log"
"6551",16,0.565685424949238,0.542747892553962,"Exp1","mixed","IP",0,0.629962037675159,0.0927365530418344,0.629592750748404,0.636394883605168,0,0.967387659988058,0.636394883605168,0.363605116394832,0.636394883605168,0.636394883605168,"all","log"
"6552",16,1.2,1.10593956652701,"Exp1","mixed","IP",0,1.23738740446696,0.153698681352414,1.23766263604189,0.125863732094048,0,0.456028884982905,0.125863732094048,0.874136267905952,0.125863732094048,0.125863732094048,"all","log"
"6553",16,2.01815139660892,2.03425505179257,"Exp1","mixed","IP",0,1.94906323278021,0.229894471552015,1.94956593826282,0.125863732094048,0,0.0521653678849097,0.125863732094048,0.874136267905952,0.125863732094048,0.125863732094048,"all","log"
"6554",16,2.4,2.22187384697281,"Exp1","mixed","IP",0,2.26805182346436,0.265772727083901,2.26818846412046,0.125863732094048,0,-0.0894795336487122,0.125863732094048,0.874136267905952,0.125863732094048,0.125863732094048,"all","log"
"6555",16,1.42704853800327,1.54500769124388,"Exp1","mixed","IP",0,1.43963458236538,0.174390482246144,1.43782875070305,0.125863732094048,0,0.329236725516468,0.125863732094048,0.874136267905952,0.125863732094048,0.125863732094048,"all","log"
"6556",16,0.4,0.469703722832492,"Exp1","mixed","IP",0,0.555440451790878,0.103537068105361,0.556866503237479,0.636394883605168,0,0.852392427800543,0.636394883605168,0.363605116394832,0.636394883605168,0.636394883605168,"all","log"
"6557",16,0.565685424949238,0.803371589439848,"Exp1","mixed","IP",0,0.629962037675159,0.0927365530418344,0.630358946948983,0.636394883605168,0,0.958032796032849,0.636394883605168,0.363605116394832,0.636394883605168,0.636394883605168,"all","log"
"6558",16,1.2,1.1892927226545,"Exp1","mixed","IP",0,1.23738740446696,0.153698681352414,1.23692945728119,0.125863732094048,0,0.459874931842348,0.125863732094048,0.874136267905952,0.125863732094048,0.125863732094048,"all","log"
"6559",16,2.01815139660892,2.1594792381693,"Exp1","mixed","IP",0,1.94906323278021,0.229894471552015,1.95016657057999,0.125863732094048,0,0.0505487846165715,0.125863732094048,0.874136267905952,0.125863732094048,0.125863732094048,"all","log"
"6560",16,2.4,1.70050562854158,"Exp1","mixed","IP",0,2.26805182346436,0.265772727083901,2.267032520255,0.125863732094048,0,-0.0924373626881514,0.125863732094048,0.874136267905952,0.125863732094048,0.125863732094048,"all","log"
"6561",16,0.672717132202972,0.8205762656562,"Exp1","mixed","IP",0,0.670942723222479,0.0888533330114659,0.671229221423808,0.636394883605168,0,1.00337715387622,0.636394883605168,0.363605116394832,0.636394883605168,0.636394883605168,"all","log"
"6562",16,1.69705627484772,1.5857108756536,"Exp1","mixed","IP",0,1.67504195313384,0.199634034618684,1.67486547796389,0.125863732094048,0,0.192536424094151,0.125863732094048,0.874136267905952,0.125863732094048,0.125863732094048,"all","log"
"6563",16,0.565685424949238,0.7514218947872,"Exp1","mixed","IP",0,0.629962037675159,0.0927365530418344,0.630019106541769,0.636394883605168,0,0.962873484593222,0.636394883605168,0.363605116394832,0.636394883605168,0.636394883605168,"all","log"
"6564",16,1.69705627484772,1.32503507313413,"Exp1","mixed","IP",0,1.67504195313384,0.199634034618684,1.6766743472702,0.125863732094048,0,0.193011829462307,0.125863732094048,0.874136267905952,0.125863732094048,0.125863732094048,"all","log"
"6565",16,0.4,0.334283823163787,"Exp1","mixed","IP",0,0.555440451790878,0.103537068105361,0.555401881102948,0.636394883605168,0,0.855582281666867,0.636394883605168,0.363605116394832,0.636394883605168,0.636394883605168,"all","log"
"6566",16,2.01815139660892,2.01309299043351,"Exp1","mixed","IP",0,1.94906323278021,0.229894471552015,1.94939044648114,0.125863732094048,0,0.0541026160290195,0.125863732094048,0.874136267905952,0.125863732094048,0.125863732094048,"all","log"
"6567",16,0.8,0.87642368827801,"Exp1","mixed","IP",0,0.714625113958349,0.0859642109413317,0.714106833992882,0.636394883605168,0,1.03615980666032,0.636394883605168,0.363605116394832,0.636394883605168,0.636394883605168,"all","log"
"6568",16,0.8,0.865941771575308,"Exp1","mixed","IP",0,0.714625113958349,0.0859642109413317,0.714569058062851,0.636394883605168,0,1.03533708291237,0.636394883605168,0.363605116394832,0.636394883605168,0.636394883605168,"all","log"
"6569",16,0.672717132202972,0.573921409601098,"Exp1","mixed","IP",0,0.670942723222479,0.0888533330114659,0.671151091127602,0.636394883605168,0,1.00331205225886,0.636394883605168,0.363605116394832,0.636394883605168,0.636394883605168,"all","log"
"6570",16,2.01815139660892,1.80454434378225,"Exp1","mixed","IP",0,1.94906323278021,0.229894471552015,1.94943461527772,0.125863732094048,0,0.0561386380461378,0.125863732094048,0.874136267905952,0.125863732094048,0.125863732094048,"all","log"
"6571",16,2.4,2.1173499452143,"Exp1","mixed","IP",0,2.26805182346436,0.265772727083901,2.26744324776755,0.125863732094048,0,-0.0889498377266762,0.125863732094048,0.874136267905952,0.125863732094048,0.125863732094048,"all","log"
"6572",16,2.4,1.75241832064421,"Exp1","mixed","IP",0,2.26805182346436,0.265772727083901,2.26798883409977,0.125863732094048,0,-0.0907078033504795,0.125863732094048,0.874136267905952,0.125863732094048,0.125863732094048,"all","log"
"6573",16,1.42704853800327,1.18939013753698,"Exp1","mixed","IP",0,1.43963458236538,0.174390482246144,1.44078139295829,0.125863732094048,0,0.327009132614109,0.125863732094048,0.874136267905952,0.125863732094048,0.125863732094048,"all","log"
"6574",1,1.954332247557,1.90993556031754,"Exp2","mixed","IP",0,1.84540791145978,0.231760481490232,1.8438941919193,0.118619862232612,0,0.0455622353728794,0.118619862232612,0.881380137767388,0.118619862232612,0.118619862232612,"all","log"
"6575",1,0.7328,0.789940287551872,"Exp2","mixed","IP",0,0.697519749921846,0.0990046230409685,0.696826376806329,0.40759283256081,0,0.895508847846154,0.40759283256081,0.59240716743919,0.40759283256081,0.40759283256081,"all","log"
"6576",1,1.954332247557,1.71789535393691,"Exp2","mixed","IP",0,1.84540791145978,0.231760481490232,1.84565318534556,0.118619862232612,0,0.0456695664801005,0.118619862232612,0.881380137767388,0.118619862232612,0.118619862232612,"all","log"
"6577",1,1.44778166151097,1.29389281615659,"Exp2","mixed","IP",0,1.41646092421832,0.18177609217366,1.41705716154144,0.118619862232612,0,0.289925937413876,0.118619862232612,0.881380137767388,0.118619862232612,0.118619862232612,"all","log"
"6578",1,1.31,1.35796644906804,"Exp2","mixed","IP",0,1.29696584127182,0.16840726583001,1.29770425856296,0.118619862232612,0,0.363791591905969,0.118619862232612,0.881380137767388,0.118619862232612,0.118619862232612,"all","log"
"6579",1,0.542862864224572,0.558000348322821,"Exp2","mixed","IP",0,0.583876868583338,0.0993395655852741,0.583563220412442,0.40759283256081,0,0.893695595760324,0.40759283256081,0.59240716743919,0.40759283256081,0.40759283256081,"all","log"
"6580",1,1.60005476290647,1.42986645559904,"Exp2","mixed","IP",0,1.54700108005581,0.196725486796419,1.54626770220978,0.118619862232612,0,0.207907068193578,0.118619862232612,0.881380137767388,0.118619862232612,0.118619862232612,"all","log"
"6581",1,1.31,1.26191555664627,"Exp2","mixed","IP",0,1.29696584127182,0.16840726583001,1.2969614238735,0.118619862232612,0,0.368485666437184,0.118619862232612,0.881380137767388,0.118619862232612,0.118619862232612,"all","log"
"6582",1,0.7328,0.790012440093051,"Exp2","mixed","IP",0,0.697519749921846,0.0990046230409685,0.697899088789192,0.40759283256081,0,0.899585278099557,0.40759283256081,0.59240716743919,0.40759283256081,0.40759283256081,"all","log"
"6583",1,0.599959465297448,0.685924625475309,"Exp2","mixed","IP",0,0.619484101674218,0.0986618943204673,0.619872710959125,0.40759283256081,0,0.897531348682473,0.40759283256081,0.59240716743919,0.40759283256081,0.40759283256081,"all","log"
"6584",1,0.542862864224572,0.43798206138672,"Exp2","mixed","IP",0,0.583876868583338,0.0993395655852741,0.583990353201396,0.40759283256081,0,0.897495013439591,0.40759283256081,0.59240716743919,0.40759283256081,0.40759283256081,"all","log"
"6585",1,0.4912,0.493926093406117,"Exp2","mixed","IP",0,0.550362047704193,0.100565987479407,0.550383329071823,0.40759283256081,0,0.890892446634332,0.40759283256081,0.59240716743919,0.40759283256081,0.40759283256081,"all","log"
"6586",1,1.44778166151097,1.22989506781232,"Exp2","mixed","IP",0,1.41646092421832,0.18177609217366,1.41742786310841,0.118619862232612,0,0.294652028291179,0.118619862232612,0.881380137767388,0.118619862232612,0.118619862232612,"all","log"
"6587",1,0.4912,0.589866891003112,"Exp2","mixed","IP",0,0.550362047704193,0.100565987479407,0.550733556630954,0.40759283256081,0,0.886108762888062,0.40759283256081,0.59240716743919,0.40759283256081,0.40759283256081,"all","log"
"6588",1,1.76834346805288,1.59794299949317,"Exp2","mixed","IP",0,1.68961033042359,0.213350315056643,1.69005162511972,0.118619862232612,0,0.131429253109946,0.118619862232612,0.881380137767388,0.118619862232612,0.118619862232612,"all","log"
"6589",1,0.4912,0.437997300499774,"Exp2","mixed","IP",0,0.550362047704193,0.100565987479407,0.550451069010106,0.40759283256081,0,0.884702159225635,0.40759283256081,0.59240716743919,0.40759283256081,0.40759283256081,"all","log"
"6590",1,0.4912,0.509990607728469,"Exp2","mixed","IP",0,0.550362047704193,0.100565987479407,0.550444138128633,0.40759283256081,0,0.889291248980201,0.40759283256081,0.59240716743919,0.40759283256081,0.40759283256081,"all","log"
"6591",1,0.663061306494331,0.613891198945566,"Exp2","mixed","IP",0,0.657317544351261,0.0985463923017426,0.658195319359597,0.40759283256081,0,0.898739887271357,0.40759283256081,0.59240716743919,0.40759283256081,0.40759283256081,"all","log"
"6592",1,0.599959465297448,0.637720508426355,"Exp2","mixed","IP",0,0.619484101674218,0.0986618943204673,0.619384237972115,0.40759283256081,0,0.90256269978111,0.40759283256081,0.59240716743919,0.40759283256081,0.40759283256081,"all","log"
"6593",1,0.7328,0.781948149691743,"Exp2","mixed","IP",0,0.697519749921846,0.0990046230409685,0.696035199686044,0.40759283256081,0,0.897049145951856,0.40759283256081,0.59240716743919,0.40759283256081,0.40759283256081,"all","log"
"6594",1,0.663061306494331,0.645922261857777,"Exp2","mixed","IP",0,0.657317544351261,0.0985463923017426,0.657847033455624,0.40759283256081,0,0.905386310510944,0.40759283256081,0.59240716743919,0.40759283256081,0.40759283256081,"all","log"
"6595",1,1.44778166151097,1.46988716835403,"Exp2","mixed","IP",0,1.41646092421832,0.18177609217366,1.41644337584575,0.118619862232612,0,0.286372885577656,0.118619862232612,0.881380137767388,0.118619862232612,0.118619862232612,"all","log"
"6596",1,1.44778166151097,1.18996143571167,"Exp2","mixed","IP",0,1.41646092421832,0.18177609217366,1.41692532909938,0.118619862232612,0,0.290643782089682,0.118619862232612,0.881380137767388,0.118619862232612,0.118619862232612,"all","log"
"6597",1,1.954332247557,1.9339489831782,"Exp2","mixed","IP",0,1.84540791145978,0.231760481490232,1.84516774975118,0.118619862232612,0,0.0441290668666212,0.118619862232612,0.881380137767388,0.118619862232612,0.118619862232612,"all","log"
"6598",1,0.599959465297448,0.565904783527003,"Exp2","mixed","IP",0,0.619484101674218,0.0986618943204673,0.619672367333511,0.40759283256081,0,0.899157765811237,0.40759283256081,0.59240716743919,0.40759283256081,0.40759283256081,"all","log"
"6599",1,1.76834346805288,1.82194926929878,"Exp2","mixed","IP",0,1.68961033042359,0.213350315056643,1.68886801913203,0.118619862232612,0,0.126568956758289,0.118619862232612,0.881380137767388,0.118619862232612,0.118619862232612,"all","log"
"6600",1,0.599959465297448,0.670004416231677,"Exp2","mixed","IP",0,0.619484101674218,0.0986618943204673,0.618953612211724,0.40759283256081,0,0.900354650549087,0.40759283256081,0.59240716743919,0.40759283256081,0.40759283256081,"all","log"
"6601",1,1.60005476290647,1.70190672417993,"Exp2","mixed","IP",0,1.54700108005581,0.196725486796419,1.54716787314333,0.118619862232612,0,0.21372228614671,0.118619862232612,0.881380137767388,0.118619862232612,0.118619862232612,"all","log"
"6602",1,0.542862864224572,0.637907109823573,"Exp2","mixed","IP",0,0.583876868583338,0.0993395655852741,0.583806162070898,0.40759283256081,0,0.892471657887204,0.40759283256081,0.59240716743919,0.40759283256081,0.40759283256081,"all","log"
"6603",1,1.31,1.09392111736997,"Exp2","mixed","IP",0,1.29696584127182,0.16840726583001,1.29779933717716,0.118619862232612,0,0.362951186785771,0.118619862232612,0.881380137767388,0.118619862232612,0.118619862232612,"all","log"
"6604",1,1.44778166151097,1.32591672601484,"Exp2","mixed","IP",0,1.41646092421832,0.18177609217366,1.41693837178311,0.118619862232612,0,0.286888362079657,0.118619862232612,0.881380137767388,0.118619862232612,0.118619862232612,"all","log"
"6605",1,1.954332247557,1.9818713321165,"Exp2","mixed","IP",0,1.84540791145978,0.231760481490232,1.84589548998167,0.118619862232612,0,0.0471826810258484,0.118619862232612,0.881380137767388,0.118619862232612,0.118619862232612,"all","log"
"6606",1,0.599959465297448,0.621963886409503,"Exp2","mixed","IP",0,0.619484101674218,0.0986618943204673,0.620000345466468,0.40759283256081,0,0.90078908526149,0.40759283256081,0.59240716743919,0.40759283256081,0.40759283256081,"all","log"
"6607",1,0.599959465297448,0.565878348328624,"Exp2","mixed","IP",0,0.619484101674218,0.0986618943204673,0.618556071895995,0.40759283256081,0,0.893905839993831,0.40759283256081,0.59240716743919,0.40759283256081,0.40759283256081,"all","log"
"6608",1,1.76834346805288,1.54990900071971,"Exp2","mixed","IP",0,1.68961033042359,0.213350315056643,1.68923098435104,0.118619862232612,0,0.123492718116664,0.118619862232612,0.881380137767388,0.118619862232612,0.118619862232612,"all","log"
"6609",1,0.663061306494331,0.717921478131757,"Exp2","mixed","IP",0,0.657317544351261,0.0985463923017426,0.656762956414622,0.40759283256081,0,0.900660497727343,0.40759283256081,0.59240716743919,0.40759283256081,0.40759283256081,"all","log"
"6610",1,1.31,1.18990763230795,"Exp2","mixed","IP",0,1.29696584127182,0.16840726583001,1.29729912414149,0.118619862232612,0,0.366125482690019,0.118619862232612,0.881380137767388,0.118619862232612,0.118619862232612,"all","log"
"6611",1,1.60005476290647,1.50987646987414,"Exp2","mixed","IP",0,1.54700108005581,0.196725486796419,1.54763562816946,0.118619862232612,0,0.210835945166053,0.118619862232612,0.881380137767388,0.118619862232612,0.118619862232612,"all","log"
"6612",1,0.7328,0.709886732951418,"Exp2","mixed","IP",0,0.697519749921846,0.0990046230409685,0.697042119787754,0.40759283256081,0,0.893772367730608,0.40759283256081,0.59240716743919,0.40759283256081,0.40759283256081,"all","log"
"6613",1,0.599959465297448,0.629941096158291,"Exp2","mixed","IP",0,0.619484101674218,0.0986618943204673,0.619749116142528,0.40759283256081,0,0.896644324613998,0.40759283256081,0.59240716743919,0.40759283256081,0.40759283256081,"all","log"
"6614",1,1.31,1.24587250148579,"Exp2","mixed","IP",0,1.29696584127182,0.16840726583001,1.29689818231625,0.118619862232612,0,0.368997091812775,0.118619862232612,0.881380137767388,0.118619862232612,0.118619862232612,"all","log"
"6615",1,1.60005476290647,1.53375491772567,"Exp2","mixed","IP",0,1.54700108005581,0.196725486796419,1.54472746030516,0.118619862232612,0,0.204655224522723,0.118619862232612,0.881380137767388,0.118619862232612,0.118619862232612,"all","log"
"6616",1,1.60005476290647,1.51786643071864,"Exp2","mixed","IP",0,1.54700108005581,0.196725486796419,1.54660220079753,0.118619862232612,0,0.208453460685888,0.118619862232612,0.881380137767388,0.118619862232612,0.118619862232612,"all","log"
"6617",1,1.44778166151097,1.24587934353622,"Exp2","mixed","IP",0,1.41646092421832,0.18177609217366,1.41578824591125,0.118619862232612,0,0.292060956285845,0.118619862232612,0.881380137767388,0.118619862232612,0.118619862232612,"all","log"
"6618",1,1.60005476290647,1.58988524014057,"Exp2","mixed","IP",0,1.54700108005581,0.196725486796419,1.5473182961079,0.118619862232612,0,0.211407026079318,0.118619862232612,0.881380137767388,0.118619862232612,0.118619862232612,"all","log"
"6619",1,0.542862864224572,0.501945910475115,"Exp2","mixed","IP",0,0.583876868583338,0.0993395655852741,0.584157523557171,0.40759283256081,0,0.888195317676551,0.40759283256081,0.59240716743919,0.40759283256081,0.40759283256081,"all","log"
"6620",1,0.4912,0.549903713679669,"Exp2","mixed","IP",0,0.550362047704193,0.100565987479407,0.550109771622363,0.40759283256081,0,0.883837628688088,0.40759283256081,0.59240716743919,0.40759283256081,0.40759283256081,"all","log"
"6621",1,0.7328,0.621988455592145,"Exp2","mixed","IP",0,0.697519749921846,0.0990046230409685,0.697654642109549,0.40759283256081,0,0.895060757272674,0.40759283256081,0.59240716743919,0.40759283256081,0.40759283256081,"all","log"
"6622",1,1.31,1.22987982869927,"Exp2","mixed","IP",0,1.29696584127182,0.16840726583001,1.29633387906262,0.118619862232612,0,0.357421703143248,0.118619862232612,0.881380137767388,0.118619862232612,0.118619862232612,"all","log"
"6623",1,0.599959465297448,0.509900728055072,"Exp2","mixed","IP",0,0.619484101674218,0.0986618943204673,0.619540666258787,0.40759283256081,0,0.905234069187437,0.40759283256081,0.59240716743919,0.40759283256081,0.40759283256081,"all","log"
"6624",1,1.954332247557,1.95790113857947,"Exp2","mixed","IP",0,1.84540791145978,0.231760481490232,1.84528638705855,0.118619862232612,0,0.0447679379063519,0.118619862232612,0.881380137767388,0.118619862232612,0.118619862232612,"all","log"
"6625",1,0.542862864224572,0.517923966150192,"Exp2","mixed","IP",0,0.583876868583338,0.0993395655852741,0.58407194769167,0.40759283256081,0,0.894002761509528,0.40759283256081,0.59240716743919,0.40759283256081,0.40759283256081,"all","log"
"6626",1,0.663061306494331,0.717888511884667,"Exp2","mixed","IP",0,0.657317544351261,0.0985463923017426,0.656961775913388,0.40759283256081,0,0.900158503760433,0.40759283256081,0.59240716743919,0.40759283256081,0.40759283256081,"all","log"
"6627",1,0.4912,0.589942153566881,"Exp2","mixed","IP",0,0.550362047704193,0.100565987479407,0.55090633636618,0.40759283256081,0,0.882901115523007,0.40759283256081,0.59240716743919,0.40759283256081,0.40759283256081,"all","log"
"6628",1,1.954332247557,1.58987062303095,"Exp2","mixed","IP",0,1.84540791145978,0.231760481490232,1.84397520671384,0.118619862232612,0,0.0462991730422882,0.118619862232612,0.881380137767388,0.118619862232612,0.118619862232612,"all","log"
"6629",1,1.76834346805288,1.79788079902755,"Exp2","mixed","IP",0,1.68961033042359,0.213350315056643,1.68844187842555,0.118619862232612,0,0.128747411671996,0.118619862232612,0.881380137767388,0.118619862232612,0.118619862232612,"all","log"
"6630",1,0.663061306494331,0.821976015498876,"Exp2","mixed","IP",0,0.657317544351261,0.0985463923017426,0.657104227368391,0.40759283256081,0,0.901799922464334,0.40759283256081,0.59240716743919,0.40759283256081,0.40759283256081,"all","log"
"6631",1,1.76834346805288,1.68593675456577,"Exp2","mixed","IP",0,1.68961033042359,0.213350315056643,1.69164427138207,0.118619862232612,0,0.127040653166139,0.118619862232612,0.881380137767388,0.118619862232612,0.118619862232612,"all","log"
"6632",1,1.76834346805288,1.58989394820492,"Exp2","mixed","IP",0,1.68961033042359,0.213350315056643,1.68964276949742,0.118619862232612,0,0.136894643014821,0.118619862232612,0.881380137767388,0.118619862232612,0.118619862232612,"all","log"
"6633",1,0.663061306494331,0.669974871012528,"Exp2","mixed","IP",0,0.657317544351261,0.0985463923017426,0.657399564612066,0.40759283256081,0,0.897408391024217,0.40759283256081,0.59240716743919,0.40759283256081,0.40759283256081,"all","log"
"6634",1,0.7328,0.72597892648264,"Exp2","mixed","IP",0,0.697519749921846,0.0990046230409685,0.697706875351204,0.40759283256081,0,0.897484956418051,0.40759283256081,0.59240716743919,0.40759283256081,0.40759283256081,"all","log"
"6635",1,0.4912,0.565906027535675,"Exp2","mixed","IP",0,0.550362047704193,0.100565987479407,0.550657894760974,0.40759283256081,0,0.88606085841005,0.40759283256081,0.59240716743919,0.40759283256081,0.40759283256081,"all","log"
"6636",1,1.954332247557,1.61391359111258,"Exp2","mixed","IP",0,1.84540791145978,0.231760481490232,1.8446685666739,0.118619862232612,0,0.0488130462868007,0.118619862232612,0.881380137767388,0.118619862232612,0.118619862232612,"all","log"
"6637",1,0.542862864224572,0.541902245748133,"Exp2","mixed","IP",0,0.583876868583338,0.0993395655852741,0.583302273292947,0.40759283256081,0,0.896384989218153,0.40759283256081,0.59240716743919,0.40759283256081,0.40759283256081,"all","log"
"6638",1,0.542862864224572,0.581996977058225,"Exp2","mixed","IP",0,0.583876868583338,0.0993395655852741,0.583614260623348,0.40759283256081,0,0.903540736014708,0.40759283256081,0.59240716743919,0.40759283256081,0.40759283256081,"all","log"
"6639",1,0.7328,0.661905915574607,"Exp2","mixed","IP",0,0.697519749921846,0.0990046230409685,0.697339572496845,0.40759283256081,0,0.89323688796389,0.40759283256081,0.59240716743919,0.40759283256081,0.40759283256081,"all","log"
"6640",1,1.954332247557,1.65394549995108,"Exp2","mixed","IP",0,1.84540791145978,0.231760481490232,1.8466383832725,0.118619862232612,0,0.0476651869736974,0.118619862232612,0.881380137767388,0.118619862232612,0.118619862232612,"all","log"
"6641",1,1.31,1.38198111593738,"Exp2","mixed","IP",0,1.29696584127182,0.16840726583001,1.29597899723824,0.118619862232612,0,0.367062788392254,0.118619862232612,0.881380137767388,0.118619862232612,0.118619862232612,"all","log"
"6642",1,0.7328,0.701900504132936,"Exp2","mixed","IP",0,0.697519749921846,0.0990046230409685,0.697444317826869,0.40759283256081,0,0.891182952143121,0.40759283256081,0.59240716743919,0.40759283256081,0.40759283256081,"all","log"
"6643",1,0.599959465297448,0.557908602635507,"Exp2","mixed","IP",0,0.619484101674218,0.0986618943204673,0.619438285579962,0.40759283256081,0,0.894956588399246,0.40759283256081,0.59240716743919,0.40759283256081,0.40759283256081,"all","log"
"6644",1,0.4912,0.557965827063526,"Exp2","mixed","IP",0,0.550362047704193,0.100565987479407,0.550978369474346,0.40759283256081,0,0.886058951130928,0.40759283256081,0.59240716743919,0.40759283256081,0.40759283256081,"all","log"
"6645",1,1.954332247557,1.73384915142924,"Exp2","mixed","IP",0,1.84540791145978,0.231760481490232,1.84622766609197,0.118619862232612,0,0.0442688857596911,0.118619862232612,0.881380137767388,0.118619862232612,0.118619862232612,"all","log"
"6646",1,1.31,1.3258638556199,"Exp2","mixed","IP",0,1.29696584127182,0.16840726583001,1.29822612281484,0.118619862232612,0,0.366916507640168,0.118619862232612,0.881380137767388,0.118619862232612,0.118619862232612,"all","log"
"6647",1,1.60005476290647,1.50185198777035,"Exp2","mixed","IP",0,1.54700108005581,0.196725486796419,1.54747349579522,0.118619862232612,0,0.207948670918424,0.118619862232612,0.881380137767388,0.118619862232612,0.118619862232612,"all","log"
"6648",1,1.60005476290647,1.35794654491838,"Exp2","mixed","IP",0,1.54700108005581,0.196725486796419,1.54697533152458,0.118619862232612,0,0.213712169505799,0.118619862232612,0.881380137767388,0.118619862232612,0.118619862232612,"all","log"
"6649",1,0.663061306494331,0.797915942290274,"Exp2","mixed","IP",0,0.657317544351261,0.0985463923017426,0.657908720944448,0.40759283256081,0,0.900878485154583,0.40759283256081,0.59240716743919,0.40759283256081,0.40759283256081,"all","log"
"6650",1,0.542862864224572,0.517865186709969,"Exp2","mixed","IP",0,0.583876868583338,0.0993395655852741,0.583165282011988,0.40759283256081,0,0.894402559916934,0.40759283256081,0.59240716743919,0.40759283256081,0.40759283256081,"all","log"
"6651",1,1.60005476290647,1.46189005445558,"Exp2","mixed","IP",0,1.54700108005581,0.196725486796419,1.54725204368902,0.118619862232612,0,0.207534246566475,0.118619862232612,0.881380137767388,0.118619862232612,0.118619862232612,"all","log"
"6652",1,0.542862864224572,0.765886123386736,"Exp2","mixed","IP",0,0.583876868583338,0.0993395655852741,0.583894476388167,0.40759283256081,0,0.900294207878527,0.40759283256081,0.59240716743919,0.40759283256081,0.40759283256081,"all","log"
"6653",1,0.599959465297448,0.597909722244367,"Exp2","mixed","IP",0,0.619484101674218,0.0986618943204673,0.618806931905948,0.40759283256081,0,0.897054936680439,0.40759283256081,0.59240716743919,0.40759283256081,0.40759283256081,"all","log"
"6654",1,0.663061306494331,0.669963052921958,"Exp2","mixed","IP",0,0.657317544351261,0.0985463923017426,0.656281155824963,0.40759283256081,0,0.897639473762417,0.40759283256081,0.59240716743919,0.40759283256081,0.40759283256081,"all","log"
"6655",1,1.76834346805288,1.70185976282846,"Exp2","mixed","IP",0,1.68961033042359,0.213350315056643,1.68991100323307,0.118619862232612,0,0.130846402736607,0.118619862232612,0.881380137767388,0.118619862232612,0.118619862232612,"all","log"
"6656",1,0.599959465297448,0.54189664770638,"Exp2","mixed","IP",0,0.619484101674218,0.0986618943204673,0.619309750296851,0.40759283256081,0,0.897317875493936,0.40759283256081,0.59240716743919,0.40759283256081,0.40759283256081,"all","log"
"6657",1,0.4912,0.565987199144729,"Exp2","mixed","IP",0,0.550362047704193,0.100565987479407,0.550900015771828,0.40759283256081,0,0.892226129840295,0.40759283256081,0.59240716743919,0.40759283256081,0.40759283256081,"all","log"
"6658",1,1.44778166151097,1.34988629754844,"Exp2","mixed","IP",0,1.41646092421832,0.18177609217366,1.41698280277436,0.118619862232612,0,0.288860335520659,0.118619862232612,0.881380137767388,0.118619862232612,0.118619862232612,"all","log"
"6659",1,1.76834346805288,1.85387801244542,"Exp2","mixed","IP",0,1.68961033042359,0.213350315056643,1.68942101616568,0.118619862232612,0,0.130991994608829,0.118619862232612,0.881380137767388,0.118619862232612,0.118619862232612,"all","log"
"6660",1,0.7328,0.773908428474897,"Exp2","mixed","IP",0,0.697519749921846,0.0990046230409685,0.697729100619752,0.40759283256081,0,0.895343124372231,0.40759283256081,0.59240716743919,0.40759283256081,0.40759283256081,"all","log"
"6661",1,0.663061306494331,0.781932599575157,"Exp2","mixed","IP",0,0.657317544351261,0.0985463923017426,0.657723412627514,0.40759283256081,0,0.900218242496309,0.40759283256081,0.59240716743919,0.40759283256081,0.40759283256081,"all","log"
"6662",1,1.60005476290647,1.41389368696218,"Exp2","mixed","IP",0,1.54700108005581,0.196725486796419,1.54905788538271,0.118619862232612,0,0.213443720492464,0.118619862232612,0.881380137767388,0.118619862232612,0.118619862232612,"all","log"
"6663",1,1.954332247557,1.83764928889286,"Exp2","mixed","IP",0,1.84540791145978,0.231760481490232,1.84471693455364,0.118619862232612,0,0.0454909648410048,0.118619862232612,0.881380137767388,0.118619862232612,0.118619862232612,"all","log"
"6664",1,0.663061306494331,0.717929253189141,"Exp2","mixed","IP",0,0.657317544351261,0.0985463923017426,0.656796931458692,0.40759283256081,0,0.900620473179762,0.40759283256081,0.59240716743919,0.40759283256081,0.40759283256081,"all","log"
"6665",1,1.31,1.1659999502408,"Exp2","mixed","IP",0,1.29696584127182,0.16840726583001,1.29717147539329,0.118619862232612,0,0.364228167890941,0.118619862232612,0.881380137767388,0.118619862232612,0.118619862232612,"all","log"
"6666",1,1.44778166151097,1.34187736556123,"Exp2","mixed","IP",0,1.41646092421832,0.18177609217366,1.41641903738007,0.118619862232612,0,0.281114266165544,0.118619862232612,0.881380137767388,0.118619862232612,0.118619862232612,"all","log"
"6667",1,0.4912,0.557904870607672,"Exp2","mixed","IP",0,0.550362047704193,0.100565987479407,0.550658865858526,0.40759283256081,0,0.88435195946774,0.40759283256081,0.59240716743919,0.40759283256081,0.40759283256081,"all","log"
"6668",1,1.44778166151097,1.5178813588318,"Exp2","mixed","IP",0,1.41646092421832,0.18177609217366,1.41694101178055,0.118619862232612,0,0.289185978578165,0.118619862232612,0.881380137767388,0.118619862232612,0.118619862232612,"all","log"
"6669",1,1.76834346805288,1.7339035768382,"Exp2","mixed","IP",0,1.68961033042359,0.213350315056643,1.69036652117038,0.118619862232612,0,0.129545271621853,0.118619862232612,0.881380137767388,0.118619862232612,0.118619862232612,"all","log"
"6670",1,1.44778166151097,1.42196295340182,"Exp2","mixed","IP",0,1.41646092421832,0.18177609217366,1.41693128484443,0.118619862232612,0,0.289465604907471,0.118619862232612,0.881380137767388,0.118619862232612,0.118619862232612,"all","log"
"6671",1,1.31,1.34994569899391,"Exp2","mixed","IP",0,1.29696584127182,0.16840726583001,1.29713078530083,0.118619862232612,0,0.366358569614515,0.118619862232612,0.881380137767388,0.118619862232612,0.118619862232612,"all","log"
"6672",1,1.954332247557,1.94988349852611,"Exp2","mixed","IP",0,1.84540791145978,0.231760481490232,1.84455303999648,0.118619862232612,0,0.0437745431289071,0.118619862232612,0.881380137767388,0.118619862232612,0.118619862232612,"all","log"
"6673",1,0.542862864224572,0.597894794133026,"Exp2","mixed","IP",0,0.583876868583338,0.0993395655852741,0.583466913513705,0.40759283256081,0,0.895914055794755,0.40759283256081,0.59240716743919,0.40759283256081,0.40759283256081,"all","log"
"6674",1,1.76834346805288,1.63787507658344,"Exp2","mixed","IP",0,1.68961033042359,0.213350315056643,1.68940072491801,0.118619862232612,0,0.129009540785172,0.118619862232612,0.881380137767388,0.118619862232612,0.118619862232612,"all","log"
"6675",1,0.7328,0.765906027534584,"Exp2","mixed","IP",0,0.697519749921846,0.0990046230409685,0.698487706023671,0.40759283256081,0,0.897095930063264,0.40759283256081,0.59240716743919,0.40759283256081,0.40759283256081,"all","log"
"6676",1,1.76834346805288,1.65388236647959,"Exp2","mixed","IP",0,1.68961033042359,0.213350315056643,1.69045612003893,0.118619862232612,0,0.128541443694288,0.118619862232612,0.881380137767388,0.118619862232612,0.118619862232612,"all","log"
"6677",1,1.954332247557,1.94192277190086,"Exp2","mixed","IP",0,1.84540791145978,0.231760481490232,1.84714126457367,0.118619862232612,0,0.0469009565399627,0.118619862232612,0.881380137767388,0.118619862232612,0.118619862232612,"all","log"
"6678",1,1.44778166151097,1.38994961762182,"Exp2","mixed","IP",0,1.41646092421832,0.18177609217366,1.41764247208484,0.118619862232612,0,0.285276477451084,0.118619862232612,0.881380137767388,0.118619862232612,0.118619862232612,"all","log"
"6679",1,0.4912,0.509876469875962,"Exp2","mixed","IP",0,0.550362047704193,0.100565987479407,0.549984549814309,0.40759283256081,0,0.88881300461696,0.40759283256081,0.59240716743919,0.40759283256081,0.40759283256081,"all","log"
"6680",1,1.76834346805288,1.82985650352566,"Exp2","mixed","IP",0,1.68961033042359,0.213350315056643,1.69018984451387,0.118619862232612,0,0.13122775181912,0.118619862232612,0.881380137767388,0.118619862232612,0.118619862232612,"all","log"
"6681",1,1.31,1.18987124503656,"Exp2","mixed","IP",0,1.29696584127182,0.16840726583001,1.29769445004197,0.118619862232612,0,0.372624824847554,0.118619862232612,0.881380137767388,0.118619862232612,0.118619862232612,"all","log"
"6682",1,0.7328,0.661952565926185,"Exp2","mixed","IP",0,0.697519749921846,0.0990046230409685,0.697540116870365,0.40759283256081,0,0.895074146877304,0.40759283256081,0.59240716743919,0.40759283256081,0.40759283256081,"all","log"
"6683",1,1.31,1.27789143530572,"Exp2","mixed","IP",0,1.29696584127182,0.16840726583001,1.29725732221819,0.118619862232612,0,0.357688968714337,0.118619862232612,0.881380137767388,0.118619862232612,0.118619862232612,"all","log"
"6684",1,0.599959465297448,0.613919811159576,"Exp2","mixed","IP",0,0.619484101674218,0.0986618943204673,0.619104682298516,0.40759283256081,0,0.901806857681166,0.40759283256081,0.59240716743919,0.40759283256081,0.40759283256081,"all","log"
"6685",1,1.44778166151097,1.24589085062144,"Exp2","mixed","IP",0,1.41646092421832,0.18177609217366,1.41583220443395,0.118619862232612,0,0.295037612956102,0.118619862232612,0.881380137767388,0.118619862232612,0.118619862232612,"all","log"
"6686",1,1.60005476290647,1.81386880677746,"Exp2","mixed","IP",0,1.54700108005581,0.196725486796419,1.54790726958531,0.118619862232612,0,0.210630830463735,0.118619862232612,0.881380137767388,0.118619862232612,0.118619862232612,"all","log"
"6687",1,0.663061306494331,0.677883349244439,"Exp2","mixed","IP",0,0.657317544351261,0.0985463923017426,0.658053837183471,0.40759283256081,0,0.897956808186763,0.40759283256081,0.59240716743919,0.40759283256081,0.40759283256081,"all","log"
"6688",1,1.60005476290647,1.70187095891197,"Exp2","mixed","IP",0,1.54700108005581,0.196725486796419,1.54775185315337,0.118619862232612,0,0.206516402065399,0.118619862232612,0.881380137767388,0.118619862232612,0.118619862232612,"all","log"
"6689",1,0.542862864224572,0.421928121140809,"Exp2","mixed","IP",0,0.583876868583338,0.0993395655852741,0.583675245265775,0.40759283256081,0,0.900900851033688,0.40759283256081,0.59240716743919,0.40759283256081,0.40759283256081,"all","log"
"6690",1,0.4912,0.597916875296505,"Exp2","mixed","IP",0,0.550362047704193,0.100565987479407,0.550387061609779,0.40759283256081,0,0.887312377955501,0.40759283256081,0.59240716743919,0.40759283256081,0.40759283256081,"all","log"
"6691",1,1.60005476290647,1.40588382196984,"Exp2","mixed","IP",0,1.54700108005581,0.196725486796419,1.54796764177919,0.118619862232612,0,0.210139630839116,0.118619862232612,0.881380137767388,0.118619862232612,0.118619862232612,"all","log"
"6692",1,0.7328,0.645892405635095,"Exp2","mixed","IP",0,0.697519749921846,0.0990046230409685,0.697839258645177,0.40759283256081,0,0.896008769173283,0.40759283256081,0.59240716743919,0.40759283256081,0.40759283256081,"all","log"
"6693",1,1.44778166151097,1.26191959967764,"Exp2","mixed","IP",0,1.41646092421832,0.18177609217366,1.41603565675175,0.118619862232612,0,0.296578123424631,0.118619862232612,0.881380137767388,0.118619862232612,0.118619862232612,"all","log"
"6694",1,0.663061306494331,0.629951359234838,"Exp2","mixed","IP",0,0.657317544351261,0.0985463923017426,0.656787917429273,0.40759283256081,0,0.900098681746709,0.40759283256081,0.59240716743919,0.40759283256081,0.40759283256081,"all","log"
"6695",1,1.76834346805288,1.75786039727427,"Exp2","mixed","IP",0,1.68961033042359,0.213350315056643,1.69024487524554,0.118619862232612,0,0.125468799968664,0.118619862232612,0.881380137767388,0.118619862232612,0.118619862232612,"all","log"
"6696",1,1.76834346805288,1.65395047598759,"Exp2","mixed","IP",0,1.68961033042359,0.213350315056643,1.69007044147359,0.118619862232612,0,0.123879221183671,0.118619862232612,0.881380137767388,0.118619862232612,0.118619862232612,"all","log"
"6697",1,1.31,1.17386022311257,"Exp2","mixed","IP",0,1.29696584127182,0.16840726583001,1.29727535364583,0.118619862232612,0,0.363705865790284,0.118619862232612,0.881380137767388,0.118619862232612,0.118619862232612,"all","log"
"6698",1,1.31,1.30187717895933,"Exp2","mixed","IP",0,1.29696584127182,0.16840726583001,1.29690220184184,0.118619862232612,0,0.363431162931325,0.118619862232612,0.881380137767388,0.118619862232612,0.118619862232612,"all","log"
"6699",1,0.542862864224572,0.581923580508374,"Exp2","mixed","IP",0,0.583876868583338,0.0993395655852741,0.583887361835698,0.40759283256081,0,0.895668075893779,0.40759283256081,0.59240716743919,0.40759283256081,0.40759283256081,"all","log"
"6700",1,1.954332247557,1.69392298338425,"Exp2","mixed","IP",0,1.84540791145978,0.231760481490232,1.84462108566799,0.118619862232612,0,0.0462899138775743,0.118619862232612,0.881380137767388,0.118619862232612,0.118619862232612,"all","log"
"6701",1,0.599959465297448,0.621989699602636,"Exp2","mixed","IP",0,0.619484101674218,0.0986618943204673,0.619167995735825,0.40759283256081,0,0.898046767628906,0.40759283256081,0.59240716743919,0.40759283256081,0.40759283256081,"all","log"
"6702",1,1.44778166151097,1.48590689834236,"Exp2","mixed","IP",0,1.41646092421832,0.18177609217366,1.41592363151826,0.118619862232612,0,0.293006638820145,0.118619862232612,0.881380137767388,0.118619862232612,0.118619862232612,"all","log"
"6703",1,0.7328,0.709951110433394,"Exp2","mixed","IP",0,0.697519749921846,0.0990046230409685,0.697243062685269,0.40759283256081,0,0.897652100095006,0.40759283256081,0.59240716743919,0.40759283256081,0.40759283256081,"all","log"
"6704",1,0.542862864224572,0.493894060165985,"Exp2","mixed","IP",0,0.583876868583338,0.0993395655852741,0.584933522925884,0.40759283256081,0,0.888883757868087,0.40759283256081,0.59240716743919,0.40759283256081,0.40759283256081,"all","log"
"6705",1,0.599959465297448,0.677866555121,"Exp2","mixed","IP",0,0.619484101674218,0.0986618943204673,0.619113409744455,0.40759283256081,0,0.901420592954059,0.40759283256081,0.59240716743919,0.40759283256081,0.40759283256081,"all","log"
"6706",1,0.663061306494331,0.581884394214285,"Exp2","mixed","IP",0,0.657317544351261,0.0985463923017426,0.657872507494057,0.40759283256081,0,0.897748045578504,0.40759283256081,0.59240716743919,0.40759283256081,0.40759283256081,"all","log"
"6707",1,0.7328,0.813962729480409,"Exp2","mixed","IP",0,0.697519749921846,0.0990046230409685,0.697734321606255,0.40759283256081,0,0.897215881989287,0.40759283256081,0.59240716743919,0.40759283256081,0.40759283256081,"all","log"
"6708",1,0.4912,0.549919574796149,"Exp2","mixed","IP",0,0.550362047704193,0.100565987479407,0.549954665895678,0.40759283256081,0,0.884683264582561,0.40759283256081,0.59240716743919,0.40759283256081,0.40759283256081,"all","log"
"6709",1,0.542862864224572,0.541969422250986,"Exp2","mixed","IP",0,0.583876868583338,0.0993395655852741,0.583948483394029,0.40759283256081,0,0.896383441246062,0.40759283256081,0.59240716743919,0.40759283256081,0.40759283256081,"all","log"
"6710",1,1.954332247557,1.58950364028351,"Exp2","mixed","IP",0,1.84540791145978,0.231760481490232,1.84564213614316,0.118619862232612,0,0.0415556225862355,0.118619862232612,0.881380137767388,0.118619862232612,0.118619862232612,"all","log"
"6711",1,0.663061306494331,0.837869789544129,"Exp2","mixed","IP",0,0.657317544351261,0.0985463923017426,0.657791640227614,0.40759283256081,0,0.895612220944723,0.40759283256081,0.59240716743919,0.40759283256081,0.40759283256081,"all","log"
"6712",1,1.60005476290647,1.50988455593506,"Exp2","mixed","IP",0,1.54700108005581,0.196725486796419,1.54686898534435,0.118619862232612,0,0.214715343348102,0.118619862232612,0.881380137767388,0.118619862232612,0.118619862232612,"all","log"
"6713",1,0.4912,0.525892467834638,"Exp2","mixed","IP",0,0.550362047704193,0.100565987479407,0.549516499817641,0.40759283256081,0,0.881276810864876,0.40759283256081,0.59240716743919,0.40759283256081,0.40759283256081,"all","log"
"6714",2,0.7328,0.669944417993975,"Exp2","mixed","IP",0,0.679246646373376,0.0833558227787933,0.679526767785799,0.702664160304296,0,1.06318042304227,0.702664160304296,0.297335839695704,0.702664160304296,0.702664160304296,"all","log"
"6715",2,1.31,0.981950063272961,"Exp2","mixed","IP",0,1.39322491414894,0.187478160423358,1.39503412521657,0.504436571061929,0,0.25683754008061,0.504436571061929,0.495563428938071,0.504436571061929,0.504436571061929,"all","log"
"6716",2,0.4912,0.669973652038607,"Exp2","mixed","IP",0,0.603082735834617,0.0827696486504005,0.603257343732898,0.702664160304296,0,1.07422654636226,0.702664160304296,0.297335839695704,0.702664160304296,0.702664160304296,"all","log"
"6717",2,1.954332247557,1.50190090031538,"Exp2","mixed","IP",0,1.69868148938819,0.226520055154736,1.70054672062684,0.504436571061929,0,0.0686906397718356,0.504436571061929,0.495563428938071,0.504436571061929,0.504436571061929,"all","log"
"6718",2,1.44778166151097,1.37390833695827,"Exp2","mixed","IP",0,1.46388579204061,0.196400743789333,1.46286838754455,0.504436571061929,0,0.210099710685546,0.504436571061929,0.495563428938071,0.504436571061929,0.504436571061929,"all","log"
"6719",2,0.4912,0.613909593401331,"Exp2","mixed","IP",0,0.603082735834617,0.0827696486504005,0.602735378168893,0.702664160304296,0,1.0738622471355,0.702664160304296,0.297335839695704,0.702664160304296,0.702664160304296,"all","log"
"6720",2,1.60005476290647,1.61389373237762,"Exp2","mixed","IP",0,1.5382170441121,0.205869460073727,1.53683436015804,0.504436571061929,0,0.161835531239475,0.504436571061929,0.495563428938071,0.504436571061929,0.504436571061929,"all","log"
"6721",2,1.44778166151097,1.52586970820994,"Exp2","mixed","IP",0,1.46388579204061,0.196400743789333,1.46430829245881,0.504436571061929,0,0.214869963152133,0.504436571061929,0.495563428938071,0.504436571061929,0.504436571061929,"all","log"
"6722",2,1.60005476290647,1.66182170715183,"Exp2","mixed","IP",0,1.5382170441121,0.205869460073727,1.53843627082445,0.504436571061929,0,0.164330173959155,0.504436571061929,0.495563428938071,0.504436571061929,0.504436571061929,"all","log"
"6723",2,1.76834346805288,1.78987771461107,"Exp2","mixed","IP",0,1.61641372618089,0.215902411741139,1.61517444331513,0.504436571061929,0,0.121052508081334,0.504436571061929,0.495563428938071,0.504436571061929,0.504436571061929,"all","log"
"6724",2,0.663061306494331,0.62192314306958,"Exp2","mixed","IP",0,0.659312262450705,0.0828746553624921,0.660203976981572,0.702664160304296,0,1.07547040590619,0.702664160304296,0.297335839695704,0.702664160304296,0.702664160304296,"all","log"
"6725",2,0.599959465297448,0.661975341394282,"Exp2","mixed","IP",0,0.639986192855623,0.0826114552539369,0.639930542714613,0.702664160304296,0,1.08607474535932,0.702664160304296,0.297335839695704,0.702664160304296,0.702664160304296,"all","log"
"6726",2,0.663061306494331,0.645877022940113,"Exp2","mixed","IP",0,0.659312262450705,0.0828746553624921,0.658829226571685,0.702664160304296,0,1.07405025885728,0.702664160304296,0.297335839695704,0.702664160304296,0.702664160304296,"all","log"
"6727",2,0.599959465297448,0.565884586478205,"Exp2","mixed","IP",0,0.639986192855623,0.0826114552539369,0.639589259318782,0.702664160304296,0,1.07882708718831,0.702664160304296,0.297335839695704,0.702664160304296,0.702664160304296,"all","log"
"6728",2,1.44778166151097,1.62193091808513,"Exp2","mixed","IP",0,1.46388579204061,0.196400743789333,1.46433128954677,0.504436571061929,0,0.214350021430626,0.504436571061929,0.495563428938071,0.504436571061929,0.504436571061929,"all","log"
"6729",2,0.599959465297448,0.709911713183828,"Exp2","mixed","IP",0,0.639986192855623,0.0826114552539369,0.639880509009364,0.702664160304296,0,1.07901891259256,0.702664160304296,0.297335839695704,0.702664160304296,0.702664160304296,"all","log"
"6730",2,0.599959465297448,0.813948219663871,"Exp2","mixed","IP",0,0.639986192855623,0.0826114552539369,0.639330060347434,0.702664160304296,0,1.07690715909661,0.702664160304296,0.297335839695704,0.702664160304296,0.702664160304296,"all","log"
"6731",2,0.4912,0.645905634988594,"Exp2","mixed","IP",0,0.603082735834617,0.0827696486504005,0.603076072904493,0.702664160304296,0,1.07723497344687,0.702664160304296,0.297335839695704,0.702664160304296,0.702664160304296,"all","log"
"6732",2,0.663061306494331,0.669932910976058,"Exp2","mixed","IP",0,0.659312262450705,0.0828746553624921,0.659349180245513,0.702664160304296,0,1.07411668985432,0.702664160304296,0.297335839695704,0.702664160304296,0.702664160304296,"all","log"
"6733",2,0.542862864224572,0.645946376054781,"Exp2","mixed","IP",0,0.621249215641512,0.0825739063237877,0.621043873331677,0.702664160304296,0,1.07927271294311,0.702664160304296,0.297335839695704,0.702664160304296,0.702664160304296,"all","log"
"6734",2,0.7328,0.717899760809814,"Exp2","mixed","IP",0,0.679246646373376,0.0833558227787933,0.679673302580959,0.702664160304296,0,1.06439784045276,0.702664160304296,0.297335839695704,0.702664160304296,0.702664160304296,"all","log"
"6735",2,0.663061306494331,0.669883150898386,"Exp2","mixed","IP",0,0.659312262450705,0.0828746553624921,0.659418835425783,0.702664160304296,0,1.07016093722392,0.702664160304296,0.297335839695704,0.702664160304296,0.702664160304296,"all","log"
"6736",2,0.7328,0.629964682786522,"Exp2","mixed","IP",0,0.679246646373376,0.0833558227787933,0.679492155006005,0.702664160304296,0,1.06810387628019,0.702664160304296,0.297335839695704,0.702664160304296,0.702664160304296,"all","log"
"6737",2,0.542862864224572,0.62996063978062,"Exp2","mixed","IP",0,0.621249215641512,0.0825739063237877,0.621096052104757,0.702664160304296,0,1.07385044714967,0.702664160304296,0.297335839695704,0.702664160304296,0.702664160304296,"all","log"
"6738",2,0.542862864224572,0.565924394541071,"Exp2","mixed","IP",0,0.621249215641512,0.0825739063237877,0.621285740676327,0.702664160304296,0,1.07757229789531,0.702664160304296,0.297335839695704,0.702664160304296,0.702664160304296,"all","log"
"6739",2,1.31,1.30991158878169,"Exp2","mixed","IP",0,1.39322491414894,0.187478160423358,1.39285603130824,0.504436571061929,0,0.255839679271851,0.504436571061929,0.495563428938071,0.504436571061929,0.504436571061929,"all","log"
"6740",2,0.4912,0.589891647432523,"Exp2","mixed","IP",0,0.603082735834617,0.0827696486504005,0.603238446659555,0.702664160304296,0,1.08315845335516,0.702664160304296,0.297335839695704,0.702664160304296,0.702664160304296,"all","log"
"6741",2,1.76834346805288,1.86986579707082,"Exp2","mixed","IP",0,1.61641372618089,0.215902411741139,1.61909232175937,0.504436571061929,0,0.116140647213701,0.504436571061929,0.495563428938071,0.504436571061929,0.504436571061929,"all","log"
"6742",2,1.76834346805288,1.64586147291993,"Exp2","mixed","IP",0,1.61641372618089,0.215902411741139,1.61654362313125,0.504436571061929,0,0.118188953265702,0.504436571061929,0.495563428938071,0.504436571061929,0.504436571061929,"all","log"
"6743",2,0.7328,0.749891759391176,"Exp2","mixed","IP",0,0.679246646373376,0.0833558227787933,0.679097095213013,0.702664160304296,0,1.07362768592562,0.702664160304296,0.297335839695704,0.702664160304296,0.702664160304296,"all","log"
"6744",2,1.31,1.12592089889222,"Exp2","mixed","IP",0,1.39322491414894,0.187478160423358,1.3942226822637,0.504436571061929,0,0.25648400600842,0.504436571061929,0.495563428938071,0.504436571061929,0.504436571061929,"all","log"
"6745",2,1.954332247557,1.68582970110947,"Exp2","mixed","IP",0,1.69868148938819,0.226520055154736,1.69804545625848,0.504436571061929,0,0.0636488090888476,0.504436571061929,0.495563428938071,0.504436571061929,0.504436571061929,"all","log"
"6746",2,1.954332247557,1.65387657758765,"Exp2","mixed","IP",0,1.69868148938819,0.226520055154736,1.69844059397489,0.504436571061929,0,0.0693165591923113,0.504436571061929,0.495563428938071,0.504436571061929,0.504436571061929,"all","log"
"6747",2,1.60005476290647,1.82189303822452,"Exp2","mixed","IP",0,1.5382170441121,0.205869460073727,1.5368448841172,0.504436571061929,0,0.164752102977295,0.504436571061929,0.495563428938071,0.504436571061929,0.504436571061929,"all","log"
"6748",2,0.542862864224572,0.565944920570473,"Exp2","mixed","IP",0,0.621249215641512,0.0825739063237877,0.621506021499669,0.702664160304296,0,1.0794084475068,0.702664160304296,0.297335839695704,0.702664160304296,0.702664160304296,"all","log"
"6749",2,1.76834346805288,1.59784672900787,"Exp2","mixed","IP",0,1.61641372618089,0.215902411741139,1.61530571468524,0.504436571061929,0,0.117878284872484,0.504436571061929,0.495563428938071,0.504436571061929,0.504436571061929,"all","log"
"6750",2,1.31,1.06981174518296,"Exp2","mixed","IP",0,1.39322491414894,0.187478160423358,1.39291870747631,0.504436571061929,0,0.257660325438851,0.504436571061929,0.495563428938071,0.504436571061929,0.504436571061929,"all","log"
"6751",2,0.7328,0.806018640127149,"Exp2","mixed","IP",0,0.679246646373376,0.0833558227787933,0.678989199925704,0.702664160304296,0,1.05996931419877,0.702664160304296,0.297335839695704,0.702664160304296,0.702664160304296,"all","log"
"6752",2,0.542862864224572,0.765924767736578,"Exp2","mixed","IP",0,0.621249215641512,0.0825739063237877,0.621343721132292,0.702664160304296,0,1.08365901757255,0.702664160304296,0.297335839695704,0.702664160304296,0.702664160304296,"all","log"
"6753",2,1.31,1.3338539616343,"Exp2","mixed","IP",0,1.39322491414894,0.187478160423358,1.3930692958233,0.504436571061929,0,0.261974575524158,0.504436571061929,0.495563428938071,0.504436571061929,0.504436571061929,"all","log"
"6754",2,1.954332247557,1.86989347611598,"Exp2","mixed","IP",0,1.69868148938819,0.226520055154736,1.69643707819456,0.504436571061929,0,0.0687131754144647,0.504436571061929,0.495563428938071,0.504436571061929,0.504436571061929,"all","log"
"6755",2,0.663061306494331,0.61392607642847,"Exp2","mixed","IP",0,0.659312262450705,0.0828746553624921,0.659354827517819,0.702664160304296,0,1.07312574830206,0.702664160304296,0.297335839695704,0.702664160304296,0.702664160304296,"all","log"
"6756",2,1.60005476290647,1.48587006896923,"Exp2","mixed","IP",0,1.5382170441121,0.205869460073727,1.53864162977209,0.504436571061929,0,0.156512860539752,0.504436571061929,0.495563428938071,0.504436571061929,0.504436571061929,"all","log"
"6757",2,1.76834346805288,1.70986941711453,"Exp2","mixed","IP",0,1.61641372618089,0.215902411741139,1.61481600673859,0.504436571061929,0,0.107713907328521,0.504436571061929,0.495563428938071,0.504436571061929,0.504436571061929,"all","log"
"6758",2,1.31,1.15780871230891,"Exp2","mixed","IP",0,1.39322491414894,0.187478160423358,1.39224458595995,0.504436571061929,0,0.254675516100396,0.504436571061929,0.495563428938071,0.504436571061929,0.504436571061929,"all","log"
"6759",2,1.31,1.1898887240277,"Exp2","mixed","IP",0,1.39322491414894,0.187478160423358,1.39253257105862,0.504436571061929,0,0.261632001870884,0.504436571061929,0.495563428938071,0.504436571061929,0.504436571061929,"all","log"
"6760",2,1.954332247557,1.89383398296195,"Exp2","mixed","IP",0,1.69868148938819,0.226520055154736,1.69702978739886,0.504436571061929,0,0.0630087920512184,0.504436571061929,0.495563428938071,0.504436571061929,0.504436571061929,"all","log"
"6761",2,1.954332247557,1.82984718679654,"Exp2","mixed","IP",0,1.69868148938819,0.226520055154736,1.69849146760695,0.504436571061929,0,0.0639230951880414,0.504436571061929,0.495563428938071,0.504436571061929,0.504436571061929,"all","log"
"6762",2,1.44778166151097,1.46185865401276,"Exp2","mixed","IP",0,1.46388579204061,0.196400743789333,1.46290500139893,0.504436571061929,0,0.214713852810979,0.504436571061929,0.495563428938071,0.504436571061929,0.504436571061929,"all","log"
"6763",2,0.7328,0.717914999833738,"Exp2","mixed","IP",0,0.679246646373376,0.0833558227787933,0.679509142722581,0.702664160304296,0,1.07083382283294,0.702664160304296,0.297335839695704,0.702664160304296,0.702664160304296,"all","log"
"6764",2,1.76834346805288,1.56593527955556,"Exp2","mixed","IP",0,1.61641372618089,0.215902411741139,1.61680830325137,0.504436571061929,0,0.117429393749934,0.504436571061929,0.495563428938071,0.504436571061929,0.504436571061929,"all","log"
"6765",2,0.663061306494331,0.693918512897653,"Exp2","mixed","IP",0,0.659312262450705,0.0828746553624921,0.659572406501939,0.702664160304296,0,1.0720172656295,0.702664160304296,0.297335839695704,0.702664160304296,0.702664160304296,"all","log"
"6766",2,0.599959465297448,0.741912419776781,"Exp2","mixed","IP",0,0.639986192855623,0.0826114552539369,0.639912874531884,0.702664160304296,0,1.07511576498612,0.702664160304296,0.297335839695704,0.702664160304296,0.702664160304296,"all","log"
"6767",2,0.542862864224572,0.605906617751316,"Exp2","mixed","IP",0,0.621249215641512,0.0825739063237877,0.621855860027691,0.702664160304296,0,1.08515579796592,0.702664160304296,0.297335839695704,0.702664160304296,0.702664160304296,"all","log"
"6768",2,0.542862864224572,0.613951578470733,"Exp2","mixed","IP",0,0.621249215641512,0.0825739063237877,0.621691465309018,0.702664160304296,0,1.08016895950784,0.702664160304296,0.297335839695704,0.702664160304296,0.702664160304296,"all","log"
"6769",2,0.663061306494331,0.629921142714011,"Exp2","mixed","IP",0,0.659312262450705,0.0828746553624921,0.659262461416788,0.702664160304296,0,1.07779357040709,0.702664160304296,0.297335839695704,0.702664160304296,0.702664160304296,"all","log"
"6770",2,1.76834346805288,1.47786056230689,"Exp2","mixed","IP",0,1.61641372618089,0.215902411741139,1.61617872526499,0.504436571061929,0,0.114409650348222,0.504436571061929,0.495563428938071,0.504436571061929,0.504436571061929,"all","log"
"6771",2,1.31,1.54181252641501,"Exp2","mixed","IP",0,1.39322491414894,0.187478160423358,1.39372097651263,0.504436571061929,0,0.259103112709814,0.504436571061929,0.495563428938071,0.504436571061929,0.504436571061929,"all","log"
"6772",2,0.599959465297448,0.68591087223831,"Exp2","mixed","IP",0,0.639986192855623,0.0826114552539369,0.640325322568221,0.702664160304296,0,1.07151760400013,0.702664160304296,0.297335839695704,0.702664160304296,0.702664160304296,"all","log"
"6773",2,0.599959465297448,0.605912837760116,"Exp2","mixed","IP",0,0.639986192855623,0.0826114552539369,0.639891087580336,0.702664160304296,0,1.08014735206526,0.702664160304296,0.297335839695704,0.702664160304296,0.702664160304296,"all","log"
"6774",2,0.663061306494331,0.741889716740843,"Exp2","mixed","IP",0,0.659312262450705,0.0828746553624921,0.658930737998721,0.702664160304296,0,1.07721951146318,0.702664160304296,0.297335839695704,0.702664160304296,0.702664160304296,"all","log"
"6775",2,0.7328,0.717923085849179,"Exp2","mixed","IP",0,0.679246646373376,0.0833558227787933,0.678823184257835,0.702664160304296,0,1.06668672719202,0.702664160304296,0.297335839695704,0.702664160304296,0.702664160304296,"all","log"
"6776",2,1.44778166151097,1.15786096039301,"Exp2","mixed","IP",0,1.46388579204061,0.196400743789333,1.46318733508816,0.504436571061929,0,0.2059878567606,0.504436571061929,0.495563428938071,0.504436571061929,0.504436571061929,"all","log"
"6777",2,1.60005476290647,1.26990355252929,"Exp2","mixed","IP",0,1.5382170441121,0.205869460073727,1.53843756283852,0.504436571061929,0,0.164864157226758,0.504436571061929,0.495563428938071,0.504436571061929,0.504436571061929,"all","log"
"6778",2,1.44778166151097,1.26995828861618,"Exp2","mixed","IP",0,1.46388579204061,0.196400743789333,1.46372395286734,0.504436571061929,0,0.201666219451894,0.504436571061929,0.495563428938071,0.504436571061929,0.504436571061929,"all","log"
"6779",2,0.7328,0.621931229085021,"Exp2","mixed","IP",0,0.679246646373376,0.0833558227787933,0.679761284864149,0.702664160304296,0,1.06745602460257,0.702664160304296,0.297335839695704,0.702664160304296,0.702664160304296,"all","log"
"6780",2,1.60005476290647,1.24593474463472,"Exp2","mixed","IP",0,1.5382170441121,0.205869460073727,1.5380914318162,0.504436571061929,0,0.169029678281007,0.504436571061929,0.495563428938071,0.504436571061929,0.504436571061929,"all","log"
"6781",2,1.60005476290647,1.52586473220435,"Exp2","mixed","IP",0,1.5382170441121,0.205869460073727,1.53849591086969,0.504436571061929,0,0.169101886031013,0.504436571061929,0.495563428938071,0.504436571061929,0.504436571061929,"all","log"
"6782",2,1.76834346805288,1.6938460497804,"Exp2","mixed","IP",0,1.61641372618089,0.215902411741139,1.61827555226901,0.504436571061929,0,0.11712824265995,0.504436571061929,0.495563428938071,0.504436571061929,0.504436571061929,"all","log"
"6783",2,0.4912,0.517927377655724,"Exp2","mixed","IP",0,0.603082735834617,0.0827696486504005,0.602886412609336,0.702664160304296,0,1.08157129728261,0.702664160304296,0.297335839695704,0.702664160304296,0.702664160304296,"all","log"
"6784",2,0.599959465297448,0.605990587882843,"Exp2","mixed","IP",0,0.639986192855623,0.0826114552539369,0.639877775908898,0.702664160304296,0,1.07846732353162,0.702664160304296,0.297335839695704,0.702664160304296,0.702664160304296,"all","log"
"6785",2,1.44778166151097,1.54991502222765,"Exp2","mixed","IP",0,1.46388579204061,0.196400743789333,1.46406935807427,0.504436571061929,0,0.210134701246895,0.504436571061929,0.495563428938071,0.504436571061929,0.504436571061929,"all","log"
"6786",2,0.4912,0.61392141142278,"Exp2","mixed","IP",0,0.603082735834617,0.0827696486504005,0.602578193223128,0.702664160304296,0,1.07471897620603,0.702664160304296,0.297335839695704,0.702664160304296,0.702664160304296,"all","log"
"6787",2,1.60005476290647,1.47367262969055,"Exp2","mixed","IP",0,1.5382170441121,0.205869460073727,1.5374630859572,0.504436571061929,0,0.158577758953687,0.504436571061929,0.495563428938071,0.504436571061929,0.504436571061929,"all","log"
"6788",2,0.663061306494331,0.661992446421209,"Exp2","mixed","IP",0,0.659312262450705,0.0828746553624921,0.660441387676585,0.702664160304296,0,1.07173480155226,0.702664160304296,0.297335839695704,0.702664160304296,0.702664160304296,"all","log"
"6789",2,1.44778166151097,1.52588059322807,"Exp2","mixed","IP",0,1.46388579204061,0.196400743789333,1.46296133781623,0.504436571061929,0,0.21165826352681,0.504436571061929,0.495563428938071,0.504436571061929,0.504436571061929,"all","log"
"6790",2,1.76834346805288,1.70188852249703,"Exp2","mixed","IP",0,1.61641372618089,0.215902411741139,1.61571217624872,0.504436571061929,0,0.120454434477462,0.504436571061929,0.495563428938071,0.504436571061929,0.504436571061929,"all","log"
"6791",2,1.31,1.36581952517372,"Exp2","mixed","IP",0,1.39322491414894,0.187478160423358,1.39447906790511,0.504436571061929,0,0.257152741907786,0.504436571061929,0.495563428938071,0.504436571061929,0.504436571061929,"all","log"
"6792",2,0.4912,0.533958830998017,"Exp2","mixed","IP",0,0.603082735834617,0.0827696486504005,0.603356336938149,0.702664160304296,0,1.07610292767635,0.702664160304296,0.297335839695704,0.702664160304296,0.702664160304296,"all","log"
"6793",2,1.31,1.54184798047208,"Exp2","mixed","IP",0,1.39322491414894,0.187478160423358,1.39432282741543,0.504436571061929,0,0.262023704094601,0.504436571061929,0.495563428938071,0.504436571061929,0.504436571061929,"all","log"
"6794",2,1.60005476290647,1.56584104640569,"Exp2","mixed","IP",0,1.5382170441121,0.205869460073727,1.53861063780898,0.504436571061929,0,0.167534154654162,0.504436571061929,0.495563428938071,0.504436571061929,0.504436571061929,"all","log"
"6795",2,0.542862864224572,0.621948023112054,"Exp2","mixed","IP",0,0.621249215641512,0.0825739063237877,0.621034983046744,0.702664160304296,0,1.08377047473427,0.702664160304296,0.297335839695704,0.702664160304296,0.702664160304296,"all","log"
"6796",2,1.954332247557,1.91783762291379,"Exp2","mixed","IP",0,1.69868148938819,0.226520055154736,1.69679333633029,0.504436571061929,0,0.0691323476967357,0.504436571061929,0.495563428938071,0.504436571061929,0.504436571061929,"all","log"
"6797",2,0.7328,0.797899972290907,"Exp2","mixed","IP",0,0.679246646373376,0.0833558227787933,0.679164022967081,0.702664160304296,0,1.0688154347945,0.702664160304296,0.297335839695704,0.702664160304296,0.702664160304296,"all","log"
"6798",2,0.7328,0.597930699139397,"Exp2","mixed","IP",0,0.679246646373376,0.0833558227787933,0.679370986352428,0.702664160304296,0,1.06907341011209,0.702664160304296,0.297335839695704,0.702664160304296,0.702664160304296,"all","log"
"6799",2,0.663061306494331,0.645904390985379,"Exp2","mixed","IP",0,0.659312262450705,0.0828746553624921,0.659321903098715,0.702664160304296,0,1.07136007187456,0.702664160304296,0.297335839695704,0.702664160304296,0.702664160304296,"all","log"
"6800",2,1.31,1.46983021861524,"Exp2","mixed","IP",0,1.39322491414894,0.187478160423358,1.39431077621802,0.504436571061929,0,0.261479962607914,0.504436571061929,0.495563428938071,0.504436571061929,0.504436571061929,"all","log"
"6801",2,1.44778166151097,1.74990357740899,"Exp2","mixed","IP",0,1.46388579204061,0.196400743789333,1.46285146514744,0.504436571061929,0,0.209891855672035,0.504436571061929,0.495563428938071,0.504436571061929,0.504436571061929,"all","log"
"6802",2,1.76834346805288,1.73387772207207,"Exp2","mixed","IP",0,1.61641372618089,0.215902411741139,1.61476115842363,0.504436571061929,0,0.11547471135929,0.504436571061929,0.495563428938071,0.504436571061929,0.504436571061929,"all","log"
"6803",2,1.60005476290647,1.58178697461699,"Exp2","mixed","IP",0,1.5382170441121,0.205869460073727,1.5386811579653,0.504436571061929,0,0.159821314858081,0.504436571061929,0.495563428938071,0.504436571061929,0.504436571061929,"all","log"
"6804",2,0.7328,0.533964118010772,"Exp2","mixed","IP",0,0.679246646373376,0.0833558227787933,0.678813606300025,0.702664160304296,0,1.06721174068529,0.702664160304296,0.297335839695704,0.702664160304296,0.702664160304296,"all","log"
"6805",2,0.599959465297448,0.597914216112258,"Exp2","mixed","IP",0,0.639986192855623,0.0826114552539369,0.639901294942394,0.702664160304296,0,1.08047866286181,0.702664160304296,0.297335839695704,0.702664160304296,0.702664160304296,"all","log"
"6806",2,1.954332247557,1.63786316227561,"Exp2","mixed","IP",0,1.69868148938819,0.226520055154736,1.69800178187462,0.504436571061929,0,0.0700850882836147,0.504436571061929,0.495563428938071,0.504436571061929,0.504436571061929,"all","log"
"6807",2,0.7328,0.589934876497864,"Exp2","mixed","IP",0,0.679246646373376,0.0833558227787933,0.679022906359551,0.702664160304296,0,1.06913607388365,0.702664160304296,0.297335839695704,0.702664160304296,0.702664160304296,"all","log"
"6808",2,1.76834346805288,1.64585369790802,"Exp2","mixed","IP",0,1.61641372618089,0.215902411741139,1.61537624709433,0.504436571061929,0,0.116112077531628,0.504436571061929,0.495563428938071,0.504436571061929,0.504436571061929,"all","log"
"6809",2,1.60005476290647,1.8299025448905,"Exp2","mixed","IP",0,1.5382170441121,0.205869460073727,1.53871652601918,0.504436571061929,0,0.158867485634361,0.504436571061929,0.495563428938071,0.504436571061929,0.504436571061929,"all","log"
"6810",2,0.542862864224572,0.677913494593668,"Exp2","mixed","IP",0,0.621249215641512,0.0825739063237877,0.621519951170865,0.702664160304296,0,1.0810915911009,0.702664160304296,0.297335839695704,0.702664160304296,0.702664160304296,"all","log"
"6811",2,0.542862864224572,0.533909692920133,"Exp2","mixed","IP",0,0.621249215641512,0.0825739063237877,0.620449531472761,0.702664160304296,0,1.08178370624431,0.702664160304296,0.297335839695704,0.702664160304296,0.702664160304296,"all","log"
"6812",2,0.4912,0.613909593401331,"Exp2","mixed","IP",0,0.603082735834617,0.0827696486504005,0.602858404568079,0.702664160304296,0,1.07067307586003,0.702664160304296,0.297335839695704,0.702664160304296,0.702664160304296,"all","log"
"6813",2,0.663061306494331,0.597978593214066,"Exp2","mixed","IP",0,0.659312262450705,0.0828746553624921,0.660217326340599,0.702664160304296,0,1.07307788448891,0.702664160304296,0.297335839695704,0.702664160304296,0.702664160304296,"all","log"
"6814",2,0.599959465297448,0.581932522847637,"Exp2","mixed","IP",0,0.639986192855623,0.0826114552539369,0.639815660484134,0.702664160304296,0,1.0758897679074,0.702664160304296,0.297335839695704,0.702664160304296,0.702664160304296,"all","log"
"6815",2,0.599959465297448,0.685952546300541,"Exp2","mixed","IP",0,0.639986192855623,0.0826114552539369,0.640071068043468,0.702664160304296,0,1.07459099290238,0.702664160304296,0.297335839695704,0.702664160304296,0.702664160304296,"all","log"
"6816",2,1.954332247557,1.60571628544858,"Exp2","mixed","IP",0,1.69868148938819,0.226520055154736,1.7003239301493,0.504436571061929,0,0.0652774883968884,0.504436571061929,0.495563428938071,0.504436571061929,0.504436571061929,"all","log"
"6817",2,0.4912,0.541886544531735,"Exp2","mixed","IP",0,0.603082735834617,0.0827696486504005,0.602461449931126,0.702664160304296,0,1.08400631461923,0.702664160304296,0.297335839695704,0.702664160304296,0.702664160304296,"all","log"
"6818",2,0.542862864224572,0.789293033682043,"Exp2","mixed","IP",0,0.621249215641512,0.0825739063237877,0.620713698322456,0.702664160304296,0,1.0803178513085,0.702664160304296,0.297335839695704,0.702664160304296,0.702664160304296,"all","log"
"6819",2,1.31,1.11792600925401,"Exp2","mixed","IP",0,1.39322491414894,0.187478160423358,1.39294458632096,0.504436571061929,0,0.254460123853127,0.504436571061929,0.495563428938071,0.504436571061929,0.504436571061929,"all","log"
"6820",2,1.44778166151097,1.61377990619803,"Exp2","mixed","IP",0,1.46388579204061,0.196400743789333,1.46401045516195,0.504436571061929,0,0.207976283501472,0.504436571061929,0.495563428938071,0.504436571061929,0.504436571061929,"all","log"
"6821",2,1.954332247557,1.90186619266024,"Exp2","mixed","IP",0,1.69868148938819,0.226520055154736,1.69988528654451,0.504436571061929,0,0.0732786794385429,0.504436571061929,0.495563428938071,0.504436571061929,0.504436571061929,"all","log"
"6822",2,0.4912,0.653941887692781,"Exp2","mixed","IP",0,0.603082735834617,0.0827696486504005,0.603195284066177,0.702664160304296,0,1.07932473216209,0.702664160304296,0.297335839695704,0.702664160304296,0.702664160304296,"all","log"
"6823",2,0.599959465297448,0.589907197452703,"Exp2","mixed","IP",0,0.639986192855623,0.0826114552539369,0.639769878571109,0.702664160304296,0,1.07740717290645,0.702664160304296,0.297335839695704,0.702664160304296,0.702664160304296,"all","log"
"6824",2,1.76834346805288,1.51783127850285,"Exp2","mixed","IP",0,1.61641372618089,0.215902411741139,1.61500570695494,0.504436571061929,0,0.113757558422336,0.504436571061929,0.495563428938071,0.504436571061929,0.504436571061929,"all","log"
"6825",2,1.44778166151097,1.42991299450659,"Exp2","mixed","IP",0,1.46388579204061,0.196400743789333,1.46269085631653,0.504436571061929,0,0.210678065048328,0.504436571061929,0.495563428938071,0.504436571061929,0.504436571061929,"all","log"
"6826",2,1.954332247557,1.7898400835511,"Exp2","mixed","IP",0,1.69868148938819,0.226520055154736,1.69884482658331,0.504436571061929,0,0.0680497832681233,0.504436571061929,0.495563428938071,0.504436571061929,0.504436571061929,"all","log"
"6827",2,1.954332247557,1.82983039277315,"Exp2","mixed","IP",0,1.69868148938819,0.226520055154736,1.69915159503477,0.504436571061929,0,0.0678278079922547,0.504436571061929,0.495563428938071,0.504436571061929,0.504436571061929,"all","log"
"6828",2,1.60005476290647,1.70982432204255,"Exp2","mixed","IP",0,1.5382170441121,0.205869460073727,1.53784954952089,0.504436571061929,0,0.161724506374182,0.504436571061929,0.495563428938071,0.504436571061929,0.504436571061929,"all","log"
"6829",2,0.663061306494331,0.677901054576068,"Exp2","mixed","IP",0,0.659312262450705,0.0828746553624921,0.65894274892131,0.702664160304296,0,1.07153266078715,0.702664160304296,0.297335839695704,0.702664160304296,0.702664160304296,"all","log"
"6830",2,1.954332247557,1.64587515694075,"Exp2","mixed","IP",0,1.69868148938819,0.226520055154736,1.69679698371852,0.504436571061929,0,0.0702986200361373,0.504436571061929,0.495563428938071,0.504436571061929,0.504436571061929,"all","log"
"6831",2,1.44778166151097,1.33380482356006,"Exp2","mixed","IP",0,1.46388579204061,0.196400743789333,1.4641432656296,0.504436571061929,0,0.211544506934534,0.504436571061929,0.495563428938071,0.504436571061929,0.504436571061929,"all","log"
"6832",2,0.4912,0.661968188382161,"Exp2","mixed","IP",0,0.603082735834617,0.0827696486504005,0.603062010659623,0.702664160304296,0,1.07319018867786,0.702664160304296,0.297335839695704,0.702664160304296,0.702664160304296,"all","log"
"6833",2,0.7328,0.621923765073007,"Exp2","mixed","IP",0,0.679246646373376,0.0833558227787933,0.678621129020577,0.702664160304296,0,1.06978523843902,0.702664160304296,0.297335839695704,0.702664160304296,0.702664160304296,"all","log"
"6834",2,1.76834346805288,1.54182123443388,"Exp2","mixed","IP",0,1.61641372618089,0.215902411741139,1.61581485940424,0.504436571061929,0,0.113158874540244,0.504436571061929,0.495563428938071,0.504436571061929,0.504436571061929,"all","log"
"6835",2,1.44778166151097,1.51785429253869,"Exp2","mixed","IP",0,1.46388579204061,0.196400743789333,1.46439639415292,0.504436571061929,0,0.21058506846369,0.504436571061929,0.495563428938071,0.504436571061929,0.504436571061929,"all","log"
"6836",2,1.954332247557,1.54181159341533,"Exp2","mixed","IP",0,1.69868148938819,0.226520055154736,1.69963243001556,0.504436571061929,0,0.0699447928465367,0.504436571061929,0.495563428938071,0.504436571061929,0.504436571061929,"all","log"
"6837",2,1.31,1.02986653103289,"Exp2","mixed","IP",0,1.39322491414894,0.187478160423358,1.39292379924502,0.504436571061929,0,0.256946596057446,0.504436571061929,0.495563428938071,0.504436571061929,0.504436571061929,"all","log"
"6838",2,0.542862864224572,0.597926967137028,"Exp2","mixed","IP",0,0.621249215641512,0.0825739063237877,0.621870439961876,0.702664160304296,0,1.08036924646335,0.702664160304296,0.297335839695704,0.702664160304296,0.702664160304296,"all","log"
"6839",2,0.542862864224572,0.461967504183121,"Exp2","mixed","IP",0,0.621249215641512,0.0825739063237877,0.620892754170969,0.702664160304296,0,1.07765227612369,0.702664160304296,0.297335839695704,0.702664160304296,0.702664160304296,"all","log"
"6840",2,0.599959465297448,0.589922747480159,"Exp2","mixed","IP",0,0.639986192855623,0.0826114552539369,0.640322009748881,0.702664160304296,0,1.07986242645386,0.702664160304296,0.297335839695704,0.702664160304296,0.702664160304296,"all","log"
"6841",2,0.4912,0.653900835630338,"Exp2","mixed","IP",0,0.603082735834617,0.0827696486504005,0.603589531200483,0.702664160304296,0,1.07728970628788,0.702664160304296,0.297335839695704,0.702664160304296,0.702664160304296,"all","log"
"6842",2,1.31,1.39786066182933,"Exp2","mixed","IP",0,1.39322491414894,0.187478160423358,1.39334022706605,0.504436571061929,0,0.253868893874261,0.504436571061929,0.495563428938071,0.504436571061929,0.504436571061929,"all","log"
"6843",2,0.4912,0.557902447853849,"Exp2","mixed","IP",0,0.603082735834617,0.0827696486504005,0.602676154889778,0.702664160304296,0,1.07894890470297,0.702664160304296,0.297335839695704,0.702664160304296,0.702664160304296,"all","log"
"6844",2,1.44778166151097,1.50983576686122,"Exp2","mixed","IP",0,1.46388579204061,0.196400743789333,1.46386328666098,0.504436571061929,0,0.212295395422161,0.504436571061929,0.495563428938071,0.504436571061929,0.504436571061929,"all","log"
"6845",2,1.76834346805288,1.30985996270101,"Exp2","mixed","IP",0,1.61641372618089,0.215902411741139,1.61510049476949,0.504436571061929,0,0.11137175535292,0.504436571061929,0.495563428938071,0.504436571061929,0.504436571061929,"all","log"
"6846",2,1.60005476290647,1.34982414788101,"Exp2","mixed","IP",0,1.5382170441121,0.205869460073727,1.53728100745906,0.504436571061929,0,0.168769704058736,0.504436571061929,0.495563428938071,0.504436571061929,0.504436571061929,"all","log"
"6847",2,0.542862864224572,0.55791053386929,"Exp2","mixed","IP",0,0.621249215641512,0.0825739063237877,0.621361815038159,0.702664160304296,0,1.08051616999514,0.702664160304296,0.297335839695704,0.702664160304296,0.702664160304296,"all","log"
"6848",2,0.4912,0.597921369128017,"Exp2","mixed","IP",0,0.603082735834617,0.0827696486504005,0.603682891790291,0.702664160304296,0,1.07830748243237,0.702664160304296,0.297335839695704,0.702664160304296,0.702664160304296,"all","log"
"6849",2,0.663061306494331,0.613951889470627,"Exp2","mixed","IP",0,0.659312262450705,0.0828746553624921,0.658937122100027,0.702664160304296,0,1.06844099017059,0.702664160304296,0.297335839695704,0.702664160304296,0.702664160304296,"all","log"
"6850",2,1.60005476290647,1.68586982017223,"Exp2","mixed","IP",0,1.5382170441121,0.205869460073727,1.53869028303329,0.504436571061929,0,0.169087657692891,0.504436571061929,0.495563428938071,0.504436571061929,0.504436571061929,"all","log"
"6851",2,0.7328,0.725910822475271,"Exp2","mixed","IP",0,0.679246646373376,0.0833558227787933,0.679521911079074,0.702664160304296,0,1.06966241308236,0.702664160304296,0.297335839695704,0.702664160304296,0.702664160304296,"all","log"
"6852",2,0.599959465297448,0.621948023112054,"Exp2","mixed","IP",0,0.639986192855623,0.0826114552539369,0.640169608063103,0.702664160304296,0,1.07912767072438,0.702664160304296,0.297335839695704,0.702664160304296,0.702664160304296,"all","log"
"6853",2,0.663061306494331,0.693938105931011,"Exp2","mixed","IP",0,0.659312262450705,0.0828746553624921,0.659179426952587,0.702664160304296,0,1.07071737112455,0.702664160304296,0.297335839695704,0.702664160304296,0.702664160304296,"all","log"
"6854",3,1.44778166151097,1.14193149198036,"Exp2","mixed","IP",0,1.42725458908987,0.219777105470446,1.4270208245293,0.526276609610903,0,0.0983897502814549,0.526276609610903,0.473723390389097,0.526276609610903,0.526276609610903,"all","log"
"6855",3,0.7328,0.589921626925388,"Exp2","mixed","IP",0,0.63666596186933,0.0886558992304241,0.635733867331317,0.679483747119578,0,1.0041072008582,0.679483747119578,0.320516252880422,0.679483747119578,0.679483747119578,"all","log"
"6856",3,1.60005476290647,1.20581892087648,"Exp2","mixed","IP",0,1.49645109182465,0.230137236019058,1.49884257933364,0.526276609610903,0,0.0498406068219012,0.526276609610903,0.473723390389097,0.526276609610903,0.526276609610903,"all","log"
"6857",3,0.599959465297448,0.661793468288124,"Exp2","mixed","IP",0,0.597088211899394,0.0859453984434491,0.597529984858818,0.679483747119578,0,1.04023859149216,0.679483747119578,0.320516252880422,0.679483747119578,0.679483747119578,"all","log"
"6858",3,1.31,0.82196719527019,"Exp2","mixed","IP",0,1.36134434409373,0.209957648286271,1.36025986123126,0.526276609610903,0,0.141382881573341,0.526276609610903,0.473723390389097,0.526276609610903,0.526276609610903,"all","log"
"6859",3,1.954332247557,1.44585698779883,"Exp2","mixed","IP",0,1.64538548077309,0.252565688616842,1.64585272033007,0.526276609610903,0,-0.0399745214401738,0.526276609610903,0.473723390389097,0.526276609610903,0.526276609610903,"all","log"
"6860",3,1.76834346805288,1.53383418496651,"Exp2","mixed","IP",0,1.56910228947009,0.241059088064022,1.56938855698901,0.526276609610903,0,0.0119683930703683,0.526276609610903,0.473723390389097,0.526276609610903,0.526276609610903,"all","log"
"6861",3,1.60005476290647,1.45390080208017,"Exp2","mixed","IP",0,1.49645109182465,0.230137236019058,1.49646423853123,0.526276609610903,0,0.0542022024986517,0.526276609610903,0.473723390389097,0.526276609610903,0.526276609610903,"all","log"
"6862",3,0.542862864224572,0.717973589517896,"Exp2","mixed","IP",0,0.578270346823025,0.0849012311686889,0.578597225907671,0.679483747119578,0,1.05120734236736,0.679483747119578,0.320516252880422,0.679483747119578,0.679483747119578,"all","log"
"6863",3,0.7328,0.701962779009591,"Exp2","mixed","IP",0,0.63666596186933,0.0886558992304241,0.637087007447657,0.679483747119578,0,1.00997096985518,0.679483747119578,0.320516252880422,0.679483747119578,0.679483747119578,"all","log"
"6864",3,1.44778166151097,1.14197036751375,"Exp2","mixed","IP",0,1.42725458908987,0.219777105470446,1.42621859068448,0.526276609610903,0,0.0947453015359847,0.526276609610903,0.473723390389097,0.526276609610903,0.526276609610903,"all","log"
"6865",3,1.954332247557,1.75798273304281,"Exp2","mixed","IP",0,1.64538548077309,0.252565688616842,1.64489654840905,0.526276609610903,0,-0.0392331657443294,0.526276609610903,0.473723390389097,0.526276609610903,0.526276609610903,"all","log"
"6866",3,1.60005476290647,1.68586302128188,"Exp2","mixed","IP",0,1.49645109182465,0.230137236019058,1.4955541952747,0.526276609610903,0,0.0558371696099971,0.526276609610903,0.473723390389097,0.526276609610903,0.526276609610903,"all","log"
"6867",3,0.7328,0.829915220237126,"Exp2","mixed","IP",0,0.63666596186933,0.0886558992304241,0.637040201060974,0.679483747119578,0,1.0033789505406,0.679483747119578,0.320516252880422,0.679483747119578,0.679483747119578,"all","log"
"6868",3,1.954332247557,1.38984636389341,"Exp2","mixed","IP",0,1.64538548077309,0.252565688616842,1.64454982042584,0.526276609610903,0,-0.0367262092477146,0.526276609610903,0.473723390389097,0.526276609610903,0.526276609610903,"all","log"
"6869",3,0.4912,0.509935995321939,"Exp2","mixed","IP",0,0.560070444109032,0.0840734273579861,0.560825330860294,0.679483747119578,0,1.06215354445432,0.679483747119578,0.320516252880422,0.679483747119578,0.679483747119578,"all","log"
"6870",3,1.31,1.26989357434104,"Exp2","mixed","IP",0,1.36134434409373,0.209957648286271,1.35995130221776,0.526276609610903,0,0.141792145516539,0.526276609610903,0.473723390389097,0.526276609610903,0.526276609610903,"all","log"
"6871",3,0.599959465297448,0.5899872488244,"Exp2","mixed","IP",0,0.597088211899394,0.0859453984434491,0.597180997899653,0.679483747119578,0,1.03924199191999,0.679483747119578,0.320516252880422,0.679483747119578,0.679483747119578,"all","log"
"6872",3,0.4912,0.621965329244631,"Exp2","mixed","IP",0,0.560070444109032,0.0840734273579861,0.560453199667146,0.679483747119578,0,1.06316110143934,0.679483747119578,0.320516252880422,0.679483747119578,0.679483747119578,"all","log"
"6873",3,1.76834346805288,1.06191382693851,"Exp2","mixed","IP",0,1.56910228947009,0.241059088064022,1.56895292244975,0.526276609610903,0,0.00768411097757733,0.526276609610903,0.473723390389097,0.526276609610903,0.526276609610903,"all","log"
"6874",3,0.663061306494331,0.62188633416099,"Exp2","mixed","IP",0,0.616545872506637,0.087199135007765,0.6163145609417,0.679483747119578,0,1.02484855822658,0.679483747119578,0.320516252880422,0.679483747119578,0.679483747119578,"all","log"
"6875",3,1.954332247557,0.885905006856774,"Exp2","mixed","IP",0,1.64538548077309,0.252565688616842,1.64622145740764,0.526276609610903,0,-0.0403612965771695,0.526276609610903,0.473723390389097,0.526276609610903,0.526276609610903,"all","log"
"6876",3,0.599959465297448,0.558013833468976,"Exp2","mixed","IP",0,0.597088211899394,0.0859453984434491,0.597411636207754,0.679483747119578,0,1.03806154334558,0.679483747119578,0.320516252880422,0.679483747119578,0.679483747119578,"all","log"
"6877",3,1.76834346805288,1.41386740022153,"Exp2","mixed","IP",0,1.56910228947009,0.241059088064022,1.56866472479171,0.526276609610903,0,0.0058944714388992,0.526276609610903,0.473723390389097,0.526276609610903,0.526276609610903,"all","log"
"6878",3,1.44778166151097,1.52590606427202,"Exp2","mixed","IP",0,1.42725458908987,0.219777105470446,1.42746145649147,0.526276609610903,0,0.102415545484343,0.526276609610903,0.473723390389097,0.526276609610903,0.526276609610903,"all","log"
"6879",3,0.4912,0.685956633565183,"Exp2","mixed","IP",0,0.560070444109032,0.0840734273579861,0.559748953086533,0.679483747119578,0,1.06358638834515,0.679483747119578,0.320516252880422,0.679483747119578,0.679483747119578,"all","log"
"6880",3,1.60005476290647,1.16587975331095,"Exp2","mixed","IP",0,1.49645109182465,0.230137236019058,1.49556633315167,0.526276609610903,0,0.0557344491280284,0.526276609610903,0.473723390389097,0.526276609610903,0.526276609610903,"all","log"
"6881",3,0.4912,0.765952528308844,"Exp2","mixed","IP",0,0.560070444109032,0.0840734273579861,0.559416232152384,0.679483747119578,0,1.05597254420899,0.679483747119578,0.320516252880422,0.679483747119578,0.679483747119578,"all","log"
"6882",3,1.44778166151097,1.34184472179095,"Exp2","mixed","IP",0,1.42725458908987,0.219777105470446,1.42721880414698,0.526276609610903,0,0.0987216938594033,0.526276609610903,0.473723390389097,0.526276609610903,0.526276609610903,"all","log"
"6883",3,0.663061306494331,0.70991640205375,"Exp2","mixed","IP",0,0.616545872506637,0.087199135007765,0.616787748818523,0.679483747119578,0,1.01708683095218,0.679483747119578,0.320516252880422,0.679483747119578,0.679483747119578,"all","log"
"6884",3,0.599959465297448,0.877933967573881,"Exp2","mixed","IP",0,0.597088211899394,0.0859453984434491,0.596674918766891,0.679483747119578,0,1.03887267037147,0.679483747119578,0.320516252880422,0.679483747119578,0.679483747119578,"all","log"
"6885",3,1.76834346805288,1.5258989111735,"Exp2","mixed","IP",0,1.56910228947009,0.241059088064022,1.57020843136275,0.526276609610903,0,0.00903571126934535,0.526276609610903,0.473723390389097,0.526276609610903,0.526276609610903,"all","log"
"6886",3,0.542862864224572,0.565954705339209,"Exp2","mixed","IP",0,0.578270346823025,0.0849012311686889,0.577946742546404,0.679483747119578,0,1.0529759177824,0.679483747119578,0.320516252880422,0.679483747119578,0.679483747119578,"all","log"
"6887",3,0.542862864224572,0.653917596310748,"Exp2","mixed","IP",0,0.578270346823025,0.0849012311686889,0.577972049522991,0.679483747119578,0,1.05148864587018,0.679483747119578,0.320516252880422,0.679483747119578,0.679483747119578,"all","log"
"6888",3,0.663061306494331,0.645825576368225,"Exp2","mixed","IP",0,0.616545872506637,0.087199135007765,0.616292177675582,0.679483747119578,0,1.02107305347313,0.679483747119578,0.320516252880422,0.679483747119578,0.679483747119578,"all","log"
"6889",3,1.31,1.2619439943519,"Exp2","mixed","IP",0,1.36134434409373,0.209957648286271,1.3585969206437,0.526276609610903,0,0.141895825338604,0.526276609610903,0.473723390389097,0.526276609610903,0.526276609610903,"all","log"
"6890",3,1.954332247557,1.23791424990395,"Exp2","mixed","IP",0,1.64538548077309,0.252565688616842,1.64419602716518,0.526276609610903,0,-0.0389035958764089,0.526276609610903,0.473723390389097,0.526276609610903,0.526276609610903,"all","log"
"6891",3,1.44778166151097,1.59787400595269,"Exp2","mixed","IP",0,1.42725458908987,0.219777105470446,1.42614531834735,0.526276609610903,0,0.102266324516519,0.526276609610903,0.473723390389097,0.526276609610903,0.526276609610903,"all","log"
"6892",3,1.954332247557,1.48589940878082,"Exp2","mixed","IP",0,1.64538548077309,0.252565688616842,1.64618028833716,0.526276609610903,0,-0.0395738395845232,0.526276609610903,0.473723390389097,0.526276609610903,0.526276609610903,"all","log"
"6893",3,1.60005476290647,1.47791437430533,"Exp2","mixed","IP",0,1.49645109182465,0.230137236019058,1.49696626768977,0.526276609610903,0,0.0560688400414376,0.526276609610903,0.473723390389097,0.526276609610903,0.526276609610903,"all","log"
"6894",3,0.4912,0.549991789486739,"Exp2","mixed","IP",0,0.560070444109032,0.0840734273579861,0.560233654832544,0.679483747119578,0,1.06194485261262,0.679483747119578,0.320516252880422,0.679483747119578,0.679483747119578,"all","log"
"6895",3,1.76834346805288,0.885994265081536,"Exp2","mixed","IP",0,1.56910228947009,0.241059088064022,1.56952768291232,0.526276609610903,0,0.00684660984276685,0.526276609610903,0.473723390389097,0.526276609610903,0.526276609610903,"all","log"
"6896",3,1.954332247557,1.55781479074085,"Exp2","mixed","IP",0,1.64538548077309,0.252565688616842,1.64553001593584,0.526276609610903,0,-0.0440786595477017,0.526276609610903,0.473723390389097,0.526276609610903,0.526276609610903,"all","log"
"6897",3,0.663061306494331,0.717894283430724,"Exp2","mixed","IP",0,0.616545872506637,0.087199135007765,0.616245973886207,0.679483747119578,0,1.02580111617131,0.679483747119578,0.320516252880422,0.679483747119578,0.679483747119578,"all","log"
"6898",3,0.7328,0.717867226059752,"Exp2","mixed","IP",0,0.63666596186933,0.0886558992304241,0.637094222482055,0.679483747119578,0,1.00715257275329,0.679483747119578,0.320516252880422,0.679483747119578,0.679483747119578,"all","log"
"6899",3,0.599959465297448,0.7498782729308,"Exp2","mixed","IP",0,0.597088211899394,0.0859453984434491,0.597384114491559,0.679483747119578,0,1.03431703753308,0.679483747119578,0.320516252880422,0.679483747119578,0.679483747119578,"all","log"
"6900",3,1.60005476290647,1.49387138107613,"Exp2","mixed","IP",0,1.49645109182465,0.230137236019058,1.49714261160438,0.526276609610903,0,0.0550143285763031,0.526276609610903,0.473723390389097,0.526276609610903,0.526276609610903,"all","log"
"6901",3,1.44778166151097,1.18993468910503,"Exp2","mixed","IP",0,1.42725458908987,0.219777105470446,1.4258303860121,0.526276609610903,0,0.0992565582026792,0.526276609610903,0.473723390389097,0.526276609610903,0.526276609610903,"all","log"
"6902",3,1.31,1.18189367386276,"Exp2","mixed","IP",0,1.36134434409373,0.209957648286271,1.3639759411234,0.526276609610903,0,0.142909868646279,0.526276609610903,0.473723390389097,0.526276609610903,0.526276609610903,"all","log"
"6903",3,0.7328,0.661909161874974,"Exp2","mixed","IP",0,0.63666596186933,0.0886558992304241,0.636760998904978,0.679483747119578,0,1.00565356594478,0.679483747119578,0.320516252880422,0.679483747119578,0.679483747119578,"all","log"
"6904",3,1.76834346805288,1.40596136083059,"Exp2","mixed","IP",0,1.56910228947009,0.241059088064022,1.56887608133192,0.526276609610903,0,0.00439648051363851,0.526276609610903,0.473723390389097,0.526276609610903,0.526276609610903,"all","log"
"6905",3,0.599959465297448,0.597927498685749,"Exp2","mixed","IP",0,0.597088211899394,0.0859453984434491,0.597468192914611,0.679483747119578,0,1.03586700167062,0.679483747119578,0.320516252880422,0.679483747119578,0.679483747119578,"all","log"
"6906",3,1.76834346805288,1.18186164042254,"Exp2","mixed","IP",0,1.56910228947009,0.241059088064022,1.56988140043176,0.526276609610903,0,0.0019419618038234,0.526276609610903,0.473723390389097,0.526276609610903,0.526276609610903,"all","log"
"6907",3,1.60005476290647,1.35789316381488,"Exp2","mixed","IP",0,1.49645109182465,0.230137236019058,1.49688650219766,0.526276609610903,0,0.0561920615660728,0.526276609610903,0.473723390389097,0.526276609610903,0.526276609610903,"all","log"
"6908",3,0.599959465297448,0.669974435449149,"Exp2","mixed","IP",0,0.597088211899394,0.0859453984434491,0.597041399732259,0.679483747119578,0,1.03715971920626,0.679483747119578,0.320516252880422,0.679483747119578,0.679483747119578,"all","log"
"6909",3,0.4912,0.717980431611977,"Exp2","mixed","IP",0,0.560070444109032,0.0840734273579861,0.560608309329295,0.679483747119578,0,1.06566367804931,0.679483747119578,0.320516252880422,0.679483747119578,0.679483747119578,"all","log"
"6910",3,0.542862864224572,0.525847906475065,"Exp2","mixed","IP",0,0.578270346823025,0.0849012311686889,0.577182030310668,0.679483747119578,0,1.04898743827023,0.679483747119578,0.320516252880422,0.679483747119578,0.679483747119578,"all","log"
"6911",3,0.663061306494331,0.597931230736322,"Exp2","mixed","IP",0,0.616545872506637,0.087199135007765,0.617089478170635,0.679483747119578,0,1.02126570395588,0.679483747119578,0.320516252880422,0.679483747119578,0.679483747119578,"all","log"
"6912",3,1.31,0.957910891057509,"Exp2","mixed","IP",0,1.36134434409373,0.209957648286271,1.36056014975725,0.526276609610903,0,0.14301506030112,0.526276609610903,0.473723390389097,0.526276609610903,0.526276609610903,"all","log"
"6913",3,0.7328,0.701941630719375,"Exp2","mixed","IP",0,0.63666596186933,0.0886558992304241,0.637133713652457,0.679483747119578,0,1.01070817168395,0.679483747119578,0.320516252880422,0.679483747119578,0.679483747119578,"all","log"
"6914",3,1.31,1.1178883743496,"Exp2","mixed","IP",0,1.36134434409373,0.209957648286271,1.3609179241548,0.526276609610903,0,0.144234415435808,0.526276609610903,0.473723390389097,0.526276609610903,0.526276609610903,"all","log"
"6915",3,0.542862864224572,0.717944044112301,"Exp2","mixed","IP",0,0.578270346823025,0.0849012311686889,0.579270359147956,0.679483747119578,0,1.04759250306031,0.679483747119578,0.320516252880422,0.679483747119578,0.679483747119578,"all","log"
"6916",3,0.4912,0.6378878145415,"Exp2","mixed","IP",0,0.560070444109032,0.0840734273579861,0.55944887645871,0.679483747119578,0,1.06254969412013,0.679483747119578,0.320516252880422,0.679483747119578,0.679483747119578,"all","log"
"6917",3,0.542862864224572,0.565924226921197,"Exp2","mixed","IP",0,0.578270346823025,0.0849012311686889,0.578684055247386,0.679483747119578,0,1.04924803449581,0.679483747119578,0.320516252880422,0.679483747119578,0.679483747119578,"all","log"
"6918",3,0.663061306494331,0.685921801087716,"Exp2","mixed","IP",0,0.616545872506637,0.087199135007765,0.616619813735475,0.679483747119578,0,1.02338346759366,0.679483747119578,0.320516252880422,0.679483747119578,0.679483747119578,"all","log"
"6919",3,0.7328,1.03794099627066,"Exp2","mixed","IP",0,0.63666596186933,0.0886558992304241,0.636181228648342,0.679483747119578,0,1.00421585451957,0.679483747119578,0.320516252880422,0.679483747119578,0.679483747119578,"all","log"
"6920",3,1.31,0.869921564723882,"Exp2","mixed","IP",0,1.36134434409373,0.209957648286271,1.36084870492772,0.526276609610903,0,0.143312023187333,0.526276609610903,0.473723390389097,0.526276609610903,0.526276609610903,"all","log"
"6921",3,1.44778166151097,1.55788632172153,"Exp2","mixed","IP",0,1.42725458908987,0.219777105470446,1.42732181867831,0.526276609610903,0,0.0896227274433712,0.526276609610903,0.473723390389097,0.526276609610903,0.526276609610903,"all","log"
"6922",3,1.954332247557,1.2218524346963,"Exp2","mixed","IP",0,1.64538548077309,0.252565688616842,1.64571547282189,0.526276609610903,0,-0.0413552854950009,0.526276609610903,0.473723390389097,0.526276609610903,0.526276609610903,"all","log"
"6923",3,0.599959465297448,0.557884455695785,"Exp2","mixed","IP",0,0.597088211899394,0.0859453984434491,0.597126895195313,0.679483747119578,0,1.04074771460698,0.679483747119578,0.320516252880422,0.679483747119578,0.679483747119578,"all","log"
"6924",3,0.4912,0.637913627895614,"Exp2","mixed","IP",0,0.560070444109032,0.0840734273579861,0.560311203345261,0.679483747119578,0,1.06254990404526,0.679483747119578,0.320516252880422,0.679483747119578,0.679483747119578,"all","log"
"6925",3,1.954332247557,1.70190275518689,"Exp2","mixed","IP",0,1.64538548077309,0.252565688616842,1.64589412440055,0.526276609610903,0,-0.0415196482330033,0.526276609610903,0.473723390389097,0.526276609610903,0.526276609610903,"all","log"
"6926",3,1.31,0.749877339918385,"Exp2","mixed","IP",0,1.36134434409373,0.209957648286271,1.36132054972701,0.526276609610903,0,0.141777310916311,0.526276609610903,0.473723390389097,0.526276609610903,0.526276609610903,"all","log"
"6927",3,0.599959465297448,0.589936244125056,"Exp2","mixed","IP",0,0.597088211899394,0.0859453984434491,0.59778124051977,0.679483747119578,0,1.04197038666374,0.679483747119578,0.320516252880422,0.679483747119578,0.679483747119578,"all","log"
"6928",3,0.663061306494331,0.525922236493898,"Exp2","mixed","IP",0,0.616545872506637,0.087199135007765,0.616087824806809,0.679483747119578,0,1.02539990916321,0.679483747119578,0.320516252880422,0.679483747119578,0.679483747119578,"all","log"
"6929",3,1.76834346805288,0.773951246971592,"Exp2","mixed","IP",0,1.56910228947009,0.241059088064022,1.57015043084238,0.526276609610903,0,-0.000841945379716761,0.526276609610903,0.473723390389097,0.526276609610903,0.526276609610903,"all","log"
"6930",3,0.599959465297448,0.469930583848509,"Exp2","mixed","IP",0,0.597088211899394,0.0859453984434491,0.597627032040606,0.679483747119578,0,1.04126662132149,0.679483747119578,0.320516252880422,0.679483747119578,0.679483747119578,"all","log"
"6931",3,1.44778166151097,0.957892230801917,"Exp2","mixed","IP",0,1.42725458908987,0.219777105470446,1.42903146500479,0.526276609610903,0,0.0999141374111852,0.526276609610903,0.473723390389097,0.526276609610903,0.526276609610903,"all","log"
"6932",3,0.542862864224572,0.525978217261581,"Exp2","mixed","IP",0,0.578270346823025,0.0849012311686889,0.578381694039795,0.679483747119578,0,1.0506706514625,0.679483747119578,0.320516252880422,0.679483747119578,0.679483747119578,"all","log"
"6933",3,0.663061306494331,0.693905280541003,"Exp2","mixed","IP",0,0.616545872506637,0.087199135007765,0.617224718807482,0.679483747119578,0,1.01973490284027,0.679483747119578,0.320516252880422,0.679483747119578,0.679483747119578,"all","log"
"6934",3,1.31,1.18990141164795,"Exp2","mixed","IP",0,1.36134434409373,0.209957648286271,1.36075380789644,0.526276609610903,0,0.144692376477633,0.526276609610903,0.473723390389097,0.526276609610903,0.526276609610903,"all","log"
"6935",3,0.7328,0.685918069037143,"Exp2","mixed","IP",0,0.63666596186933,0.0886558992304241,0.636859932362114,0.679483747119578,0,1.00803865436327,0.679483747119578,0.320516252880422,0.679483747119578,0.679483747119578,"all","log"
"6936",3,0.7328,0.997870584905286,"Exp2","mixed","IP",0,0.63666596186933,0.0886558992304241,0.636821796721358,0.679483747119578,0,1.00698062550347,0.679483747119578,0.320516252880422,0.679483747119578,0.679483747119578,"all","log"
"6937",3,1.954332247557,1.82983778017569,"Exp2","mixed","IP",0,1.64538548077309,0.252565688616842,1.64518647379876,0.526276609610903,0,-0.0373458411249718,0.526276609610903,0.473723390389097,0.526276609610903,0.526276609610903,"all","log"
"6938",3,1.60005476290647,1.66183545386411,"Exp2","mixed","IP",0,1.49645109182465,0.230137236019058,1.49662582175724,0.526276609610903,0,0.0532552446132045,0.526276609610903,0.473723390389097,0.526276609610903,0.526276609610903,"all","log"
"6939",3,1.44778166151097,1.13390913699368,"Exp2","mixed","IP",0,1.42725458908987,0.219777105470446,1.42716453049925,0.526276609610903,0,0.0999716962132591,0.526276609610903,0.473723390389097,0.526276609610903,0.526276609610903,"all","log"
"6940",3,1.76834346805288,1.70993879435991,"Exp2","mixed","IP",0,1.56910228947009,0.241059088064022,1.56794583742621,0.526276609610903,0,0.00341667860740657,0.526276609610903,0.473723390389097,0.526276609610903,0.526276609610903,"all","log"
"6941",3,1.60005476290647,1.61386615620449,"Exp2","mixed","IP",0,1.49645109182465,0.230137236019058,1.49661571944484,0.526276609610903,0,0.0566538827271021,0.526276609610903,0.473723390389097,0.526276609610903,0.526276609610903,"all","log"
"6942",3,1.31,1.30191768339137,"Exp2","mixed","IP",0,1.36134434409373,0.209957648286271,1.36136974709453,0.526276609610903,0,0.14270062428979,0.526276609610903,0.473723390389097,0.526276609610903,0.526276609610903,"all","log"
"6943",3,0.4912,0.75794945558664,"Exp2","mixed","IP",0,0.560070444109032,0.0840734273579861,0.560122340452413,0.679483747119578,0,1.05682787268857,0.679483747119578,0.320516252880422,0.679483747119578,0.679483747119578,"all","log"
"6944",3,0.7328,0.597952690031889,"Exp2","mixed","IP",0,0.63666596186933,0.0886558992304241,0.636895383567895,0.679483747119578,0,1.01021091417689,0.679483747119578,0.320516252880422,0.679483747119578,0.679483747119578,"all","log"
"6945",3,1.76834346805288,1.0059641598682,"Exp2","mixed","IP",0,1.56910228947009,0.241059088064022,1.56943718237956,0.526276609610903,0,0.00510114306166544,0.526276609610903,0.473723390389097,0.526276609610903,0.526276609610903,"all","log"
"6946",3,1.44778166151097,1.57385079259348,"Exp2","mixed","IP",0,1.42725458908987,0.219777105470446,1.42829564156689,0.526276609610903,0,0.0990603723043258,0.526276609610903,0.473723390389097,0.526276609610903,0.526276609610903,"all","log"
"6947",3,0.542862864224572,0.661888635593641,"Exp2","mixed","IP",0,0.578270346823025,0.0849012311686889,0.577469040785643,0.679483747119578,0,1.05056910745442,0.679483747119578,0.320516252880422,0.679483747119578,0.679483747119578,"all","log"
"6948",3,0.663061306494331,0.66987398107176,"Exp2","mixed","IP",0,0.616545872506637,0.087199135007765,0.616696424281934,0.679483747119578,0,1.01823508691863,0.679483747119578,0.320516252880422,0.679483747119578,0.679483747119578,"all","log"
"6949",3,0.542862864224572,0.453934701544313,"Exp2","mixed","IP",0,0.578270346823025,0.0849012311686889,0.578518310630341,0.679483747119578,0,1.05462801997318,0.679483747119578,0.320516252880422,0.679483747119578,0.679483747119578,"all","log"
"6950",3,1.60005476290647,1.15787201552484,"Exp2","mixed","IP",0,1.49645109182465,0.230137236019058,1.49605838891889,0.526276609610903,0,0.052972896864283,0.526276609610903,0.473723390389097,0.526276609610903,0.526276609610903,"all","log"
"6951",3,0.4912,0.605937413501124,"Exp2","mixed","IP",0,0.560070444109032,0.0840734273579861,0.559644348144918,0.679483747119578,0,1.0555204507152,0.679483747119578,0.320516252880422,0.679483747119578,0.679483747119578,"all","log"
"6952",3,0.663061306494331,0.645976413436074,"Exp2","mixed","IP",0,0.616545872506637,0.087199135007765,0.616302291660264,0.679483747119578,0,1.02253507885402,0.679483747119578,0.320516252880422,0.679483747119578,0.679483747119578,"all","log"
"6953",3,0.542862864224572,0.773919835540255,"Exp2","mixed","IP",0,0.578270346823025,0.0849012311686889,0.577816002754714,0.679483747119578,0,1.04963626529,0.679483747119578,0.320516252880422,0.679483747119578,0.679483747119578,"all","log"
"6954",3,1.60005476290647,1.64591701162226,"Exp2","mixed","IP",0,1.49645109182465,0.230137236019058,1.49696242456759,0.526276609610903,0,0.0515364009748344,0.526276609610903,0.473723390389097,0.526276609610903,0.526276609610903,"all","log"
"6955",3,1.44778166151097,1.477904733174,"Exp2","mixed","IP",0,1.42725458908987,0.219777105470446,1.42559166717875,0.526276609610903,0,0.0947722179370871,0.526276609610903,0.473723390389097,0.526276609610903,0.526276609610903,"all","log"
"6956",3,1.76834346805288,1.63792482404915,"Exp2","mixed","IP",0,1.56910228947009,0.241059088064022,1.57061328185773,0.526276609610903,0,0.00235890718629261,0.526276609610903,0.473723390389097,0.526276609610903,0.526276609610903,"all","log"
"6957",3,0.4912,0.597937139817986,"Exp2","mixed","IP",0,0.560070444109032,0.0840734273579861,0.560145701462889,0.679483747119578,0,1.06216128981683,0.679483747119578,0.320516252880422,0.679483747119578,0.679483747119578,"all","log"
"6958",3,1.76834346805288,1.13386901744343,"Exp2","mixed","IP",0,1.56910228947009,0.241059088064022,1.57263506220619,0.526276609610903,0,-0.00189383441905814,0.526276609610903,0.473723390389097,0.526276609610903,0.526276609610903,"all","log"
"6959",3,0.663061306494331,0.549891024105818,"Exp2","mixed","IP",0,0.616545872506637,0.087199135007765,0.616923973496925,0.679483747119578,0,1.01926684425604,0.679483747119578,0.320516252880422,0.679483747119578,0.679483747119578,"all","log"
"6960",3,1.60005476290647,0.989867512183082,"Exp2","mixed","IP",0,1.49645109182465,0.230137236019058,1.49772682969704,0.526276609610903,0,0.0557414979976001,0.526276609610903,0.473723390389097,0.526276609610903,0.526276609610903,"all","log"
"6961",3,0.4912,0.621888511191173,"Exp2","mixed","IP",0,0.560070444109032,0.0840734273579861,0.560749433666698,0.679483747119578,0,1.06662286255466,0.679483747119578,0.320516252880422,0.679483747119578,0.679483747119578,"all","log"
"6962",3,0.542862864224572,0.677917795353096,"Exp2","mixed","IP",0,0.578270346823025,0.0849012311686889,0.57819743584443,0.679483747119578,0,1.04952342627039,0.679483747119578,0.320516252880422,0.679483747119578,0.679483747119578,"all","log"
"6963",3,0.7328,0.661929066146513,"Exp2","mixed","IP",0,0.63666596186933,0.0886558992304241,0.636301842601286,0.679483747119578,0,1.00842492243223,0.679483747119578,0.320516252880422,0.679483747119578,0.679483747119578,"all","log"
"6964",3,1.60005476290647,1.34990875134918,"Exp2","mixed","IP",0,1.49645109182465,0.230137236019058,1.4958502766343,0.526276609610903,0,0.0549884889288667,0.526276609610903,0.473723390389097,0.526276609610903,0.526276609610903,"all","log"
"6965",3,0.7328,0.589970765598991,"Exp2","mixed","IP",0,0.63666596186933,0.0886558992304241,0.63603804871484,0.679483747119578,0,1.00211710293558,0.679483747119578,0.320516252880422,0.679483747119578,0.679483747119578,"all","log"
"6966",3,1.31,1.09397774453464,"Exp2","mixed","IP",0,1.36134434409373,0.209957648286271,1.36101343289073,0.526276609610903,0,0.142450994957909,0.526276609610903,0.473723390389097,0.526276609610903,0.526276609610903,"all","log"
"6967",3,1.44778166151097,0.941945176168701,"Exp2","mixed","IP",0,1.42725458908987,0.219777105470446,1.42918825158371,0.526276609610903,0,0.0963850465877105,0.526276609610903,0.473723390389097,0.526276609610903,0.526276609610903,"all","log"
"6968",3,1.954332247557,1.3578863217208,"Exp2","mixed","IP",0,1.64538548077309,0.252565688616842,1.64387960285347,0.526276609610903,0,-0.0407201178096353,0.526276609610903,0.473723390389097,0.526276609610903,0.526276609610903,"all","log"
"6969",3,0.663061306494331,0.741915319758846,"Exp2","mixed","IP",0,0.616545872506637,0.087199135007765,0.616735989045733,0.679483747119578,0,1.02617091250718,0.679483747119578,0.320516252880422,0.679483747119578,0.679483747119578,"all","log"
"6970",3,0.542862864224572,0.677955737873162,"Exp2","mixed","IP",0,0.578270346823025,0.0849012311686889,0.578683139797701,0.679483747119578,0,1.05171087499016,0.679483747119578,0.320516252880422,0.679483747119578,0.679483747119578,"all","log"
"6971",3,0.599959465297448,0.813962878530219,"Exp2","mixed","IP",0,0.597088211899394,0.0859453984434491,0.596478052573602,0.679483747119578,0,1.03843301043131,0.679483747119578,0.320516252880422,0.679483747119578,0.679483747119578,"all","log"
"6972",3,1.954332247557,1.67784937441411,"Exp2","mixed","IP",0,1.64538548077309,0.252565688616842,1.6434545223201,0.526276609610903,0,-0.0461748188090329,0.526276609610903,0.473723390389097,0.526276609610903,0.526276609610903,"all","log"
"6973",3,0.542862864224572,0.653944342677278,"Exp2","mixed","IP",0,0.578270346823025,0.0849012311686889,0.578959263654369,0.679483747119578,0,1.04621956089552,0.679483747119578,0.320516252880422,0.679483747119578,0.679483747119578,"all","log"
"6974",3,0.599959465297448,0.501924836489707,"Exp2","mixed","IP",0,0.597088211899394,0.0859453984434491,0.597038716453124,0.679483747119578,0,1.03758457434565,0.679483747119578,0.320516252880422,0.679483747119578,0.679483747119578,"all","log"
"6975",3,0.7328,0.646014977965024,"Exp2","mixed","IP",0,0.63666596186933,0.0886558992304241,0.636760388404599,0.679483747119578,0,1.00394628593472,0.679483747119578,0.320516252880422,0.679483747119578,0.679483747119578,"all","log"
"6976",3,1.954332247557,1.66990943555811,"Exp2","mixed","IP",0,1.64538548077309,0.252565688616842,1.64366547860075,0.526276609610903,0,-0.0403794409902973,0.526276609610903,0.473723390389097,0.526276609610903,0.526276609610903,"all","log"
"6977",3,1.31,1.54989226812268,"Exp2","mixed","IP",0,1.36134434409373,0.209957648286271,1.36055000457247,0.526276609610903,0,0.14993033371205,0.526276609610903,0.473723390389097,0.526276609610903,0.526276609610903,"all","log"
"6978",3,1.44778166151097,1.46990601451125,"Exp2","mixed","IP",0,1.42725458908987,0.219777105470446,1.42791146382673,0.526276609610903,0,0.0980873307606244,0.526276609610903,0.473723390389097,0.526276609610903,0.526276609610903,"all","log"
"6979",3,1.60005476290647,1.40592870538239,"Exp2","mixed","IP",0,1.49645109182465,0.230137236019058,1.49531026890774,0.526276609610903,0,0.0540493657786568,0.526276609610903,0.473723390389097,0.526276609610903,0.526276609610903,"all","log"
"6980",3,0.542862864224572,0.47803379994366,"Exp2","mixed","IP",0,0.578270346823025,0.0849012311686889,0.578532590567956,0.679483747119578,0,1.04786907417251,0.679483747119578,0.320516252880422,0.679483747119578,0.679483747119578,"all","log"
"6981",3,0.4912,0.509893698742417,"Exp2","mixed","IP",0,0.560070444109032,0.0840734273579861,0.560143243857123,0.679483747119578,0,1.05953398276851,0.679483747119578,0.320516252880422,0.679483747119578,0.679483747119578,"all","log"
"6982",3,0.663061306494331,0.629918019275465,"Exp2","mixed","IP",0,0.616545872506637,0.087199135007765,0.615860591902041,0.679483747119578,0,1.01612682633173,0.679483747119578,0.320516252880422,0.679483747119578,0.679483747119578,"all","log"
"6983",3,0.7328,0.589922248934272,"Exp2","mixed","IP",0,0.63666596186933,0.0886558992304241,0.637314333297565,0.679483747119578,0,1.0036899485693,0.679483747119578,0.320516252880422,0.679483747119578,0.679483747119578,"all","log"
"6984",3,0.599959465297448,0.686033762622174,"Exp2","mixed","IP",0,0.597088211899394,0.0859453984434491,0.597434775214215,0.679483747119578,0,1.03867079934889,0.679483747119578,0.320516252880422,0.679483747119578,0.679483747119578,"all","log"
"6985",3,1.954332247557,1.27790442216883,"Exp2","mixed","IP",0,1.64538548077309,0.252565688616842,1.64582047517252,0.526276609610903,0,-0.0427734570535948,0.526276609610903,0.473723390389097,0.526276609610903,0.526276609610903,"all","log"
"6986",3,0.599959465297448,0.621912769523988,"Exp2","mixed","IP",0,0.597088211899394,0.0859453984434491,0.597487519302231,0.679483747119578,0,1.03924996133558,0.679483747119578,0.320516252880422,0.679483747119578,0.679483747119578,"all","log"
"6987",3,1.44778166151097,1.54984126342424,"Exp2","mixed","IP",0,1.42725458908987,0.219777105470446,1.42630355373654,0.526276609610903,0,0.0966718136152864,0.526276609610903,0.473723390389097,0.526276609610903,0.526276609610903,"all","log"
"6988",4,0.7328,0.805881432734168,"Exp2","mixed","IP",0,0.638042213726694,0.0985748594787465,0.637570543962338,0.586325789131451,0,0.897428026714825,0.586325789131451,0.413674210868549,0.586325789131451,0.586325789131451,"all","log"
"6989",4,0.7328,0.685951657496844,"Exp2","mixed","IP",0,0.638042213726694,0.0985748594787465,0.637727725280159,0.586325789131451,0,0.902304289940221,0.586325789131451,0.413674210868549,0.586325789131451,0.586325789131451,"all","log"
"6990",4,0.542862864224572,0.693862672957039,"Exp2","mixed","IP",0,0.563510522292467,0.104960547942401,0.563988551247733,0.586325789131451,0,0.84058736860833,0.586325789131451,0.413674210868549,0.586325789131451,0.586325789131451,"all","log"
"6991",4,1.31,1.37397768233404,"Exp2","mixed","IP",0,1.45023457880266,0.16688181277683,1.45127574389055,0.434847434480661,0,0.370717948804313,0.434847434480661,0.565152565519339,0.434847434480661,0.434847434480661,"all","log"
"6992",4,0.4912,0.749936430728212,"Exp2","mixed","IP",0,0.540738639787011,0.107906188552947,0.540816907238284,0.586325789131451,0,0.813732629283992,0.586325789131451,0.413674210868549,0.586325789131451,0.586325789131451,"all","log"
"6993",4,1.954332247557,1.90984642609419,"Exp2","mixed","IP",0,1.81810252592637,0.201476762413228,1.81824921277502,0.434847434480661,0,0.184055903477509,0.434847434480661,0.565152565519339,0.434847434480661,0.434847434480661,"all","log"
"6994",4,1.60005476290647,1.62196968330454,"Exp2","mixed","IP",0,1.62362021188516,0.182690416701905,1.62310858694102,0.434847434480661,0,0.285562584071652,0.434847434480661,0.565152565519339,0.434847434480661,0.434847434480661,"all","log"
"6995",4,1.60005476290647,1.68591464798919,"Exp2","mixed","IP",0,1.62362021188516,0.182690416701905,1.62336168255409,0.434847434480661,0,0.286595806019971,0.434847434480661,0.565152565519339,0.434847434480661,0.434847434480661,"all","log"
"6996",4,1.76834346805288,1.97403117506747,"Exp2","mixed","IP",0,1.71806836300691,0.191705753083007,1.71871323384548,0.434847434480661,0,0.228586839667759,0.434847434480661,0.565152565519339,0.434847434480661,0.434847434480661,"all","log"
"6997",4,0.542862864224572,0.581977334009025,"Exp2","mixed","IP",0,0.563510522292467,0.104960547942401,0.564251189322657,0.586325789131451,0,0.840451094697645,0.586325789131451,0.413674210868549,0.586325789131451,0.586325789131451,"all","log"
"6998",4,1.954332247557,1.86199997511949,"Exp2","mixed","IP",0,1.81810252592637,0.201476762413228,1.81796031867186,0.434847434480661,0,0.186353466730358,0.434847434480661,0.565152565519339,0.434847434480661,0.434847434480661,"all","log"
"6999",4,0.4912,0.49392549581853,"Exp2","mixed","IP",0,0.540738639787011,0.107906188552947,0.541317132685233,0.586325789131451,0,0.811729208289661,0.586325789131451,0.413674210868549,0.586325789131451,0.586325789131451,"all","log"
"7000",4,1.954332247557,1.82983342611624,"Exp2","mixed","IP",0,1.81810252592637,0.201476762413228,1.81760495807562,0.434847434480661,0,0.182416871502271,0.434847434480661,0.565152565519339,0.434847434480661,0.434847434480661,"all","log"
"7001",4,0.663061306494331,0.533897629836247,"Exp2","mixed","IP",0,0.612114998467425,0.100294769952846,0.61177142973998,0.586325789131451,0,0.880884346823513,0.586325789131451,0.413674210868549,0.586325789131451,0.586325789131451,"all","log"
"7002",4,1.31,1.30995185653956,"Exp2","mixed","IP",0,1.45023457880266,0.16688181277683,1.45075545456232,0.434847434480661,0,0.371756602927229,0.434847434480661,0.565152565519339,0.434847434480661,0.434847434480661,"all","log"
"7003",4,1.76834346805288,1.67786647964931,"Exp2","mixed","IP",0,1.71806836300691,0.191705753083007,1.71785724700393,0.434847434480661,0,0.236158196749098,0.434847434480661,0.565152565519339,0.434847434480661,0.434847434480661,"all","log"
"7004",4,0.4912,0.629923306348246,"Exp2","mixed","IP",0,0.540738639787011,0.107906188552947,0.541709576311578,0.586325789131451,0,0.812246200288968,0.586325789131451,0.413674210868549,0.586325789131451,0.586325789131451,"all","log"
"7005",4,1.44778166151097,1.57400753874299,"Exp2","mixed","IP",0,1.53444168968241,0.174418544087964,1.53351297936271,0.434847434480661,0,0.324393462893467,0.434847434480661,0.565152565519339,0.434847434480661,0.434847434480661,"all","log"
"7006",4,1.44778166151097,1.61402756741791,"Exp2","mixed","IP",0,1.53444168968241,0.174418544087964,1.53452444743551,0.434847434480661,0,0.325499046010116,0.434847434480661,0.565152565519339,0.434847434480661,0.434847434480661,"all","log"
"7007",4,1.44778166151097,1.62189410926794,"Exp2","mixed","IP",0,1.53444168968241,0.174418544087964,1.53430792965329,0.434847434480661,0,0.325082844906187,0.434847434480661,0.565152565519339,0.434847434480661,0.434847434480661,"all","log"
"7008",4,1.44778166151097,1.63790834082329,"Exp2","mixed","IP",0,1.53444168968241,0.174418544087964,1.53375133499802,0.434847434480661,0,0.335067321797778,0.434847434480661,0.565152565519339,0.434847434480661,0.434847434480661,"all","log"
"7009",4,1.31,1.40586619352553,"Exp2","mixed","IP",0,1.45023457880266,0.16688181277683,1.45085712508038,0.434847434480661,0,0.371732502629459,0.434847434480661,0.565152565519339,0.434847434480661,0.434847434480661,"all","log"
"7010",4,0.542862864224572,0.629961248868312,"Exp2","mixed","IP",0,0.563510522292467,0.104960547942401,0.563510376057411,0.586325789131451,0,0.842030766845108,0.586325789131451,0.413674210868549,0.586325789131451,0.586325789131451,"all","log"
"7011",4,1.76834346805288,1.77388842410983,"Exp2","mixed","IP",0,1.71806836300691,0.191705753083007,1.71753239554352,0.434847434480661,0,0.241068835521417,0.434847434480661,0.565152565519339,0.434847434480661,0.434847434480661,"all","log"
"7012",4,0.599959465297448,0.565871978204541,"Exp2","mixed","IP",0,0.587287239182324,0.102423296142292,0.587258256040805,0.586325789131451,0,0.858494062750887,0.586325789131451,0.413674210868549,0.586325789131451,0.586325789131451,"all","log"
"7013",4,1.60005476290647,1.51795897231705,"Exp2","mixed","IP",0,1.62362021188516,0.182690416701905,1.62605696053081,0.434847434480661,0,0.280824477050651,0.434847434480661,0.565152565519339,0.434847434480661,0.434847434480661,"all","log"
"7014",4,0.599959465297448,0.685912470959465,"Exp2","mixed","IP",0,0.587287239182324,0.102423296142292,0.587718155984805,0.586325789131451,0,0.864324198856467,0.586325789131451,0.413674210868549,0.586325789131451,0.586325789131451,"all","log"
"7015",4,0.7328,0.589915406839737,"Exp2","mixed","IP",0,0.638042213726694,0.0985748594787465,0.638566382475735,0.586325789131451,0,0.901190498645622,0.586325789131451,0.413674210868549,0.586325789131451,0.586325789131451,"all","log"
"7016",4,0.599959465297448,0.789956148398687,"Exp2","mixed","IP",0,0.587287239182324,0.102423296142292,0.587354323944354,0.586325789131451,0,0.862487956628182,0.586325789131451,0.413674210868549,0.586325789131451,0.586325789131451,"all","log"
"7017",4,0.599959465297448,0.549929899638755,"Exp2","mixed","IP",0,0.587287239182324,0.102423296142292,0.586871727179779,0.586325789131451,0,0.860153956710455,0.586325789131451,0.413674210868549,0.586325789131451,0.586325789131451,"all","log"
"7018",4,0.663061306494331,0.701934788625749,"Exp2","mixed","IP",0,0.612114998467425,0.100294769952846,0.613287186594676,0.586325789131451,0,0.881272977780116,0.586325789131451,0.413674210868549,0.586325789131451,0.586325789131451,"all","log"
"7019",4,0.7328,0.733943347463082,"Exp2","mixed","IP",0,0.638042213726694,0.0985748594787465,0.638300923871422,0.586325789131451,0,0.906120562003643,0.586325789131451,0.413674210868549,0.586325789131451,0.586325789131451,"all","log"
"7020",4,1.60005476290647,1.70200849663661,"Exp2","mixed","IP",0,1.62362021188516,0.182690416701905,1.62373064744768,0.434847434480661,0,0.283021000600229,0.434847434480661,0.565152565519339,0.434847434480661,0.434847434480661,"all","log"
"7021",4,1.31,1.26991378961748,"Exp2","mixed","IP",0,1.45023457880266,0.16688181277683,1.45037087010104,0.434847434480661,0,0.367778684074804,0.434847434480661,0.565152565519339,0.434847434480661,0.434847434480661,"all","log"
"7022",4,0.663061306494331,0.645987609590065,"Exp2","mixed","IP",0,0.612114998467425,0.100294769952846,0.611235381190224,0.586325789131451,0,0.881206937275991,0.586325789131451,0.413674210868549,0.586325789131451,0.586325789131451,"all","log"
"7023",4,1.954332247557,2.11790610159233,"Exp2","mixed","IP",0,1.81810252592637,0.201476762413228,1.81825924190584,0.434847434480661,0,0.184188986701329,0.434847434480661,0.565152565519339,0.434847434480661,0.434847434480661,"all","log"
"7024",4,0.4912,0.733956098637464,"Exp2","mixed","IP",0,0.540738639787011,0.107906188552947,0.54115334233946,0.586325789131451,0,0.809598042306076,0.586325789131451,0.413674210868549,0.586325789131451,0.586325789131451,"all","log"
"7025",4,1.60005476290647,1.83798826891871,"Exp2","mixed","IP",0,1.62362021188516,0.182690416701905,1.62391763398733,0.434847434480661,0,0.285917798049286,0.434847434480661,0.565152565519339,0.434847434480661,0.434847434480661,"all","log"
"7026",4,0.7328,0.621979946444753,"Exp2","mixed","IP",0,0.638042213726694,0.0985748594787465,0.637777088030022,0.586325789131451,0,0.898985153977185,0.586325789131451,0.413674210868549,0.586325789131451,0.586325789131451,"all","log"
"7027",4,1.31,1.40595047568058,"Exp2","mixed","IP",0,1.45023457880266,0.16688181277683,1.45009513902235,0.434847434480661,0,0.372660015740572,0.434847434480661,0.565152565519339,0.434847434480661,0.434847434480661,"all","log"
"7028",4,0.599959465297448,0.597930608728348,"Exp2","mixed","IP",0,0.587287239182324,0.102423296142292,0.587792369915037,0.586325789131451,0,0.863118117902628,0.586325789131451,0.413674210868549,0.586325789131451,0.586325789131451,"all","log"
"7029",4,0.542862864224572,0.701919549417198,"Exp2","mixed","IP",0,0.563510522292467,0.104960547942401,0.563177580468934,0.586325789131451,0,0.837623020754698,0.586325789131451,0.413674210868549,0.586325789131451,0.586325789131451,"all","log"
"7030",4,1.44778166151097,1.52595551395007,"Exp2","mixed","IP",0,1.53444168968241,0.174418544087964,1.53370110737688,0.434847434480661,0,0.32997463477535,0.434847434480661,0.565152565519339,0.434847434480661,0.434847434480661,"all","log"
"7031",4,0.599959465297448,0.701982683282495,"Exp2","mixed","IP",0,0.587287239182324,0.102423296142292,0.587110197671165,0.586325789131451,0,0.868989829619756,0.586325789131451,0.413674210868549,0.586325789131451,0.586325789131451,"all","log"
"7032",4,1.954332247557,1.68590438484898,"Exp2","mixed","IP",0,1.81810252592637,0.201476762413228,1.81925839319776,0.434847434480661,0,0.191433682180205,0.434847434480661,0.565152565519339,0.434847434480661,0.434847434480661,"all","log"
"7033",4,0.4912,0.573968974214495,"Exp2","mixed","IP",0,0.540738639787011,0.107906188552947,0.542080517329428,0.586325789131451,0,0.814796899592369,0.586325789131451,0.413674210868549,0.586325789131451,0.586325789131451,"all","log"
"7034",4,1.31,1.30187227676834,"Exp2","mixed","IP",0,1.45023457880266,0.16688181277683,1.45172635272147,0.434847434480661,0,0.372264713672344,0.434847434480661,0.565152565519339,0.434847434480661,0.434847434480661,"all","log"
"7035",4,1.954332247557,2.02201291289657,"Exp2","mixed","IP",0,1.81810252592637,0.201476762413228,1.82008278926771,0.434847434480661,0,0.182482443207497,0.434847434480661,0.565152565519339,0.434847434480661,0.434847434480661,"all","log"
"7036",4,0.542862864224572,0.661895166682825,"Exp2","mixed","IP",0,0.563510522292467,0.104960547942401,0.563828637101371,0.586325789131451,0,0.837300428223964,0.586325789131451,0.413674210868549,0.586325789131451,0.586325789131451,"all","log"
"7037",4,1.954332247557,1.88592211209152,"Exp2","mixed","IP",0,1.81810252592637,0.201476762413228,1.81651188916771,0.434847434480661,0,0.183842118144789,0.434847434480661,0.565152565519339,0.434847434480661,0.434847434480661,"all","log"
"7038",4,0.663061306494331,0.685942327369048,"Exp2","mixed","IP",0,0.612114998467425,0.100294769952846,0.611345580014921,0.586325789131451,0,0.880032177447285,0.586325789131451,0.413674210868549,0.586325789131451,0.586325789131451,"all","log"
"7039",4,0.542862864224572,0.493969036415365,"Exp2","mixed","IP",0,0.563510522292467,0.104960547942401,0.562936262610761,0.586325789131451,0,0.837763395055136,0.586325789131451,0.413674210868549,0.586325789131451,0.586325789131451,"all","log"
"7040",4,1.31,1.59801800092646,"Exp2","mixed","IP",0,1.45023457880266,0.16688181277683,1.45005220006814,0.434847434480661,0,0.375788931404595,0.434847434480661,0.565152565519339,0.434847434480661,0.434847434480661,"all","log"
"7041",4,0.4912,0.573914859472552,"Exp2","mixed","IP",0,0.540738639787011,0.107906188552947,0.540473424380743,0.586325789131451,0,0.814178877535318,0.586325789131451,0.413674210868549,0.586325789131451,0.586325789131451,"all","log"
"7042",4,1.60005476290647,1.7259595570049,"Exp2","mixed","IP",0,1.62362021188516,0.182690416701905,1.62474594330248,0.434847434480661,0,0.285974482459316,0.434847434480661,0.565152565519339,0.434847434480661,0.434847434480661,"all","log"
"7043",4,1.76834346805288,1.70191799439544,"Exp2","mixed","IP",0,1.71806836300691,0.191705753083007,1.71730838555786,0.434847434480661,0,0.239555100681683,0.434847434480661,0.565152565519339,0.434847434480661,0.434847434480661,"all","log"
"7044",4,0.7328,0.533929041267129,"Exp2","mixed","IP",0,0.638042213726694,0.0985748594787465,0.637928818311165,0.586325789131451,0,0.900674126297532,0.586325789131451,0.413674210868549,0.586325789131451,0.586325789131451,"all","log"
"7045",4,0.599959465297448,0.693907768575173,"Exp2","mixed","IP",0,0.587287239182324,0.102423296142292,0.587404910649319,0.586325789131451,0,0.862407558076198,0.586325789131451,0.413674210868549,0.586325789131451,0.586325789131451,"all","log"
"7046",4,0.4912,0.485949169463311,"Exp2","mixed","IP",0,0.540738639787011,0.107906188552947,0.540327936539453,0.586325789131451,0,0.81103282893159,0.586325789131451,0.413674210868549,0.586325789131451,0.586325789131451,"all","log"
"7047",4,1.76834346805288,1.5100097033328,"Exp2","mixed","IP",0,1.71806836300691,0.191705753083007,1.71814671957643,0.434847434480661,0,0.236835675669685,0.434847434480661,0.565152565519339,0.434847434480661,0.434847434480661,"all","log"
"7048",4,0.542862864224572,0.613942974257952,"Exp2","mixed","IP",0,0.563510522292467,0.104960547942401,0.563696023686424,0.586325789131451,0,0.843050099600816,0.586325789131451,0.413674210868549,0.586325789131451,0.586325789131451,"all","log"
"7049",4,0.663061306494331,0.677863680611154,"Exp2","mixed","IP",0,0.612114998467425,0.100294769952846,0.612559894080888,0.586325789131451,0,0.888585547546711,0.586325789131451,0.413674210868549,0.586325789131451,0.586325789131451,"all","log"
"7050",4,0.7328,0.645968638329578,"Exp2","mixed","IP",0,0.638042213726694,0.0985748594787465,0.638162564797574,0.586325789131451,0,0.905736890941926,0.586325789131451,0.413674210868549,0.586325789131451,0.586325789131451,"all","log"
"7051",4,1.44778166151097,1.46988393320862,"Exp2","mixed","IP",0,1.53444168968241,0.174418544087964,1.53396320898799,0.434847434480661,0,0.329025829677242,0.434847434480661,0.565152565519339,0.434847434480661,0.434847434480661,"all","log"
"7052",4,1.44778166151097,1.44587347102515,"Exp2","mixed","IP",0,1.53444168968241,0.174418544087964,1.53500274440902,0.434847434480661,0,0.327053703172811,0.434847434480661,0.565152565519339,0.434847434480661,0.434847434480661,"all","log"
"7053",4,0.663061306494331,0.597961709154788,"Exp2","mixed","IP",0,0.612114998467425,0.100294769952846,0.611788606921899,0.586325789131451,0,0.882988914856067,0.586325789131451,0.413674210868549,0.586325789131451,0.586325789131451,"all","log"
"7054",4,1.76834346805288,1.94189075042186,"Exp2","mixed","IP",0,1.71806836300691,0.191705753083007,1.71785854541511,0.434847434480661,0,0.23262823342319,0.434847434480661,0.565152565519339,0.434847434480661,0.434847434480661,"all","log"
"7055",4,0.599959465297448,0.70201533872978,"Exp2","mixed","IP",0,0.587287239182324,0.102423296142292,0.586816426698163,0.586325789131451,0,0.859836964395428,0.586325789131451,0.413674210868549,0.586325789131451,0.586325789131451,"all","log"
"7056",4,1.44778166151097,1.42995222974469,"Exp2","mixed","IP",0,1.53444168968241,0.174418544087964,1.53390990226743,0.434847434480661,0,0.327077357243936,0.434847434480661,0.565152565519339,0.434847434480661,0.434847434480661,"all","log"
"7057",4,1.31,1.4858941217085,"Exp2","mixed","IP",0,1.45023457880266,0.16688181277683,1.44992844267024,0.434847434480661,0,0.374190684034559,0.434847434480661,0.565152565519339,0.434847434480661,0.434847434480661,"all","log"
"7058",4,0.663061306494331,0.750025688952064,"Exp2","mixed","IP",0,0.612114998467425,0.100294769952846,0.612412195423903,0.586325789131451,0,0.883416268452653,0.586325789131451,0.413674210868549,0.586325789131451,0.586325789131451,"all","log"
"7059",4,0.4912,0.661925956104369,"Exp2","mixed","IP",0,0.540738639787011,0.107906188552947,0.540422332263946,0.586325789131451,0,0.813208354135634,0.586325789131451,0.413674210868549,0.586325789131451,0.586325789131451,"all","log"
"7060",4,0.4912,0.438015326290042,"Exp2","mixed","IP",0,0.540738639787011,0.107906188552947,0.54028889942347,0.586325789131451,0,0.803528118782279,0.586325789131451,0.413674210868549,0.586325789131451,0.586325789131451,"all","log"
"7061",4,1.954332247557,2.13396667278312,"Exp2","mixed","IP",0,1.81810252592637,0.201476762413228,1.81867354631392,0.434847434480661,0,0.190138293859699,0.434847434480661,0.565152565519339,0.434847434480661,0.434847434480661,"all","log"
"7062",4,0.7328,0.77394844793298,"Exp2","mixed","IP",0,0.638042213726694,0.0985748594787465,0.638641422125079,0.586325789131451,0,0.902446713463829,0.586325789131451,0.413674210868549,0.586325789131451,0.586325789131451,"all","log"
"7063",4,0.599959465297448,0.65401183060203,"Exp2","mixed","IP",0,0.587287239182324,0.102423296142292,0.587098418889965,0.586325789131451,0,0.863152737681284,0.586325789131451,0.413674210868549,0.586325789131451,0.586325789131451,"all","log"
"7064",4,0.542862864224572,0.421904372408335,"Exp2","mixed","IP",0,0.563510522292467,0.104960547942401,0.56347001544558,0.586325789131451,0,0.839136075383939,0.586325789131451,0.413674210868549,0.586325789131451,0.586325789131451,"all","log"
"7065",4,1.76834346805288,1.9018968461055,"Exp2","mixed","IP",0,1.71806836300691,0.191705753083007,1.7179256968859,0.434847434480661,0,0.231423897940758,0.434847434480661,0.565152565519339,0.434847434480661,0.434847434480661,"all","log"
"7066",4,1.76834346805288,1.85397575410752,"Exp2","mixed","IP",0,1.71806836300691,0.191705753083007,1.71719884336317,0.434847434480661,0,0.236799653671012,0.434847434480661,0.565152565519339,0.434847434480661,0.434847434480661,"all","log"
"7067",4,0.7328,0.789906387716201,"Exp2","mixed","IP",0,0.638042213726694,0.0985748594787465,0.637785699637444,0.586325789131451,0,0.899603402750501,0.586325789131451,0.413674210868549,0.586325789131451,0.586325789131451,"all","log"
"7068",4,1.31,1.29396810340222,"Exp2","mixed","IP",0,1.45023457880266,0.16688181277683,1.44926292768718,0.434847434480661,0,0.370270492407922,0.434847434480661,0.565152565519339,0.434847434480661,0.434847434480661,"all","log"
"7069",4,0.542862864224572,0.597958910116176,"Exp2","mixed","IP",0,0.563510522292467,0.104960547942401,0.563323207207044,0.586325789131451,0,0.840839547983035,0.586325789131451,0.413674210868549,0.586325789131451,0.586325789131451,"all","log"
"7070",4,0.7328,0.701945051766415,"Exp2","mixed","IP",0,0.638042213726694,0.0985748594787465,0.638238749634937,0.586325789131451,0,0.899200562340649,0.586325789131451,0.413674210868549,0.586325789131451,0.586325789131451,"all","log"
"7071",4,0.599959465297448,0.757940747467728,"Exp2","mixed","IP",0,0.587287239182324,0.102423296142292,0.586710542498629,0.586325789131451,0,0.864207729421274,0.586325789131451,0.413674210868549,0.586325789131451,0.586325789131451,"all","log"
"7072",4,1.60005476290647,1.37383773041483,"Exp2","mixed","IP",0,1.62362021188516,0.182690416701905,1.62273536500316,0.434847434480661,0,0.281176451762678,0.434847434480661,0.565152565519339,0.434847434480661,0.434847434480661,"all","log"
"7073",4,1.76834346805288,1.7578692164866,"Exp2","mixed","IP",0,1.71806836300691,0.191705753083007,1.71902134373763,0.434847434480661,0,0.237558691461422,0.434847434480661,0.565152565519339,0.434847434480661,0.434847434480661,"all","log"
"7074",4,0.663061306494331,0.565899035575512,"Exp2","mixed","IP",0,0.612114998467425,0.100294769952846,0.612202805071977,0.586325789131451,0,0.884368323459199,0.586325789131451,0.413674210868549,0.586325789131451,0.586325789131451,"all","log"
"7075",4,0.599959465297448,0.645964284270121,"Exp2","mixed","IP",0,0.587287239182324,0.102423296142292,0.587502170827334,0.586325789131451,0,0.866724895519724,0.586325789131451,0.413674210868549,0.586325789131451,0.586325789131451,"all","log"
"7076",4,1.44778166151097,1.40592497333137,"Exp2","mixed","IP",0,1.53444168968241,0.174418544087964,1.5338353723641,0.434847434480661,0,0.327640312750516,0.434847434480661,0.565152565519339,0.434847434480661,0.434847434480661,"all","log"
"7077",4,1.31,1.64604545638304,"Exp2","mixed","IP",0,1.45023457880266,0.16688181277683,1.44904308329729,0.434847434480661,0,0.371320251060168,0.434847434480661,0.565152565519339,0.434847434480661,0.434847434480661,"all","log"
"7078",4,0.663061306494331,0.749922746540506,"Exp2","mixed","IP",0,0.612114998467425,0.100294769952846,0.612602535881568,0.586325789131451,0,0.88019901369814,0.586325789131451,0.413674210868549,0.586325789131451,0.586325789131451,"all","log"
"7079",4,1.44778166151097,1.33394179244169,"Exp2","mixed","IP",0,1.53444168968241,0.174418544087964,1.53586759380728,0.434847434480661,0,0.331416698038192,0.434847434480661,0.565152565519339,0.434847434480661,0.434847434480661,"all","log"
"7080",4,1.954332247557,1.97392014654497,"Exp2","mixed","IP",0,1.81810252592637,0.201476762413228,1.8182458739278,0.434847434480661,0,0.185067640975932,0.434847434480661,0.565152565519339,0.434847434480661,0.434847434480661,"all","log"
"7081",4,1.60005476290647,1.70990302887003,"Exp2","mixed","IP",0,1.62362021188516,0.182690416701905,1.62406633164353,0.434847434480661,0,0.27999951862257,0.434847434480661,0.565152565519339,0.434847434480661,0.434847434480661,"all","log"
"7082",4,0.542862864224572,0.509959631646325,"Exp2","mixed","IP",0,0.563510522292467,0.104960547942401,0.564376982378647,0.586325789131451,0,0.839449514356562,0.586325789131451,0.413674210868549,0.586325789131451,0.586325789131451,"all","log"
"7083",4,0.542862864224572,0.517928182895048,"Exp2","mixed","IP",0,0.563510522292467,0.104960547942401,0.563723467718502,0.586325789131451,0,0.842818724304394,0.586325789131451,0.413674210868549,0.586325789131451,0.586325789131451,"all","log"
"7084",4,0.663061306494331,0.661997798089487,"Exp2","mixed","IP",0,0.612114998467425,0.100294769952846,0.611812081519824,0.586325789131451,0,0.882899130756809,0.586325789131451,0.413674210868549,0.586325789131451,0.586325789131451,"all","log"
"7085",4,0.599959465297448,0.54996504312021,"Exp2","mixed","IP",0,0.587287239182324,0.102423296142292,0.588265028520599,0.586325789131451,0,0.862326628551145,0.586325789131451,0.413674210868549,0.586325789131451,0.586325789131451,"all","log"
"7086",4,0.4912,0.629864837546847,"Exp2","mixed","IP",0,0.540738639787011,0.107906188552947,0.540053173571278,0.586325789131451,0,0.813313011574421,0.586325789131451,0.413674210868549,0.586325789131451,0.586325789131451,"all","log"
"7087",4,0.4912,0.453943720668121,"Exp2","mixed","IP",0,0.540738639787011,0.107906188552947,0.540711821966671,0.586325789131451,0,0.809970277374883,0.586325789131451,0.413674210868549,0.586325789131451,0.586325789131451,"all","log"
"7088",4,0.663061306494331,0.565967767518032,"Exp2","mixed","IP",0,0.612114998467425,0.100294769952846,0.611649014874358,0.586325789131451,0,0.883094707041336,0.586325789131451,0.413674210868549,0.586325789131451,0.586325789131451,"all","log"
"7089",4,1.954332247557,2.06990352647745,"Exp2","mixed","IP",0,1.81810252592637,0.201476762413228,1.81840492948715,0.434847434480661,0,0.18518568212378,0.434847434480661,0.565152565519339,0.434847434480661,0.434847434480661,"all","log"
"7090",4,1.76834346805288,1.92599718852125,"Exp2","mixed","IP",0,1.71806836300691,0.191705753083007,1.71748773912768,0.434847434480661,0,0.237410190340376,0.434847434480661,0.565152565519339,0.434847434480661,0.434847434480661,"all","log"
"7091",4,0.4912,0.565971499569059,"Exp2","mixed","IP",0,0.540738639787011,0.107906188552947,0.540309799999262,0.586325789131451,0,0.805534814024826,0.586325789131451,0.413674210868549,0.586325789131451,0.586325789131451,"all","log"
"7092",4,0.7328,0.509952478548257,"Exp2","mixed","IP",0,0.638042213726694,0.0985748594787465,0.637946601173546,0.586325789131451,0,0.892157896044424,0.586325789131451,0.413674210868549,0.586325789131451,0.586325789131451,"all","log"
"7093",4,0.7328,0.645884667178507,"Exp2","mixed","IP",0,0.638042213726694,0.0985748594787465,0.638031315090528,0.586325789131451,0,0.898974846658924,0.586325789131451,0.413674210868549,0.586325789131451,0.586325789131451,"all","log"
"7094",4,0.4912,0.621943558945986,"Exp2","mixed","IP",0,0.540738639787011,0.107906188552947,0.541595298690117,0.586325789131451,0,0.817480298472804,0.586325789131451,0.413674210868549,0.586325789131451,0.586325789131451,"all","log"
"7095",4,0.542862864224572,0.605948920659557,"Exp2","mixed","IP",0,0.563510522292467,0.104960547942401,0.563328881868681,0.586325789131451,0,0.844356875847168,0.586325789131451,0.413674210868549,0.586325789131451,0.586325789131451,"all","log"
"7096",4,1.60005476290647,1.66997256942386,"Exp2","mixed","IP",0,1.62362021188516,0.182690416701905,1.62368552355902,0.434847434480661,0,0.283865589252982,0.434847434480661,0.565152565519339,0.434847434480661,0.434847434480661,"all","log"
"7097",4,1.954332247557,1.82994289961698,"Exp2","mixed","IP",0,1.81810252592637,0.201476762413228,1.81774391298369,0.434847434480661,0,0.187352304608263,0.434847434480661,0.565152565519339,0.434847434480661,0.434847434480661,"all","log"
"7098",4,1.44778166151097,1.66998003352592,"Exp2","mixed","IP",0,1.53444168968241,0.174418544087964,1.5340589320824,0.434847434480661,0,0.321667966045198,0.434847434480661,0.565152565519339,0.434847434480661,0.434847434480661,"all","log"
"7099",4,0.663061306494331,0.726016470785908,"Exp2","mixed","IP",0,0.612114998467425,0.100294769952846,0.612257542712668,0.586325789131451,0,0.883971988527083,0.586325789131451,0.413674210868549,0.586325789131451,0.586325789131451,"all","log"
"7100",4,0.663061306494331,0.765861404059706,"Exp2","mixed","IP",0,0.612114998467425,0.100294769952846,0.611769256539183,0.586325789131451,0,0.888973034983597,0.586325789131451,0.413674210868549,0.586325789131451,0.586325789131451,"all","log"
"7101",4,0.599959465297448,0.52596453307342,"Exp2","mixed","IP",0,0.587287239182324,0.102423296142292,0.586874248684401,0.586325789131451,0,0.861017915266523,0.586325789131451,0.413674210868549,0.586325789131451,0.586325789131451,"all","log"
"7102",4,1.44778166151097,1.63783743185104,"Exp2","mixed","IP",0,1.53444168968241,0.174418544087964,1.53504858367253,0.434847434480661,0,0.330205885607949,0.434847434480661,0.565152565519339,0.434847434480661,0.434847434480661,"all","log"
"7103",4,0.663061306494331,0.629854263401739,"Exp2","mixed","IP",0,0.612114998467425,0.100294769952846,0.611940096380368,0.586325789131451,0,0.881544805379272,0.586325789131451,0.413674210868549,0.586325789131451,0.586325789131451,"all","log"
"7104",4,1.44778166151097,1.45391137622482,"Exp2","mixed","IP",0,1.53444168968241,0.174418544087964,1.53426466697423,0.434847434480661,0,0.326330494722544,0.434847434480661,0.565152565519339,0.434847434480661,0.434847434480661,"all","log"
"7105",4,1.76834346805288,1.70997176081255,"Exp2","mixed","IP",0,1.71806836300691,0.191705753083007,1.71832416250962,0.434847434480661,0,0.232193417995346,0.434847434480661,0.565152565519339,0.434847434480661,0.434847434480661,"all","log"
"7106",4,0.542862864224572,0.661960166573863,"Exp2","mixed","IP",0,0.563510522292467,0.104960547942401,0.563892736978305,0.586325789131451,0,0.838983026934156,0.586325789131451,0.413674210868549,0.586325789131451,0.586325789131451,"all","log"
"7107",4,0.4912,0.473687204351336,"Exp2","mixed","IP",0,0.540738639787011,0.107906188552947,0.541089943189726,0.586325789131451,0,0.808177352424273,0.586325789131451,0.413674210868549,0.586325789131451,0.586325789131451,"all","log"
"7108",4,1.31,1.66185224809396,"Exp2","mixed","IP",0,1.45023457880266,0.16688181277683,1.45011373372011,0.434847434480661,0,0.374786706891606,0.434847434480661,0.565152565519339,0.434847434480661,0.434847434480661,"all","log"
"7109",4,1.954332247557,1.79782891033437,"Exp2","mixed","IP",0,1.81810252592637,0.201476762413228,1.81965832619444,0.434847434480661,0,0.184161033147208,0.434847434480661,0.565152565519339,0.434847434480661,0.434847434480661,"all","log"
"7110",4,1.76834346805288,2.04594375798888,"Exp2","mixed","IP",0,1.71806836300691,0.191705753083007,1.71863438468793,0.434847434480661,0,0.235417382940163,0.434847434480661,0.565152565519339,0.434847434480661,0.434847434480661,"all","log"
"7111",4,0.7328,0.557899694904791,"Exp2","mixed","IP",0,0.638042213726694,0.0985748594787465,0.637719703723555,0.586325789131451,0,0.893767912268193,0.586325789131451,0.413674210868549,0.586325789131451,0.586325789131451,"all","log"
"7112",4,0.542862864224572,0.645950911086857,"Exp2","mixed","IP",0,0.563510522292467,0.104960547942401,0.563911245608238,0.586325789131451,0,0.840116126699618,0.586325789131451,0.413674210868549,0.586325789131451,0.586325789131451,"all","log"
"7113",4,1.60005476290647,1.82193920488635,"Exp2","mixed","IP",0,1.62362021188516,0.182690416701905,1.62403508124166,0.434847434480661,0,0.285166938812175,0.434847434480661,0.565152565519339,0.434847434480661,0.434847434480661,"all","log"
"7114",4,1.31,1.66185287010239,"Exp2","mixed","IP",0,1.45023457880266,0.16688181277683,1.45097781490377,0.434847434480661,0,0.375811612493675,0.434847434480661,0.565152565519339,0.434847434480661,0.434847434480661,"all","log"
"7115",4,0.599959465297448,0.669906636519499,"Exp2","mixed","IP",0,0.587287239182324,0.102423296142292,0.586506343892865,0.586325789131451,0,0.861374593189517,0.586325789131451,0.413674210868549,0.586325789131451,0.586325789131451,"all","log"
"7116",4,1.31,1.19793651780947,"Exp2","mixed","IP",0,1.45023457880266,0.16688181277683,1.4495042850969,0.434847434480661,0,0.372099993776504,0.434847434480661,0.565152565519339,0.434847434480661,0.434847434480661,"all","log"
"7117",4,0.7328,0.733944902484382,"Exp2","mixed","IP",0,0.638042213726694,0.0985748594787465,0.63794028005661,0.586325789131451,0,0.90006821936645,0.586325789131451,0.413674210868549,0.586325789131451,0.586325789131451,"all","log"
"7118",4,1.76834346805288,1.92597977228252,"Exp2","mixed","IP",0,1.71806836300691,0.191705753083007,1.71823506516585,0.434847434480661,0,0.239361562094528,0.434847434480661,0.565152565519339,0.434847434480661,0.434847434480661,"all","log"
"7119",4,1.31,1.43792700107906,"Exp2","mixed","IP",0,1.45023457880266,0.16688181277683,1.44899066857115,0.434847434480661,0,0.373283231793711,0.434847434480661,0.565152565519339,0.434847434480661,0.434847434480661,"all","log"
"7120",4,1.44778166151097,1.47787612078127,"Exp2","mixed","IP",0,1.53444168968241,0.174418544087964,1.53365108847225,0.434847434480661,0,0.330260049232695,0.434847434480661,0.565152565519339,0.434847434480661,0.434847434480661,"all","log"
"7121",4,1.60005476290647,1.68595290151416,"Exp2","mixed","IP",0,1.62362021188516,0.182690416701905,1.62414715885868,0.434847434480661,0,0.282951062299877,0.434847434480661,0.565152565519339,0.434847434480661,0.434847434480661,"all","log"
"7122",4,1.60005476290647,1.47784315432955,"Exp2","mixed","IP",0,1.62362021188516,0.182690416701905,1.6251482918257,0.434847434480661,0,0.284650989722798,0.434847434480661,0.565152565519339,0.434847434480661,0.434847434480661,"all","log"
"7123",5,1.31,1.26992498577056,"Exp2","mixed","IP",0,1.32766810427867,0.180426996108224,1.32698649162696,0.167742007742877,0,0.293753862353786,0.167742007742877,0.832257992257123,0.167742007742877,0.167742007742877,"all","log"
"7124",5,0.663061306494331,0.637878795418146,"Exp2","mixed","IP",0,0.601727954220378,0.0663228771426252,0.601787554478569,0.68217491278045,0,1.29477159879918,0.68217491278045,0.31782508721955,0.68217491278045,0.68217491278045,"all","log"
"7125",5,0.4912,0.661940262301869,"Exp2","mixed","IP",0,0.547030958374785,0.0678020564273713,0.547272639996463,0.68217491278045,0,1.27127439759631,0.68217491278045,0.31782508721955,0.68217491278045,0.68217491278045,"all","log"
"7126",5,0.599959465297448,0.661948037408365,"Exp2","mixed","IP",0,0.582894610329312,0.0666002220874023,0.582054459464638,0.68217491278045,0,1.2974219943941,0.68217491278045,0.31782508721955,0.68217491278045,0.68217491278045,"all","log"
"7127",5,0.7328,0.773928543660077,"Exp2","mixed","IP",0,0.621189902872011,0.0662533803885284,0.621775555710252,0.68217491278045,0,1.30120070779053,0.68217491278045,0.31782508721955,0.68217491278045,0.68217491278045,"all","log"
"7128",5,0.542862864224572,0.653911687229993,"Exp2","mixed","IP",0,0.564668998865721,0.0670913880446924,0.564708175613249,0.68217491278045,0,1.28725487479238,0.68217491278045,0.31782508721955,0.68217491278045,0.68217491278045,"all","log"
"7129",5,1.31,1.07789198199862,"Exp2","mixed","IP",0,1.32766810427867,0.180426996108224,1.32810970539325,0.167742007742877,0,0.294887765090042,0.167742007742877,0.832257992257123,0.167742007742877,0.167742007742877,"all","log"
"7130",5,0.7328,0.782004391379814,"Exp2","mixed","IP",0,0.621189902872011,0.0662533803885284,0.621140876512031,0.68217491278045,0,1.29760640412136,0.68217491278045,0.31782508721955,0.68217491278045,0.68217491278045,"all","log"
"7131",5,0.4912,0.477934589582219,"Exp2","mixed","IP",0,0.547030958374785,0.0678020564273713,0.546928948236117,0.68217491278045,0,1.27545069154508,0.68217491278045,0.31782508721955,0.68217491278045,0.68217491278045,"all","log"
"7132",5,0.7328,0.61388885951601,"Exp2","mixed","IP",0,0.621189902872011,0.0662533803885284,0.620944469575821,0.68217491278045,0,1.29342196824922,0.68217491278045,0.31782508721955,0.68217491278045,0.68217491278045,"all","log"
"7133",5,0.542862864224572,0.445908925510594,"Exp2","mixed","IP",0,0.564668998865721,0.0670913880446924,0.564834303819969,0.68217491278045,0,1.28677345285458,0.68217491278045,0.31782508721955,0.68217491278045,0.68217491278045,"all","log"
"7134",5,1.76834346805288,1.12594929386432,"Exp2","mixed","IP",0,1.70415602479545,0.229657574272528,1.70458920781994,0.167742007742877,0,0.0538019917101913,0.167742007742877,0.832257992257123,0.167742007742877,0.167742007742877,"all","log"
"7135",5,1.954332247557,1.79791692454091,"Exp2","mixed","IP",0,1.85228383226721,0.249219236685746,1.85300504607853,0.167742007742877,0,-0.0246390871045929,0.167742007742877,0.832257992257123,0.167742007742877,0.167742007742877,"all","log"
"7136",5,1.44778166151097,1.44587564805443,"Exp2","mixed","IP",0,1.44278048189827,0.195375159780549,1.44313039896631,0.167742007742877,0,0.21671608623784,0.167742007742877,0.832257992257123,0.167742007742877,0.167742007742877,"all","log"
"7137",5,1.44778166151097,1.32593840871596,"Exp2","mixed","IP",0,1.44278048189827,0.195375159780549,1.44335055733099,0.167742007742877,0,0.22284948509761,0.167742007742877,0.832257992257123,0.167742007742877,0.167742007742877,"all","log"
"7138",5,1.44778166151097,1.38189678390518,"Exp2","mixed","IP",0,1.44278048189827,0.195375159780549,1.44478276956259,0.167742007742877,0,0.216247317756099,0.167742007742877,0.832257992257123,0.167742007742877,0.167742007742877,"all","log"
"7139",5,0.599959465297448,0.565905566663787,"Exp2","mixed","IP",0,0.582894610329312,0.0666002220874023,0.583072124146267,0.68217491278045,0,1.29149509212227,0.68217491278045,0.31782508721955,0.68217491278045,0.68217491278045,"all","log"
"7140",5,0.663061306494331,0.605888585831053,"Exp2","mixed","IP",0,0.601727954220378,0.0663228771426252,0.601651346194344,0.68217491278045,0,1.29949443349405,0.68217491278045,0.31782508721955,0.68217491278045,0.68217491278045,"all","log"
"7141",5,0.542862864224572,0.669925296775546,"Exp2","mixed","IP",0,0.564668998865721,0.0670913880446924,0.564248942374976,0.68217491278045,0,1.28575392853568,0.68217491278045,0.31782508721955,0.68217491278045,0.68217491278045,"all","log"
"7142",5,0.599959465297448,0.557875747575963,"Exp2","mixed","IP",0,0.582894610329312,0.0666002220874023,0.582455464493619,0.68217491278045,0,1.29324998482023,0.68217491278045,0.31782508721955,0.68217491278045,0.68217491278045,"all","log"
"7143",5,0.7328,0.685982757922829,"Exp2","mixed","IP",0,0.621189902872011,0.0662533803885284,0.620879406250309,0.68217491278045,0,1.30021091613143,0.68217491278045,0.31782508721955,0.68217491278045,0.68217491278045,"all","log"
"7144",5,1.60005476290647,1.78189958294206,"Exp2","mixed","IP",0,1.56797896464163,0.211749528428783,1.56987675902702,0.167742007742877,0,0.134206645691751,0.167742007742877,0.832257992257123,0.167742007742877,0.167742007742877,"all","log"
"7145",5,1.60005476290647,1.63788377148558,"Exp2","mixed","IP",0,1.56797896464163,0.211749528428783,1.56822323939273,0.167742007742877,0,0.130939496527572,0.167742007742877,0.832257992257123,0.167742007742877,0.167742007742877,"all","log"
"7146",5,1.954332247557,1.8779121972766,"Exp2","mixed","IP",0,1.85228383226721,0.249219236685746,1.85317401756139,0.167742007742877,0,-0.0286970591899498,0.167742007742877,0.832257992257123,0.167742007742877,0.167742007742877,"all","log"
"7147",5,1.76834346805288,1.8299096221599,"Exp2","mixed","IP",0,1.70415602479545,0.229657574272528,1.70377161492994,0.167742007742877,0,0.0538542160428192,0.167742007742877,0.832257992257123,0.167742007742877,0.167742007742877,"all","log"
"7148",5,1.60005476290647,1.58187656862719,"Exp2","mixed","IP",0,1.56797896464163,0.211749528428783,1.56896391864497,0.167742007742877,0,0.136419915689246,0.167742007742877,0.832257992257123,0.167742007742877,0.167742007742877,"all","log"
"7149",5,1.954332247557,1.8779535608428,"Exp2","mixed","IP",0,1.85228383226721,0.249219236685746,1.85208169518095,0.167742007742877,0,-0.0266688271940854,0.167742007742877,0.832257992257123,0.167742007742877,0.167742007742877,"all","log"
"7150",5,0.4912,0.605909423116827,"Exp2","mixed","IP",0,0.547030958374785,0.0678020564273713,0.546494186288564,0.68217491278045,0,1.28287178581286,0.68217491278045,0.31782508721955,0.68217491278045,0.68217491278045,"all","log"
"7151",5,1.76834346805288,1.66986527295376,"Exp2","mixed","IP",0,1.70415602479545,0.229657574272528,1.70301792609777,0.167742007742877,0,0.0540915243444433,0.167742007742877,0.832257992257123,0.167742007742877,0.167742007742877,"all","log"
"7152",5,1.954332247557,1.6219152575577,"Exp2","mixed","IP",0,1.85228383226721,0.249219236685746,1.85170804831733,0.167742007742877,0,-0.0293555058796011,0.167742007742877,0.832257992257123,0.167742007742877,0.167742007742877,"all","log"
"7153",5,1.60005476290647,1.62188446813707,"Exp2","mixed","IP",0,1.56797896464163,0.211749528428783,1.56942795077827,0.167742007742877,0,0.12756395292204,0.167742007742877,0.832257992257123,0.167742007742877,0.167742007742877,"all","log"
"7154",5,0.542862864224572,0.669972569423408,"Exp2","mixed","IP",0,0.564668998865721,0.0670913880446924,0.564414822387449,0.68217491278045,0,1.28688411143522,0.68217491278045,0.31782508721955,0.68217491278045,0.68217491278045,"all","log"
"7155",5,1.76834346805288,1.58985476100861,"Exp2","mixed","IP",0,1.70415602479545,0.229657574272528,1.70570975287451,0.167742007742877,0,0.0572207149086393,0.167742007742877,0.832257992257123,0.167742007742877,0.167742007742877,"all","log"
"7156",5,1.31,1.38189180783775,"Exp2","mixed","IP",0,1.32766810427867,0.180426996108224,1.32869535101714,0.167742007742877,0,0.299115345074016,0.167742007742877,0.832257992257123,0.167742007742877,0.167742007742877,"all","log"
"7157",5,1.31,1.36589841356727,"Exp2","mixed","IP",0,1.32766810427867,0.180426996108224,1.32769937852086,0.167742007742877,0,0.29303195858832,0.167742007742877,0.832257992257123,0.167742007742877,0.167742007742877,"all","log"
"7158",5,0.599959465297448,0.621913391532871,"Exp2","mixed","IP",0,0.582894610329312,0.0666002220874023,0.582644053564285,0.68217491278045,0,1.29364408422921,0.68217491278045,0.31782508721955,0.68217491278045,0.68217491278045,"all","log"
"7159",5,1.76834346805288,1.69388226622505,"Exp2","mixed","IP",0,1.70415602479545,0.229657574272528,1.70401624074869,0.167742007742877,0,0.0548439859785382,0.167742007742877,0.832257992257123,0.167742007742877,0.167742007742877,"all","log"
"7160",5,1.60005476290647,1.65390173509149,"Exp2","mixed","IP",0,1.56797896464163,0.211749528428783,1.56635822530065,0.167742007742877,0,0.134236267967604,0.167742007742877,0.832257992257123,0.167742007742877,0.167742007742877,"all","log"
"7161",5,1.31,1.32595800198396,"Exp2","mixed","IP",0,1.32766810427867,0.180426996108224,1.32910565790732,0.167742007742877,0,0.293951436483482,0.167742007742877,0.832257992257123,0.167742007742877,0.167742007742877,"all","log"
"7162",5,0.663061306494331,0.797929053707776,"Exp2","mixed","IP",0,0.601727954220378,0.0663228771426252,0.601490478326509,0.68217491278045,0,1.30063263182904,0.68217491278045,0.31782508721955,0.68217491278045,0.68217491278045,"all","log"
"7163",5,0.7328,0.853915419280384,"Exp2","mixed","IP",0,0.621189902872011,0.0662533803885284,0.620768644735134,0.68217491278045,0,1.29897902396604,0.68217491278045,0.31782508721955,0.68217491278045,0.68217491278045,"all","log"
"7164",5,0.7328,0.709882191586075,"Exp2","mixed","IP",0,0.621189902872011,0.0662533803885284,0.621284855739648,0.68217491278045,0,1.30258623362914,0.68217491278045,0.31782508721955,0.68217491278045,0.68217491278045,"all","log"
"7165",5,1.60005476290647,1.75789191979675,"Exp2","mixed","IP",0,1.56797896464163,0.211749528428783,1.5671671680704,0.167742007742877,0,0.128154758676081,0.167742007742877,0.832257992257123,0.167742007742877,0.167742007742877,"all","log"
"7166",5,1.31,1.46999091867656,"Exp2","mixed","IP",0,1.32766810427867,0.180426996108224,1.32802565568526,0.167742007742877,0,0.293431252794202,0.167742007742877,0.832257992257123,0.167742007742877,0.167742007742877,"all","log"
"7167",5,1.76834346805288,1.86989948342307,"Exp2","mixed","IP",0,1.70415602479545,0.229657574272528,1.70474618343101,0.167742007742877,0,0.0515347558982941,0.167742007742877,0.832257992257123,0.167742007742877,0.167742007742877,"all","log"
"7168",5,1.954332247557,1.82196532924536,"Exp2","mixed","IP",0,1.85228383226721,0.249219236685746,1.8526425415917,0.167742007742877,0,-0.0286115078708098,0.167742007742877,0.832257992257123,0.167742007742877,0.167742007742877,"all","log"
"7169",5,1.44778166151097,1.57390584034874,"Exp2","mixed","IP",0,1.44278048189827,0.195375159780549,1.44161170193691,0.167742007742877,0,0.208099155553866,0.167742007742877,0.832257992257123,0.167742007742877,0.167742007742877,"all","log"
"7170",5,1.44778166151097,1.64587938010663,"Exp2","mixed","IP",0,1.44278048189827,0.195375159780549,1.44180676907097,0.167742007742877,0,0.21852319893521,0.167742007742877,0.832257992257123,0.167742007742877,0.167742007742877,"all","log"
"7171",5,1.44778166151097,1.68588230354726,"Exp2","mixed","IP",0,1.44278048189827,0.195375159780549,1.44260539946256,0.167742007742877,0,0.220874622314982,0.167742007742877,0.832257992257123,0.167742007742877,0.167742007742877,"all","log"
"7172",5,1.60005476290647,1.52582986822563,"Exp2","mixed","IP",0,1.56797896464163,0.211749528428783,1.56744192161138,0.167742007742877,0,0.130498077659198,0.167742007742877,0.832257992257123,0.167742007742877,0.167742007742877,"all","log"
"7173",5,0.4912,0.661926267110175,"Exp2","mixed","IP",0,0.547030958374785,0.0678020564273713,0.546613842686416,0.68217491278045,0,1.27918677403978,0.68217491278045,0.31782508721955,0.68217491278045,0.68217491278045,"all","log"
"7174",5,1.954332247557,1.71787406815383,"Exp2","mixed","IP",0,1.85228383226721,0.249219236685746,1.85239945687138,0.167742007742877,0,-0.0313013391816427,0.167742007742877,0.832257992257123,0.167742007742877,0.167742007742877,"all","log"
"7175",5,1.31,1.43795063740254,"Exp2","mixed","IP",0,1.32766810427867,0.180426996108224,1.32764589765674,0.167742007742877,0,0.291153374887427,0.167742007742877,0.832257992257123,0.167742007742877,0.167742007742877,"all","log"
"7176",5,0.599959465297448,0.469979100513228,"Exp2","mixed","IP",0,0.582894610329312,0.0666002220874023,0.582930945523129,0.68217491278045,0,1.28895922487376,0.68217491278045,0.31782508721955,0.68217491278045,0.68217491278045,"all","log"
"7177",5,0.4912,0.421904372409699,"Exp2","mixed","IP",0,0.547030958374785,0.0678020564273713,0.546856092211651,0.68217491278045,0,1.28319817237858,0.68217491278045,0.31782508721955,0.68217491278045,0.68217491278045,"all","log"
"7178",5,0.599959465297448,0.477962890970957,"Exp2","mixed","IP",0,0.582894610329312,0.0666002220874023,0.582278866595472,0.68217491278045,0,1.29560909868781,0.68217491278045,0.31782508721955,0.68217491278045,0.68217491278045,"all","log"
"7179",5,0.663061306494331,0.74184565480391,"Exp2","mixed","IP",0,0.601727954220378,0.0663228771426252,0.601438494011996,0.68217491278045,0,1.2969995858503,0.68217491278045,0.31782508721955,0.68217491278045,0.68217491278045,"all","log"
"7180",5,0.599959465297448,0.645991652645534,"Exp2","mixed","IP",0,0.582894610329312,0.0666002220874023,0.582623902552993,0.68217491278045,0,1.2932126694421,0.68217491278045,0.31782508721955,0.68217491278045,0.68217491278045,"all","log"
"7181",5,0.542862864224572,0.50192359247194,"Exp2","mixed","IP",0,0.564668998865721,0.0670913880446924,0.564597479139989,0.68217491278045,0,1.28269075841929,0.68217491278045,0.31782508721955,0.68217491278045,0.68217491278045,"all","log"
"7182",5,0.542862864224572,0.685922734101041,"Exp2","mixed","IP",0,0.564668998865721,0.0670913880446924,0.564280468486817,0.68217491278045,0,1.29150102175737,0.68217491278045,0.31782508721955,0.68217491278045,0.68217491278045,"all","log"
"7183",5,1.44778166151097,1.44592789677154,"Exp2","mixed","IP",0,1.44278048189827,0.195375159780549,1.44255278609824,0.167742007742877,0,0.217678824008003,0.167742007742877,0.832257992257123,0.167742007742877,0.167742007742877,"all","log"
"7184",5,0.663061306494331,0.493904969536743,"Exp2","mixed","IP",0,0.601727954220378,0.0663228771426252,0.601671665002505,0.68217491278045,0,1.29333519605315,0.68217491278045,0.31782508721955,0.68217491278045,0.68217491278045,"all","log"
"7185",5,1.60005476290647,1.46988020115714,"Exp2","mixed","IP",0,1.56797896464163,0.211749528428783,1.56822837893092,0.167742007742877,0,0.13699730382848,0.167742007742877,0.832257992257123,0.167742007742877,0.167742007742877,"all","log"
"7186",5,1.76834346805288,1.58991136378427,"Exp2","mixed","IP",0,1.70415602479545,0.229657574272528,1.70518897814799,0.167742007742877,0,0.0493851971592658,0.167742007742877,0.832257992257123,0.167742007742877,0.167742007742877,"all","log"
"7187",5,0.542862864224572,0.573990433507788,"Exp2","mixed","IP",0,0.564668998865721,0.0670913880446924,0.564470499886399,0.68217491278045,0,1.28439757089485,0.68217491278045,0.31782508721955,0.68217491278045,0.68217491278045,"all","log"
"7188",5,1.31,1.28592273409959,"Exp2","mixed","IP",0,1.32766810427867,0.180426996108224,1.32864648678123,0.167742007742877,0,0.292838002171379,0.167742007742877,0.832257992257123,0.167742007742877,0.167742007742877,"all","log"
"7189",5,0.7328,0.597914125502939,"Exp2","mixed","IP",0,0.621189902872011,0.0662533803885284,0.621647999633732,0.68217491278045,0,1.3018373477677,0.68217491278045,0.31782508721955,0.68217491278045,0.68217491278045,"all","log"
"7190",5,1.954332247557,2.03796183355553,"Exp2","mixed","IP",0,1.85228383226721,0.249219236685746,1.85091080082164,0.167742007742877,0,-0.0277456552102548,0.167742007742877,0.832257992257123,0.167742007742877,0.167742007742877,"all","log"
"7191",5,0.663061306494331,0.645933183845045,"Exp2","mixed","IP",0,0.601727954220378,0.0663228771426252,0.601940914820144,0.68217491278045,0,1.30826095330748,0.68217491278045,0.31782508721955,0.68217491278045,0.68217491278045,"all","log"
"7192",5,0.4912,0.453937189578937,"Exp2","mixed","IP",0,0.547030958374785,0.0678020564273713,0.546925774763299,0.68217491278045,0,1.28157399545973,0.68217491278045,0.31782508721955,0.68217491278045,0.68217491278045,"all","log"
"7193",5,0.663061306494331,0.525931255617252,"Exp2","mixed","IP",0,0.601727954220378,0.0663228771426252,0.601370100065113,0.68217491278045,0,1.29990333774455,0.68217491278045,0.31782508721955,0.68217491278045,0.68217491278045,"all","log"
"7194",5,0.663061306494331,0.597928431698165,"Exp2","mixed","IP",0,0.601727954220378,0.0663228771426252,0.601371268476595,0.68217491278045,0,1.29710608650137,0.68217491278045,0.31782508721955,0.68217491278045,0.68217491278045,"all","log"
"7195",5,0.542862864224572,0.54999023446544,"Exp2","mixed","IP",0,0.564668998865721,0.0670913880446924,0.564518747538615,0.68217491278045,0,1.29346188676783,0.68217491278045,0.31782508721955,0.68217491278045,0.68217491278045,"all","log"
"7196",5,0.542862864224572,0.613903165713054,"Exp2","mixed","IP",0,0.564668998865721,0.0670913880446924,0.564955725672678,0.68217491278045,0,1.28829587766628,0.68217491278045,0.31782508721955,0.68217491278045,0.68217491278045,"all","log"
"7197",5,0.4912,0.65388587387497,"Exp2","mixed","IP",0,0.547030958374785,0.0678020564273713,0.546423650631211,0.68217491278045,0,1.27972327179633,0.68217491278045,0.31782508721955,0.68217491278045,0.68217491278045,"all","log"
"7198",5,1.31,1.48595974360796,"Exp2","mixed","IP",0,1.32766810427867,0.180426996108224,1.3278265565367,0.167742007742877,0,0.29232414797163,0.167742007742877,0.832257992257123,0.167742007742877,0.167742007742877,"all","log"
"7199",5,0.4912,0.509914225023749,"Exp2","mixed","IP",0,0.547030958374785,0.0678020564273713,0.546975057466018,0.68217491278045,0,1.27743358794306,0.68217491278045,0.31782508721955,0.68217491278045,0.68217491278045,"all","log"
"7200",5,0.542862864224572,0.582000348324073,"Exp2","mixed","IP",0,0.564668998865721,0.0670913880446924,0.564254813972245,0.68217491278045,0,1.28819610533117,0.68217491278045,0.31782508721955,0.68217491278045,0.68217491278045,"all","log"
"7201",5,0.542862864224572,0.589950861327452,"Exp2","mixed","IP",0,0.564668998865721,0.0670913880446924,0.564892760751152,0.68217491278045,0,1.28633253499135,0.68217491278045,0.31782508721955,0.68217491278045,0.68217491278045,"all","log"
"7202",5,0.599959465297448,0.597929675715932,"Exp2","mixed","IP",0,0.582894610329312,0.0666002220874023,0.583125269634814,0.68217491278045,0,1.29404800212067,0.68217491278045,0.31782508721955,0.68217491278045,0.68217491278045,"all","log"
"7203",5,1.954332247557,2.1338914097505,"Exp2","mixed","IP",0,1.85228383226721,0.249219236685746,1.85405612129865,0.167742007742877,0,-0.0295919120797951,0.167742007742877,0.832257992257123,0.167742007742877,0.167742007742877,"all","log"
"7204",5,1.31,1.41388979252952,"Exp2","mixed","IP",0,1.32766810427867,0.180426996108224,1.32791686709695,0.167742007742877,0,0.290329004996435,0.167742007742877,0.832257992257123,0.167742007742877,0.167742007742877,"all","log"
"7205",5,0.599959465297448,0.533974447889705,"Exp2","mixed","IP",0,0.582894610329312,0.0666002220874023,0.582901675698731,0.68217491278045,0,1.29325502520363,0.68217491278045,0.31782508721955,0.68217491278045,0.68217491278045,"all","log"
"7206",5,0.7328,0.829899670025043,"Exp2","mixed","IP",0,0.621189902872011,0.0662533803885284,0.62046717134284,0.68217491278045,0,1.29712738541773,0.68217491278045,0.31782508721955,0.68217491278045,0.68217491278045,"all","log"
"7207",5,1.60005476290647,1.78987964134831,"Exp2","mixed","IP",0,1.56797896464163,0.211749528428783,1.56885683702714,0.167742007742877,0,0.130427614749411,0.167742007742877,0.832257992257123,0.167742007742877,0.167742007742877,"all","log"
"7208",5,1.44778166151097,1.34188981740954,"Exp2","mixed","IP",0,1.44278048189827,0.195375159780549,1.44294732838689,0.167742007742877,0,0.217853616664561,0.167742007742877,0.832257992257123,0.167742007742877,0.167742007742877,"all","log"
"7209",5,1.31,1.52591726042556,"Exp2","mixed","IP",0,1.32766810427867,0.180426996108224,1.32648661133372,0.167742007742877,0,0.30279703850885,0.167742007742877,0.832257992257123,0.167742007742877,0.167742007742877,"all","log"
"7210",5,0.4912,0.59793776182596,"Exp2","mixed","IP",0,0.547030958374785,0.0678020564273713,0.547419240030769,0.68217491278045,0,1.28147627357908,0.68217491278045,0.31782508721955,0.68217491278045,0.68217491278045,"all","log"
"7211",5,1.954332247557,1.75788414469025,"Exp2","mixed","IP",0,1.85228383226721,0.249219236685746,1.85057327926241,0.167742007742877,0,-0.0292955937816551,0.167742007742877,0.832257992257123,0.167742007742877,0.167742007742877,"all","log"
"7212",5,0.7328,0.693889108319127,"Exp2","mixed","IP",0,0.621189902872011,0.0662533803885284,0.621280803380708,0.68217491278045,0,1.29485495375887,0.68217491278045,0.31782508721955,0.68217491278045,0.68217491278045,"all","log"
"7213",5,1.76834346805288,1.5979613981508,"Exp2","mixed","IP",0,1.70415602479545,0.229657574272528,1.70490188076853,0.167742007742877,0,0.054247197087791,0.167742007742877,0.832257992257123,0.167742007742877,0.167742007742877,"all","log"
"7214",5,1.76834346805288,1.41387797436801,"Exp2","mixed","IP",0,1.70415602479545,0.229657574272528,1.70287049309741,0.167742007742877,0,0.0502021186256583,0.167742007742877,0.832257992257123,0.167742007742877,0.167742007742877,"all","log"
"7215",5,1.76834346805288,1.46993462690443,"Exp2","mixed","IP",0,1.70415602479545,0.229657574272528,1.70418744387023,0.167742007742877,0,0.0551521194912886,0.167742007742877,0.832257992257123,0.167742007742877,0.167742007742877,"all","log"
"7216",5,1.954332247557,1.76596465747571,"Exp2","mixed","IP",0,1.85228383226721,0.249219236685746,1.85134489660809,0.167742007742877,0,-0.0284024068039443,0.167742007742877,0.832257992257123,0.167742007742877,0.167742007742877,"all","log"
"7217",5,1.44778166151097,1.4619275111254,"Exp2","mixed","IP",0,1.44278048189827,0.195375159780549,1.44205944925526,0.167742007742877,0,0.215333015170748,0.167742007742877,0.832257992257123,0.167742007742877,0.167742007742877,"all","log"
"7218",5,0.7328,0.685853380149638,"Exp2","mixed","IP",0,0.621189902872011,0.0662533803885284,0.621218725255578,0.68217491278045,0,1.30148810584113,0.68217491278045,0.31782508721955,0.68217491278045,0.68217491278045,"all","log"
"7219",5,1.76834346805288,1.88588292555505,"Exp2","mixed","IP",0,1.70415602479545,0.229657574272528,1.70523874363117,0.167742007742877,0,0.055248550401902,0.167742007742877,0.832257992257123,0.167742007742877,0.167742007742877,"all","log"
"7220",5,0.599959465297448,0.60593679149315,"Exp2","mixed","IP",0,0.582894610329312,0.0666002220874023,0.583360455559722,0.68217491278045,0,1.2948971337887,0.68217491278045,0.31782508721955,0.68217491278045,0.68217491278045,"all","log"
"7221",5,1.60005476290647,1.47791966137993,"Exp2","mixed","IP",0,1.56797896464163,0.211749528428783,1.56744652094272,0.167742007742877,0,0.136156732434785,0.167742007742877,0.832257992257123,0.167742007742877,0.167742007742877,"all","log"
"7222",5,1.60005476290647,1.51787966622942,"Exp2","mixed","IP",0,1.56797896464163,0.211749528428783,1.56801914931299,0.167742007742877,0,0.134802870078086,0.167742007742877,0.832257992257123,0.167742007742877,0.167742007742877,"all","log"
"7223",5,0.4912,0.573911438425057,"Exp2","mixed","IP",0,0.547030958374785,0.0678020564273713,0.547177211479574,0.68217491278045,0,1.28112325579926,0.68217491278045,0.31782508721955,0.68217491278045,0.68217491278045,"all","log"
"7224",5,1.44778166151097,1.23787568537409,"Exp2","mixed","IP",0,1.44278048189827,0.195375159780549,1.44188989179062,0.167742007742877,0,0.221212209614347,0.167742007742877,0.832257992257123,0.167742007742877,0.167742007742877,"all","log"
"7225",5,0.663061306494331,0.597912881485172,"Exp2","mixed","IP",0,0.601727954220378,0.0663228771426252,0.601358051173513,0.68217491278045,0,1.29785073508514,0.68217491278045,0.31782508721955,0.68217491278045,0.68217491278045,"all","log"
"7226",5,1.954332247557,1.50193976469382,"Exp2","mixed","IP",0,1.85228383226721,0.249219236685746,1.85336461284599,0.167742007742877,0,-0.0263413933503984,0.167742007742877,0.832257992257123,0.167742007742877,0.167742007742877,"all","log"
"7227",5,1.60005476290647,1.62192334366955,"Exp2","mixed","IP",0,1.56797896464163,0.211749528428783,1.56635729881078,0.167742007742877,0,0.136497579000505,0.167742007742877,0.832257992257123,0.167742007742877,0.167742007742877,"all","log"
"7228",5,0.4912,0.485981202902622,"Exp2","mixed","IP",0,0.547030958374785,0.0678020564273713,0.547017449901889,0.68217491278045,0,1.27748663031507,0.68217491278045,0.31782508721955,0.68217491278045,0.68217491278045,"all","log"
"7229",5,0.7328,0.669897617395691,"Exp2","mixed","IP",0,0.621189902872011,0.0662533803885284,0.621207471900776,0.68217491278045,0,1.30130840672231,0.68217491278045,0.31782508721955,0.68217491278045,0.68217491278045,"all","log"
"7230",5,1.44778166151097,1.49386796002909,"Exp2","mixed","IP",0,1.44278048189827,0.195375159780549,1.44271994961134,0.167742007742877,0,0.211647208904695,0.167742007742877,0.832257992257123,0.167742007742877,0.167742007742877,"all","log"
"7231",5,0.7328,0.757953809647006,"Exp2","mixed","IP",0,0.621189902872011,0.0662533803885284,0.621238636365678,0.68217491278045,0,1.29514167605561,0.68217491278045,0.31782508721955,0.68217491278045,0.68217491278045,"all","log"
"7232",5,0.7328,0.653881208811072,"Exp2","mixed","IP",0,0.621189902872011,0.0662533803885284,0.620874242236846,0.68217491278045,0,1.29821936500819,0.68217491278045,0.31782508721955,0.68217491278045,0.68217491278045,"all","log"
"7233",5,1.60005476290647,1.55789347481914,"Exp2","mixed","IP",0,1.56797896464163,0.211749528428783,1.5671051084584,0.167742007742877,0,0.133582502022025,0.167742007742877,0.832257992257123,0.167742007742877,0.167742007742877,"all","log"
"7234",5,0.4912,0.573906773361159,"Exp2","mixed","IP",0,0.547030958374785,0.0678020564273713,0.547393001298775,0.68217491278045,0,1.27801816592563,0.68217491278045,0.31782508721955,0.68217491278045,0.68217491278045,"all","log"
"7235",5,0.599959465297448,0.597909771442573,"Exp2","mixed","IP",0,0.582894610329312,0.0666002220874023,0.582733369356653,0.68217491278045,0,1.29037504522183,0.68217491278045,0.31782508721955,0.68217491278045,0.68217491278045,"all","log"
"7236",5,1.31,1.42193578383922,"Exp2","mixed","IP",0,1.32766810427867,0.180426996108224,1.32646562101447,0.167742007742877,0,0.296669396218646,0.167742007742877,0.832257992257123,0.167742007742877,0.167742007742877,"all","log"
"7237",5,1.954332247557,1.54999272250097,"Exp2","mixed","IP",0,1.85228383226721,0.249219236685746,1.85404818685704,0.167742007742877,0,-0.0325588171979099,0.167742007742877,0.832257992257123,0.167742007742877,0.167742007742877,"all","log"
"7238",5,1.76834346805288,1.66189641069832,"Exp2","mixed","IP",0,1.70415602479545,0.229657574272528,1.70378810931172,0.167742007742877,0,0.0547064606071836,0.167742007742877,0.832257992257123,0.167742007742877,0.167742007742877,"all","log"
"7239",5,0.663061306494331,0.749981837350788,"Exp2","mixed","IP",0,0.601727954220378,0.0663228771426252,0.601483676003893,0.68217491278045,0,1.30064502593643,0.68217491278045,0.31782508721955,0.68217491278045,0.68217491278045,"all","log"
"7240",5,1.31,1.32601180572055,"Exp2","mixed","IP",0,1.32766810427867,0.180426996108224,1.32691979585631,0.167742007742877,0,0.288274912222218,0.167742007742877,0.832257992257123,0.167742007742877,0.167742007742877,"all","log"
"7241",5,1.954332247557,1.81386180214577,"Exp2","mixed","IP",0,1.85228383226721,0.249219236685746,1.85181359719382,0.167742007742877,0,-0.0275561447667041,0.167742007742877,0.832257992257123,0.167742007742877,0.167742007742877,"all","log"
"7242",5,1.954332247557,2.14182264048941,"Exp2","mixed","IP",0,1.85228383226721,0.249219236685746,1.85173647845885,0.167742007742877,0,-0.0273768626163318,0.167742007742877,0.832257992257123,0.167742007742877,0.167742007742877,"all","log"
"7243",5,0.542862864224572,0.533867773427119,"Exp2","mixed","IP",0,0.564668998865721,0.0670913880446924,0.564334643663665,0.68217491278045,0,1.29680885905508,0.68217491278045,0.31782508721955,0.68217491278045,0.68217491278045,"all","log"
"7244",5,1.44778166151097,1.34185653995337,"Exp2","mixed","IP",0,1.44278048189827,0.195375159780549,1.44232711211445,0.167742007742877,0,0.211503369574351,0.167742007742877,0.832257992257123,0.167742007742877,0.167742007742877,"all","log"
"7245",5,0.599959465297448,0.533861553341922,"Exp2","mixed","IP",0,0.582894610329312,0.0666002220874023,0.582977338295705,0.68217491278045,0,1.29907523543052,0.68217491278045,0.31782508721955,0.68217491278045,0.68217491278045,"all","log"
"7246",5,0.663061306494331,0.757904359968961,"Exp2","mixed","IP",0,0.601727954220378,0.0663228771426252,0.602028627762851,0.68217491278045,0,1.29394679684767,0.68217491278045,0.31782508721955,0.68217491278045,0.68217491278045,"all","log"
"7247",5,0.7328,0.69390652455877,"Exp2","mixed","IP",0,0.621189902872011,0.0662533803885284,0.620843505779406,0.68217491278045,0,1.29786495600475,0.68217491278045,0.31782508721955,0.68217491278045,0.68217491278045,"all","log"
"7248",5,1.76834346805288,1.37393600776159,"Exp2","mixed","IP",0,1.70415602479545,0.229657574272528,1.70273794526921,0.167742007742877,0,0.0542338007379019,0.167742007742877,0.832257992257123,0.167742007742877,0.167742007742877,"all","log"
"7249",5,0.4912,0.453995347375894,"Exp2","mixed","IP",0,0.547030958374785,0.0678020564273713,0.54701801010832,0.68217491278045,0,1.28682183093082,0.68217491278045,0.31782508721955,0.68217491278045,0.68217491278045,"all","log"
"7250",5,0.4912,0.613891036544373,"Exp2","mixed","IP",0,0.547030958374785,0.0678020564273713,0.546874543835546,0.68217491278045,0,1.28077751630848,0.68217491278045,0.31782508721955,0.68217491278045,0.68217491278045,"all","log"
"7251",5,1.31,1.2619828698862,"Exp2","mixed","IP",0,1.32766810427867,0.180426996108224,1.32930747358237,0.167742007742877,0,0.299465922410733,0.167742007742877,0.832257992257123,0.167742007742877,0.167742007742877,"all","log"
"7252",5,0.542862864224572,0.541961037384681,"Exp2","mixed","IP",0,0.564668998865721,0.0670913880446924,0.564813765166038,0.68217491278045,0,1.2863567238553,0.68217491278045,0.31782508721955,0.68217491278045,0.68217491278045,"all","log"
"7253",5,1.44778166151097,1.74994265081295,"Exp2","mixed","IP",0,1.44278048189827,0.195375159780549,1.44490437720272,0.167742007742877,0,0.216678648867049,0.167742007742877,0.832257992257123,0.167742007742877,0.167742007742877,"all","log"
"7254",5,0.663061306494331,0.525897978161083,"Exp2","mixed","IP",0,0.601727954220378,0.0663228771426252,0.601886645409869,0.68217491278045,0,1.29594848017681,0.68217491278045,0.31782508721955,0.68217491278045,0.68217491278045,"all","log"
"7255",5,1.76834346805288,1.78192135324571,"Exp2","mixed","IP",0,1.70415602479545,0.229657574272528,1.70611455831847,0.167742007742877,0,0.055705323906873,0.167742007742877,0.832257992257123,0.167742007742877,0.167742007742877,"all","log"
"7256",5,1.60005476290647,1.44592323170946,"Exp2","mixed","IP",0,1.56797896464163,0.211749528428783,1.56887487843888,0.167742007742877,0,0.132022025346775,0.167742007742877,0.832257992257123,0.167742007742877,0.167742007742877,"all","log"
"7257",5,0.542862864224572,0.613918404920696,"Exp2","mixed","IP",0,0.564668998865721,0.0670913880446924,0.564730437300741,0.68217491278045,0,1.28317935384185,0.68217491278045,0.31782508721955,0.68217491278045,0.68217491278045,"all","log"
"7258",5,1.44778166151097,1.78192415228114,"Exp2","mixed","IP",0,1.44278048189827,0.195375159780549,1.44363352652192,0.167742007742877,0,0.220139151068658,0.167742007742877,0.832257992257123,0.167742007742877,0.167742007742877,"all","log"
"7259",5,0.599959465297448,0.565896858544875,"Exp2","mixed","IP",0,0.582894610329312,0.0666002220874023,0.582819775887404,0.68217491278045,0,1.29328541805418,0.68217491278045,0.31782508721955,0.68217491278045,0.68217491278045,"all","log"
"7260",5,0.599959465297448,0.525891136068822,"Exp2","mixed","IP",0,0.582894610329312,0.0666002220874023,0.582941389994479,0.68217491278045,0,1.293184376643,0.68217491278045,0.31782508721955,0.68217491278045,0.68217491278045,"all","log"
"7261",5,0.663061306494331,0.621900329355412,"Exp2","mixed","IP",0,0.601727954220378,0.0663228771426252,0.601176174511168,0.68217491278045,0,1.30058361721502,0.68217491278045,0.31782508721955,0.68217491278045,0.68217491278045,"all","log"
"7262",6,1.954332247557,1.98987746508192,"Exp2","mixed","IP",0,1.61561183404013,0.274210160787895,1.61569222659903,0.724557886292792,0,-0.124665606693851,0.724557886292792,0.275442113707208,0.724557886292792,0.724557886292792,"all","log"
"7263",6,1.76834346805288,1.51791370307365,"Exp2","mixed","IP",0,1.57137025690639,0.267653913690555,1.57183591472988,0.724557886292792,0,-0.0992766618457913,0.724557886292792,0.275442113707208,0.724557886292792,0.724557886292792,"all","log"
"7264",6,0.7328,0.973887591318089,"Exp2","mixed","IP",0,0.664595671574032,0.112620982173779,0.664625596733618,0.907542512786432,0,0.765973039213369,0.907542512786432,0.0924574872135677,0.907542512786432,0.907542512786432,"all","log"
"7265",6,0.4912,0.765940859796501,"Exp2","mixed","IP",0,0.640465248506093,0.127067395426556,0.640637899439087,0.907542512786432,0,0.653066918326802,0.907542512786432,0.0924574872135677,0.907542512786432,0.907542512786432,"all","log"
"7266",6,0.542862864224572,0.509913790154314,"Exp2","mixed","IP",0,0.646376783028,0.123029849028198,0.64696208031149,0.907542512786432,0,0.68102036884435,0.907542512786432,0.0924574872135677,0.907542512786432,0.907542512786432,"all","log"
"7267",6,1.76834346805288,1.98190678638184,"Exp2","mixed","IP",0,1.57137025690639,0.267653913690555,1.57195331830046,0.724557886292792,0,-0.101698399542724,0.724557886292792,0.275442113707208,0.724557886292792,0.724557886292792,"all","log"
"7268",6,0.7328,0.741971288264722,"Exp2","mixed","IP",0,0.664595671574032,0.112620982173779,0.663738950885475,0.907542512786432,0,0.765184628025381,0.907542512786432,0.0924574872135677,0.907542512786432,0.907542512786432,"all","log"
"7269",6,1.76834346805288,1.83795002814531,"Exp2","mixed","IP",0,1.57137025690639,0.267653913690555,1.57325170892287,0.724557886292792,0,-0.103125586951456,0.724557886292792,0.275442113707208,0.724557886292792,0.724557886292792,"all","log"
"7270",6,1.31,1.10992747425644,"Exp2","mixed","IP",0,1.44705478957212,0.250045877110065,1.44599619890118,0.724557886292792,0,-0.0270347719732609,0.724557886292792,0.275442113707208,0.724557886292792,0.724557886292792,"all","log"
"7271",6,1.954332247557,1.82190386295952,"Exp2","mixed","IP",0,1.61561183404013,0.274210160787895,1.61367951162249,0.724557886292792,0,-0.128299281208383,0.724557886292792,0.275442113707208,0.724557886292792,0.724557886292792,"all","log"
"7272",6,0.4912,1.07788521525981,"Exp2","mixed","IP",0,0.640465248506093,0.127067395426556,0.640246265683829,0.907542512786432,0,0.65513061163679,0.907542512786432,0.0924574872135677,0.907542512786432,0.907542512786432,"all","log"
"7273",6,1.44778166151097,1.26997891404244,"Exp2","mixed","IP",0,1.48714244814888,0.255566645983265,1.4866590453744,0.724557886292792,0,-0.0588070388682105,0.724557886292792,0.275442113707208,0.724557886292792,0.724557886292792,"all","log"
"7274",6,1.76834346805288,1.50990850311518,"Exp2","mixed","IP",0,1.57137025690639,0.267653913690555,1.5711102357829,0.724557886292792,0,-0.097630348294966,0.724557886292792,0.275442113707208,0.724557886292792,0.724557886292792,"all","log"
"7275",6,1.31,1.44588120954995,"Exp2","mixed","IP",0,1.44705478957212,0.250045877110065,1.44649976100315,0.724557886292792,0,-0.0306493510294571,0.724557886292792,0.275442113707208,0.724557886292792,0.724557886292792,"all","log"
"7276",6,0.599959465297448,0.653933059857991,"Exp2","mixed","IP",0,0.652368149098399,0.119284863105975,0.65223591511002,0.907542512786432,0,0.711683589159323,0.907542512786432,0.0924574872135677,0.907542512786432,0.907542512786432,"all","log"
"7277",6,0.7328,0.877903564397457,"Exp2","mixed","IP",0,0.664595671574032,0.112620982173779,0.664611407598205,0.907542512786432,0,0.760333228096051,0.907542512786432,0.0924574872135677,0.907542512786432,0.907542512786432,"all","log"
"7278",6,1.31,1.25391253370435,"Exp2","mixed","IP",0,1.44705478957212,0.250045877110065,1.44592037809203,0.724557886292792,0,-0.0316932944517627,0.724557886292792,0.275442113707208,0.724557886292792,0.724557886292792,"all","log"
"7279",6,0.663061306494331,0.78192015948116,"Exp2","mixed","IP",0,0.658440664398159,0.115819435626836,0.658710992574922,0.907542512786432,0,0.738466709952583,0.907542512786432,0.0924574872135677,0.907542512786432,0.907542512786432,"all","log"
"7280",6,1.60005476290647,1.3428144155796,"Exp2","mixed","IP",0,1.52856436902926,0.261437977449227,1.529655784518,0.724557886292792,0,-0.0728483056973501,0.724557886292792,0.275442113707208,0.724557886292792,0.724557886292792,"all","log"
"7281",6,1.44778166151097,1.62989133578594,"Exp2","mixed","IP",0,1.48714244814888,0.255566645983265,1.48578843367874,0.724557886292792,0,-0.0478892362834673,0.724557886292792,0.275442113707208,0.724557886292792,0.724557886292792,"all","log"
"7282",6,0.663061306494331,1.20589066402135,"Exp2","mixed","IP",0,0.658440664398159,0.115819435626836,0.658273256477963,0.907542512786432,0,0.733316986388602,0.907542512786432,0.0924574872135677,0.907542512786432,0.907542512786432,"all","log"
"7283",6,0.542862864224572,1.20591803222578,"Exp2","mixed","IP",0,0.646376783028,0.123029849028198,0.64654757032828,0.907542512786432,0,0.680388880608541,0.907542512786432,0.0924574872135677,0.907542512786432,0.907542512786432,"all","log"
"7284",6,1.44778166151097,1.18198298195239,"Exp2","mixed","IP",0,1.48714244814888,0.255566645983265,1.48908306642379,0.724557886292792,0,-0.0541829923533494,0.724557886292792,0.275442113707208,0.724557886292792,0.724557886292792,"all","log"
"7285",6,0.542862864224572,1.14180272500198,"Exp2","mixed","IP",0,0.646376783028,0.123029849028198,0.646114644926971,0.907542512786432,0,0.684036627612706,0.907542512786432,0.0924574872135677,0.907542512786432,0.907542512786432,"all","log"
"7286",6,1.954332247557,1.94184937535192,"Exp2","mixed","IP",0,1.61561183404013,0.274210160787895,1.61605760355968,0.724557886292792,0,-0.122723938222538,0.724557886292792,0.275442113707208,0.724557886292792,0.724557886292792,"all","log"
"7287",6,0.4912,0.709879579897461,"Exp2","mixed","IP",0,0.640465248506093,0.127067395426556,0.640020176396793,0.907542512786432,0,0.646339141712915,0.907542512786432,0.0924574872135677,0.907542512786432,0.907542512786432,"all","log"
"7288",6,1.60005476290647,1.55786257429099,"Exp2","mixed","IP",0,1.52856436902926,0.261437977449227,1.52874734926914,0.724557886292792,0,-0.076101666306946,0.724557886292792,0.275442113707208,0.724557886292792,0.724557886292792,"all","log"
"7289",6,1.60005476290647,1.74187487754261,"Exp2","mixed","IP",0,1.52856436902926,0.261437977449227,1.52969390447173,0.724557886292792,0,-0.0749823434302378,0.724557886292792,0.275442113707208,0.724557886292792,0.724557886292792,"all","log"
"7290",6,0.599959465297448,1.04592661589049,"Exp2","mixed","IP",0,0.652368149098399,0.119284863105975,0.651943702378455,0.907542512786432,0,0.715469649970085,0.907542512786432,0.0924574872135677,0.907542512786432,0.907542512786432,"all","log"
"7291",6,1.31,1.42185876762233,"Exp2","mixed","IP",0,1.44705478957212,0.250045877110065,1.44741917842347,0.724557886292792,0,-0.0252275513025417,0.724557886292792,0.275442113707208,0.724557886292792,0.724557886292792,"all","log"
"7292",6,0.542862864224572,1.06162290345492,"Exp2","mixed","IP",0,0.646376783028,0.123029849028198,0.646715292152952,0.907542512786432,0,0.680309380177643,0.907542512786432,0.0924574872135677,0.907542512786432,0.907542512786432,"all","log"
"7293",6,1.60005476290647,1.41390861507534,"Exp2","mixed","IP",0,1.52856436902926,0.261437977449227,1.5279015921016,0.724557886292792,0,-0.074141460983179,0.724557886292792,0.275442113707208,0.724557886292792,0.724557886292792,"all","log"
"7294",6,1.60005476290647,1.64589147262723,"Exp2","mixed","IP",0,1.52856436902926,0.261437977449227,1.52893092043868,0.724557886292792,0,-0.0735904030162475,0.724557886292792,0.275442113707208,0.724557886292792,0.724557886292792,"all","log"
"7295",6,0.4912,0.548880516014833,"Exp2","mixed","IP",0,0.640465248506093,0.127067395426556,0.638413943979218,0.907542512786432,0,0.645631109007147,0.907542512786432,0.0924574872135677,0.907542512786432,0.907542512786432,"all","log"
"7296",6,0.7328,0.701922274297431,"Exp2","mixed","IP",0,0.664595671574032,0.112620982173779,0.664588033750585,0.907542512786432,0,0.764974290695738,0.907542512786432,0.0924574872135677,0.907542512786432,0.907542512786432,"all","log"
"7297",6,0.663061306494331,0.677600959131269,"Exp2","mixed","IP",0,0.658440664398159,0.115819435626836,0.658559711061065,0.907542512786432,0,0.745985527424252,0.907542512786432,0.0924574872135677,0.907542512786432,0.907542512786432,"all","log"
"7298",6,1.44778166151097,1.38800647506832,"Exp2","mixed","IP",0,1.48714244814888,0.255566645983265,1.48710238079114,0.724557886292792,0,-0.0531466251772753,0.724557886292792,0.275442113707208,0.724557886292792,0.724557886292792,"all","log"
"7299",6,1.31,1.44592661589013,"Exp2","mixed","IP",0,1.44705478957212,0.250045877110065,1.44636565198978,0.724557886292792,0,-0.0357758942812457,0.724557886292792,0.275442113707208,0.724557886292792,0.724557886292792,"all","log"
"7300",6,1.954332247557,1.26188196839576,"Exp2","mixed","IP",0,1.61561183404013,0.274210160787895,1.6143039236817,0.724557886292792,0,-0.125705494171927,0.724557886292792,0.275442113707208,0.724557886292792,0.724557886292792,"all","log"
"7301",6,0.663061306494331,1.18991727338016,"Exp2","mixed","IP",0,0.658440664398159,0.115819435626836,0.65828754008581,0.907542512786432,0,0.743723924178909,0.907542512786432,0.0924574872135677,0.907542512786432,0.907542512786432,"all","log"
"7302",6,1.954332247557,1.34223564024524,"Exp2","mixed","IP",0,1.61561183404013,0.274210160787895,1.61508227527073,0.724557886292792,0,-0.125346752791679,0.724557886292792,0.275442113707208,0.724557886292792,0.724557886292792,"all","log"
"7303",6,0.663061306494331,0.741912508824498,"Exp2","mixed","IP",0,0.658440664398159,0.115819435626836,0.658176156903215,0.907542512786432,0,0.744947428398491,0.907542512786432,0.0924574872135677,0.907542512786432,0.907542512786432,"all","log"
"7304",6,0.599959465297448,0.621891422866611,"Exp2","mixed","IP",0,0.652368149098399,0.119284863105975,0.652317741282974,0.907542512786432,0,0.705670240286467,0.907542512786432,0.0924574872135677,0.907542512786432,0.907542512786432,"all","log"
"7305",6,0.542862864224572,0.854000858365907,"Exp2","mixed","IP",0,0.646376783028,0.123029849028198,0.646958827007268,0.907542512786432,0,0.678545821613285,0.907542512786432,0.0924574872135677,0.907542512786432,0.907542512786432,"all","log"
"7306",6,0.7328,1.07788179423369,"Exp2","mixed","IP",0,0.664595671574032,0.112620982173779,0.664642809690732,0.907542512786432,0,0.76909786873832,0.907542512786432,0.0924574872135677,0.907542512786432,0.907542512786432,"all","log"
"7307",6,1.60005476290647,1.3419193508762,"Exp2","mixed","IP",0,1.52856436902926,0.261437977449227,1.52608641869795,0.724557886292792,0,-0.0800508790362381,0.724557886292792,0.275442113707208,0.724557886292792,0.724557886292792,"all","log"
"7308",6,0.542862864224572,0.709908814116716,"Exp2","mixed","IP",0,0.646376783028,0.123029849028198,0.646333889991036,0.907542512786432,0,0.674589285227585,0.907542512786432,0.0924574872135677,0.907542512786432,0.907542512786432,"all","log"
"7309",6,0.663061306494331,0.949975866218665,"Exp2","mixed","IP",0,0.658440664398159,0.115819435626836,0.658478166099109,0.907542512786432,0,0.736236980131151,0.907542512786432,0.0924574872135677,0.907542512786432,0.907542512786432,"all","log"
"7310",6,1.31,1.10989419700672,"Exp2","mixed","IP",0,1.44705478957212,0.250045877110065,1.44762899660968,0.724557886292792,0,-0.0277311132357075,0.724557886292792,0.275442113707208,0.724557886292792,0.724557886292792,"all","log"
"7311",6,0.7328,1.10988517793976,"Exp2","mixed","IP",0,0.664595671574032,0.112620982173779,0.663615364763343,0.907542512786432,0,0.761677892214955,0.907542512786432,0.0924574872135677,0.907542512786432,0.907542512786432,"all","log"
"7312",6,0.4912,0.845921639853259,"Exp2","mixed","IP",0,0.640465248506093,0.127067395426556,0.641040557335452,0.907542512786432,0,0.649266602857203,0.907542512786432,0.0924574872135677,0.907542512786432,0.907542512786432,"all","log"
"7313",6,1.44778166151097,1.55788745447717,"Exp2","mixed","IP",0,1.48714244814888,0.255566645983265,1.48781950931161,0.724557886292792,0,-0.0524156145346632,0.724557886292792,0.275442113707208,0.724557886292792,0.724557886292792,"all","log"
"7314",6,1.60005476290647,1.75758267219408,"Exp2","mixed","IP",0,1.52856436902926,0.261437977449227,1.52963054515518,0.724557886292792,0,-0.0816025898564854,0.724557886292792,0.275442113707208,0.724557886292792,0.724557886292792,"all","log"
"7315",6,1.76834346805288,1.15792757377767,"Exp2","mixed","IP",0,1.57137025690639,0.267653913690555,1.57270288466483,0.724557886292792,0,-0.101540572897584,0.724557886292792,0.275442113707208,0.724557886292792,0.724557886292792,"all","log"
"7316",6,1.44778166151097,1.02636145934684,"Exp2","mixed","IP",0,1.48714244814888,0.255566645983265,1.48876792186011,0.724557886292792,0,-0.0572280529886209,0.724557886292792,0.275442113707208,0.724557886292792,0.724557886292792,"all","log"
"7317",6,1.76834346805288,1.78989270419606,"Exp2","mixed","IP",0,1.57137025690639,0.267653913690555,1.5716954500922,0.724557886292792,0,-0.098190114417493,0.724557886292792,0.275442113707208,0.724557886292792,0.724557886292792,"all","log"
"7318",6,0.599959465297448,0.821881470791595,"Exp2","mixed","IP",0,0.652368149098399,0.119284863105975,0.652928454483301,0.907542512786432,0,0.705693700558769,0.907542512786432,0.0924574872135677,0.907542512786432,0.907542512786432,"all","log"
"7319",6,1.44778166151097,1.47789765535344,"Exp2","mixed","IP",0,1.48714244814888,0.255566645983265,1.4867271382978,0.724557886292792,0,-0.0505386615415486,0.724557886292792,0.275442113707208,0.724557886292792,0.724557886292792,"all","log"
"7320",6,0.7328,0.789934378507496,"Exp2","mixed","IP",0,0.664595671574032,0.112620982173779,0.663791184429502,0.907542512786432,0,0.766812310665546,0.907542512786432,0.0924574872135677,0.907542512786432,0.907542512786432,"all","log"
"7321",6,1.31,1.11788540186171,"Exp2","mixed","IP",0,1.44705478957212,0.250045877110065,1.44597367805185,0.724557886292792,0,-0.0239234873944974,0.724557886292792,0.275442113707208,0.724557886292792,0.724557886292792,"all","log"
"7322",6,1.76834346805288,1.16597040501892,"Exp2","mixed","IP",0,1.57137025690639,0.267653913690555,1.57255443896613,0.724557886292792,0,-0.103167612778647,0.724557886292792,0.275442113707208,0.724557886292792,0.724557886292792,"all","log"
"7323",6,1.44778166151097,1.26194914489861,"Exp2","mixed","IP",0,1.48714244814888,0.255566645983265,1.48583903249982,0.724557886292792,0,-0.0488886658003446,0.724557886292792,0.275442113707208,0.724557886292792,0.724557886292792,"all","log"
"7324",6,1.954332247557,1.2617454383726,"Exp2","mixed","IP",0,1.61561183404013,0.274210160787895,1.6165369000799,0.724557886292792,0,-0.121524519272791,0.724557886292792,0.275442113707208,0.724557886292792,0.724557886292792,"all","log"
"7325",6,1.954332247557,1.23798952544075,"Exp2","mixed","IP",0,1.61561183404013,0.274210160787895,1.61738741475698,0.724557886292792,0,-0.121669400245871,0.724557886292792,0.275442113707208,0.724557886292792,0.724557886292792,"all","log"
"7326",6,1.60005476290647,1.14198403936007,"Exp2","mixed","IP",0,1.52856436902926,0.261437977449227,1.52885255735381,0.724557886292792,0,-0.0734022312952315,0.724557886292792,0.275442113707208,0.724557886292792,0.724557886292792,"all","log"
"7327",6,1.44778166151097,1.13388149567163,"Exp2","mixed","IP",0,1.48714244814888,0.255566645983265,1.48765854849748,0.724557886292792,0,-0.0535061944673036,0.724557886292792,0.275442113707208,0.724557886292792,0.724557886292792,"all","log"
"7328",6,0.7328,0.629995521566343,"Exp2","mixed","IP",0,0.664595671574032,0.112620982173779,0.664932626453667,0.907542512786432,0,0.760991061060992,0.907542512786432,0.0924574872135677,0.907542512786432,0.907542512786432,"all","log"
"7329",6,0.663061306494331,0.877882416239117,"Exp2","mixed","IP",0,0.658440664398159,0.115819435626836,0.659026670525199,0.907542512786432,0,0.738623821873018,0.907542512786432,0.0924574872135677,0.907542512786432,0.907542512786432,"all","log"
"7330",6,1.60005476290647,0.973975604976658,"Exp2","mixed","IP",0,1.52856436902926,0.261437977449227,1.52632070881903,0.724557886292792,0,-0.0775200975870308,0.724557886292792,0.275442113707208,0.724557886292792,0.724557886292792,"all","log"
"7331",6,0.542862864224572,0.653905691653563,"Exp2","mixed","IP",0,0.646376783028,0.123029849028198,0.647154016621604,0.907542512786432,0,0.677636361549842,0.907542512786432,0.0924574872135677,0.907542512786432,0.907542512786432,"all","log"
"7332",6,0.599959465297448,0.645913864794238,"Exp2","mixed","IP",0,0.652368149098399,0.119284863105975,0.652105521390184,0.907542512786432,0,0.710930773732199,0.907542512786432,0.0924574872135677,0.907542512786432,0.907542512786432,"all","log"
"7333",6,0.7328,0.709896374023629,"Exp2","mixed","IP",0,0.664595671574032,0.112620982173779,0.663887900871376,0.907542512786432,0,0.766094914243351,0.907542512786432,0.0924574872135677,0.907542512786432,0.907542512786432,"all","log"
"7334",6,0.4912,0.626370478414174,"Exp2","mixed","IP",0,0.640465248506093,0.127067395426556,0.640135893735205,0.907542512786432,0,0.647619187726029,0.907542512786432,0.0924574872135677,0.907542512786432,0.907542512786432,"all","log"
"7335",6,0.663061306494331,0.725899620887503,"Exp2","mixed","IP",0,0.658440664398159,0.115819435626836,0.658934052587561,0.907542512786432,0,0.738654430965506,0.907542512786432,0.0924574872135677,0.907542512786432,0.907542512786432,"all","log"
"7336",6,1.954332247557,1.11791681309751,"Exp2","mixed","IP",0,1.61561183404013,0.274210160787895,1.61560132357289,0.724557886292792,0,-0.126253709720162,0.724557886292792,0.275442113707208,0.724557886292792,0.724557886292792,"all","log"
"7337",6,0.599959465297448,0.861887877440495,"Exp2","mixed","IP",0,0.652368149098399,0.119284863105975,0.652410971034693,0.907542512786432,0,0.71711405163241,0.907542512786432,0.0924574872135677,0.907542512786432,0.907542512786432,"all","log"
"7338",6,1.31,1.07786624411801,"Exp2","mixed","IP",0,1.44705478957212,0.250045877110065,1.44811118295072,0.724557886292792,0,-0.0264371149682928,0.724557886292792,0.275442113707208,0.724557886292792,0.724557886292792,"all","log"
"7339",6,0.4912,0.997936468444095,"Exp2","mixed","IP",0,0.640465248506093,0.127067395426556,0.640470581453541,0.907542512786432,0,0.653667548635693,0.907542512786432,0.0924574872135677,0.907542512786432,0.907542512786432,"all","log"
"7340",6,1.31,1.23794411910148,"Exp2","mixed","IP",0,1.44705478957212,0.250045877110065,1.44885494117822,0.724557886292792,0,-0.0383471547161385,0.724557886292792,0.275442113707208,0.724557886292792,0.724557886292792,"all","log"
"7341",6,0.4912,0.741932101970633,"Exp2","mixed","IP",0,0.640465248506093,0.127067395426556,0.64073000338608,0.907542512786432,0,0.650434758619579,0.907542512786432,0.0924574872135677,0.907542512786432,0.907542512786432,"all","log"
"7342",6,0.542862864224572,0.805802961363952,"Exp2","mixed","IP",0,0.646376783028,0.123029849028198,0.64691409489435,0.907542512786432,0,0.681100806868983,0.907542512786432,0.0924574872135677,0.907542512786432,0.907542512786432,"all","log"
"7343",6,1.76834346805288,1.34992921586945,"Exp2","mixed","IP",0,1.57137025690639,0.267653913690555,1.57132701231282,0.724557886292792,0,-0.0961593628436123,0.724557886292792,0.275442113707208,0.724557886292792,0.724557886292792,"all","log"
"7344",6,1.76834346805288,1.10188153299168,"Exp2","mixed","IP",0,1.57137025690639,0.267653913690555,1.57039648185602,0.724557886292792,0,-0.103679831569474,0.724557886292792,0.275442113707208,0.724557886292792,0.724557886292792,"all","log"
"7345",6,0.542862864224572,0.717818847362651,"Exp2","mixed","IP",0,0.646376783028,0.123029849028198,0.64621980647405,0.907542512786432,0,0.684750176082519,0.907542512786432,0.0924574872135677,0.907542512786432,0.907542512786432,"all","log"
"7346",6,0.599959465297448,0.797953573572158,"Exp2","mixed","IP",0,0.652368149098399,0.119284863105975,0.651851737358637,0.907542512786432,0,0.711966836561782,0.907542512786432,0.0924574872135677,0.907542512786432,0.907542512786432,"all","log"
"7347",6,1.60005476290647,0.86193297277805,"Exp2","mixed","IP",0,1.52856436902926,0.261437977449227,1.5277921888154,0.724557886292792,0,-0.0796154902889762,0.724557886292792,0.275442113707208,0.724557886292792,0.724557886292792,"all","log"
"7348",6,0.663061306494331,1.16591411359605,"Exp2","mixed","IP",0,0.658440664398159,0.115819435626836,0.65894787525818,0.907542512786432,0,0.739018475576475,0.907542512786432,0.0924574872135677,0.907542512786432,0.907542512786432,"all","log"
"7349",6,1.954332247557,1.23791177485873,"Exp2","mixed","IP",0,1.61561183404013,0.274210160787895,1.61542628938355,0.724557886292792,0,-0.125692247322484,0.724557886292792,0.275442113707208,0.724557886292792,0.724557886292792,"all","log"
"7350",6,1.76834346805288,1.95793254981436,"Exp2","mixed","IP",0,1.57137025690639,0.267653913690555,1.57122672246011,0.724557886292792,0,-0.098426042452827,0.724557886292792,0.275442113707208,0.724557886292792,0.724557886292792,"all","log"
"7351",6,0.663061306494331,1.22187960477731,"Exp2","mixed","IP",0,0.658440664398159,0.115819435626836,0.659066921655251,0.907542512786432,0,0.746092140083292,0.907542512786432,0.0924574872135677,0.907542512786432,0.907542512786432,"all","log"
"7352",6,0.599959465297448,1.19791438727862,"Exp2","mixed","IP",0,0.652368149098399,0.119284863105975,0.653492930767468,0.907542512786432,0,0.710528876679263,0.907542512786432,0.0924574872135677,0.907542512786432,0.907542512786432,"all","log"
"7353",6,1.76834346805288,1.50987491486285,"Exp2","mixed","IP",0,1.57137025690639,0.267653913690555,1.57184830908545,0.724557886292792,0,-0.1023537781191,0.724557886292792,0.275442113707208,0.724557886292792,0.724557886292792,"all","log"
"7354",6,1.31,0.973924911597351,"Exp2","mixed","IP",0,1.44705478957212,0.250045877110065,1.44808301224245,0.724557886292792,0,-0.0343072789639895,0.724557886292792,0.275442113707208,0.724557886292792,0.724557886292792,"all","log"
"7355",6,0.663061306494331,0.8858941472472,"Exp2","mixed","IP",0,0.658440664398159,0.115819435626836,0.657702966911458,0.907542512786432,0,0.739915754616915,0.907542512786432,0.0924574872135677,0.907542512786432,0.907542512786432,"all","log"
"7356",6,0.663061306494331,0.925915171003908,"Exp2","mixed","IP",0,0.658440664398159,0.115819435626836,0.657598988108024,0.907542512786432,0,0.742019388871369,0.907542512786432,0.0924574872135677,0.907542512786432,0.907542512786432,"all","log"
"7357",6,0.4912,0.717868918737622,"Exp2","mixed","IP",0,0.640465248506093,0.127067395426556,0.640155779257459,0.907542512786432,0,0.646886052574371,0.907542512786432,0.0924574872135677,0.907542512786432,0.907542512786432,"all","log"
"7358",6,0.7328,0.677869354140967,"Exp2","mixed","IP",0,0.664595671574032,0.112620982173779,0.664639638789146,0.907542512786432,0,0.765226553193378,0.907542512786432,0.0924574872135677,0.907542512786432,0.907542512786432,"all","log"
"7359",6,0.663061306494331,0.837880985628544,"Exp2","mixed","IP",0,0.658440664398159,0.115819435626836,0.659130346218539,0.907542512786432,0,0.748009427705736,0.907542512786432,0.0924574872135677,0.907542512786432,0.907542512786432,"all","log"
"7360",6,1.44778166151097,1.5012987146265,"Exp2","mixed","IP",0,1.48714244814888,0.255566645983265,1.48574629362516,0.724557886292792,0,-0.0548562978056265,0.724557886292792,0.275442113707208,0.724557886292792,0.724557886292792,"all","log"
"7361",6,0.542862864224572,1.34994663199996,"Exp2","mixed","IP",0,0.646376783028,0.123029849028198,0.646545758292637,0.907542512786432,0,0.685259120680276,0.907542512786432,0.0924574872135677,0.907542512786432,0.907542512786432,"all","log"
"7362",6,0.7328,0.901952130521749,"Exp2","mixed","IP",0,0.664595671574032,0.112620982173779,0.664637415361022,0.907542512786432,0,0.766315793778977,0.907542512786432,0.0924574872135677,0.907542512786432,0.907542512786432,"all","log"
"7363",6,1.31,1.26983149893749,"Exp2","mixed","IP",0,1.44705478957212,0.250045877110065,1.44871841347008,0.724557886292792,0,-0.0291834133280277,0.724557886292792,0.275442113707208,0.724557886292792,0.724557886292792,"all","log"
"7364",6,0.4912,1.06191711165866,"Exp2","mixed","IP",0,0.640465248506093,0.127067395426556,0.640805289567684,0.907542512786432,0,0.656243983241334,0.907542512786432,0.0924574872135677,0.907542512786432,0.907542512786432,"all","log"
"7365",6,1.31,1.43796464525531,"Exp2","mixed","IP",0,1.44705478957212,0.250045877110065,1.44673305712531,0.724557886292792,0,-0.0309434402025872,0.724557886292792,0.275442113707208,0.724557886292792,0.724557886292792,"all","log"
"7366",6,0.542862864224572,0.99792744937622,"Exp2","mixed","IP",0,0.646376783028,0.123029849028198,0.646394304269446,0.907542512786432,0,0.685740827933747,0.907542512786432,0.0924574872135677,0.907542512786432,0.907542512786432,"all","log"
"7367",6,1.44778166151097,1.30190703518383,"Exp2","mixed","IP",0,1.48714244814888,0.255566645983265,1.48846850976867,0.724557886292792,0,-0.0551922538038346,0.724557886292792,0.275442113707208,0.724557886292792,0.724557886292792,"all","log"
"7368",6,1.60005476290647,1.8699300866765,"Exp2","mixed","IP",0,1.52856436902926,0.261437977449227,1.52942494135055,0.724557886292792,0,-0.0731987651813506,0.724557886292792,0.275442113707208,0.724557886292792,0.724557886292792,"all","log"
"7369",6,1.44778166151097,1.62988853676507,"Exp2","mixed","IP",0,1.48714244814888,0.255566645983265,1.48704864930847,0.724557886292792,0,-0.0505290176960978,0.724557886292792,0.275442113707208,0.724557886292792,0.724557886292792,"all","log"
"7370",6,1.31,1.51794635831811,"Exp2","mixed","IP",0,1.44705478957212,0.250045877110065,1.44595615981776,0.724557886292792,0,-0.0293179785458655,0.724557886292792,0.275442113707208,0.724557886292792,0.724557886292792,"all","log"
"7371",6,1.60005476290647,1.91787731580098,"Exp2","mixed","IP",0,1.52856436902926,0.261437977449227,1.52800309490864,0.724557886292792,0,-0.0735951376837983,0.724557886292792,0.275442113707208,0.724557886292792,0.724557886292792,"all","log"
"7372",6,1.76834346805288,1.64586068339668,"Exp2","mixed","IP",0,1.57137025690639,0.267653913690555,1.57021363887698,0.724557886292792,0,-0.0992140192762062,0.724557886292792,0.275442113707208,0.724557886292792,0.724557886292792,"all","log"
"7373",6,1.954332247557,1.27787526318571,"Exp2","mixed","IP",0,1.61561183404013,0.274210160787895,1.61689585050524,0.724557886292792,0,-0.119276467187699,0.724557886292792,0.275442113707208,0.724557886292792,0.724557886292792,"all","log"
"7374",6,0.542862864224572,1.35787314836944,"Exp2","mixed","IP",0,0.646376783028,0.123029849028198,0.645723568446933,0.907542512786432,0,0.682163772167487,0.907542512786432,0.0924574872135677,0.907542512786432,0.907542512786432,"all","log"
"7375",6,0.542862864224572,1.14987883349204,"Exp2","mixed","IP",0,0.646376783028,0.123029849028198,0.646251825993391,0.907542512786432,0,0.682911623470916,0.907542512786432,0.0924574872135677,0.907542512786432,0.907542512786432,"all","log"
"7376",6,1.60005476290647,1.22194771428804,"Exp2","mixed","IP",0,1.52856436902926,0.261437977449227,1.52945378854573,0.724557886292792,0,-0.0807266612154008,0.724557886292792,0.275442113707208,0.724557886292792,0.724557886292792,"all","log"
"7377",6,1.44778166151097,1.3499600051,"Exp2","mixed","IP",0,1.48714244814888,0.255566645983265,1.48804597810613,0.724557886292792,0,-0.0501611458578902,0.724557886292792,0.275442113707208,0.724557886292792,0.724557886292792,"all","log"
"7378",6,0.599959465297448,1.08550135130463,"Exp2","mixed","IP",0,0.652368149098399,0.119284863105975,0.651898695926772,0.907542512786432,0,0.713727566158677,0.907542512786432,0.0924574872135677,0.907542512786432,0.907542512786432,"all","log"
"7379",6,0.7328,0.969976737025718,"Exp2","mixed","IP",0,0.664595671574032,0.112620982173779,0.663770160599435,0.907542512786432,0,0.766362379440823,0.907542512786432,0.0924574872135677,0.907542512786432,0.907542512786432,"all","log"
"7380",6,0.599959465297448,0.893799826460963,"Exp2","mixed","IP",0,0.652368149098399,0.119284863105975,0.651744745456845,0.907542512786432,0,0.716456633393843,0.907542512786432,0.0924574872135677,0.907542512786432,0.907542512786432,"all","log"
"7381",6,0.599959465297448,1.05386401734086,"Exp2","mixed","IP",0,0.652368149098399,0.119284863105975,0.651824488795395,0.907542512786432,0,0.714253623442033,0.907542512786432,0.0924574872135677,0.907542512786432,0.907542512786432,"all","log"
"7382",6,1.954332247557,1.66993133068536,"Exp2","mixed","IP",0,1.61561183404013,0.274210160787895,1.61676787639256,0.724557886292792,0,-0.125299468222457,0.724557886292792,0.275442113707208,0.724557886292792,0.724557886292792,"all","log"
"7383",6,0.7328,1.19797689874667,"Exp2","mixed","IP",0,0.664595671574032,0.112620982173779,0.664258422364705,0.907542512786432,0,0.768140531417874,0.907542512786432,0.0924574872135677,0.907542512786432,0.907542512786432,"all","log"
"7384",6,1.76834346805288,1.34190566677353,"Exp2","mixed","IP",0,1.57137025690639,0.267653913690555,1.57188173232685,0.724557886292792,0,-0.100018929445497,0.724557886292792,0.275442113707208,0.724557886292792,0.724557886292792,"all","log"
"7385",6,1.954332247557,1.49387944305636,"Exp2","mixed","IP",0,1.61561183404013,0.274210160787895,1.61681495702503,0.724557886292792,0,-0.123627525993447,0.724557886292792,0.275442113707208,0.724557886292792,0.724557886292792,"all","log"
"7386",6,0.599959465297448,1.2058962620622,"Exp2","mixed","IP",0,0.652368149098399,0.119284863105975,0.651816752690293,0.907542512786432,0,0.70689671079383,0.907542512786432,0.0924574872135677,0.907542512786432,0.907542512786432,"all","log"
"7387",6,1.76834346805288,1.65390227062744,"Exp2","mixed","IP",0,1.57137025690639,0.267653913690555,1.57328133799647,0.724557886292792,0,-0.0951657272782603,0.724557886292792,0.275442113707208,0.724557886292792,0.724557886292792,"all","log"
"7388",6,0.4912,1.05387241440349,"Exp2","mixed","IP",0,0.640465248506093,0.127067395426556,0.640183561193764,0.907542512786432,0,0.650285570287944,0.907542512786432,0.0924574872135677,0.907542512786432,0.907542512786432,"all","log"
"7389",7,1.76834346805288,1.02190810446336,"Exp2","mixed","IP",0,1.69498972136546,0.185714083477708,1.69466746193608,0.570454816528348,0,0.2676664181956,0.570454816528348,0.429545183471652,0.570454816528348,0.570454816528348,"all","log"
"7390",7,1.954332247557,1.23797023067891,"Exp2","mixed","IP",0,1.76949095426054,0.193382661247774,1.76938222958415,0.570454816528348,0,0.226079434829883,0.570454816528348,0.429545183471652,0.570454816528348,0.570454816528348,"all","log"
"7391",7,1.954332247557,1.43793166613614,"Exp2","mixed","IP",0,1.76949095426054,0.193382661247774,1.76913931388966,0.570454816528348,0,0.231536322015221,0.570454816528348,0.429545183471652,0.570454816528348,0.570454816528348,"all","log"
"7392",7,1.954332247557,1.43787070931285,"Exp2","mixed","IP",0,1.76949095426054,0.193382661247774,1.76869097903487,0.570454816528348,0,0.229918817415902,0.570454816528348,0.429545183471652,0.570454816528348,0.570454816528348,"all","log"
"7393",7,1.76834346805288,1.26189952074492,"Exp2","mixed","IP",0,1.69498972136546,0.185714083477708,1.69667227022139,0.570454816528348,0,0.267882625892997,0.570454816528348,0.429545183471652,0.570454816528348,0.570454816528348,"all","log"
"7394",7,0.663061306494331,0.581898960939725,"Exp2","mixed","IP",0,0.665324159047275,0.0845970111920015,0.665132448229911,0.634384102307744,0,1.0568388521606,0.634384102307744,0.365615897692256,0.634384102307744,0.634384102307744,"all","log"
"7395",7,0.599959465297448,0.63790678580699,"Exp2","mixed","IP",0,0.641423614667531,0.0842833539537739,0.6416701238706,0.634384102307744,0,1.0605267431739,0.634384102307744,0.365615897692256,0.634384102307744,0.634384102307744,"all","log"
"7396",7,0.7328,0.662002774159191,"Exp2","mixed","IP",0,0.690145544400015,0.0851892824975846,0.690393358092959,0.634384102307744,0,1.04370790464855,0.634384102307744,0.365615897692256,0.634384102307744,0.634384102307744,"all","log"
"7397",7,0.599959465297448,0.669926229791599,"Exp2","mixed","IP",0,0.641423614667531,0.0842833539537739,0.641734308605724,0.634384102307744,0,1.06178956551027,0.634384102307744,0.365615897692256,0.634384102307744,0.634384102307744,"all","log"
"7398",7,1.31,1.10191612837662,"Exp2","mixed","IP",0,1.4901311817726,0.165089688067927,1.48952763525288,0.570454816528348,0,0.385820836335571,0.570454816528348,0.429545183471652,0.570454816528348,0.570454816528348,"all","log"
"7399",7,0.542862864224572,0.71796892445127,"Exp2","mixed","IP",0,0.618408767490751,0.0842546417197485,0.618397018662605,0.634384102307744,0,1.06251451560424,0.634384102307744,0.365615897692256,0.634384102307744,0.634384102307744,"all","log"
"7400",7,1.31,1.19789795328688,"Exp2","mixed","IP",0,1.4901311817726,0.165089688067927,1.49025130700703,0.570454816528348,0,0.387234296659813,0.570454816528348,0.429545183471652,0.570454816528348,0.570454816528348,"all","log"
"7401",7,0.663061306494331,0.869871182047063,"Exp2","mixed","IP",0,0.665324159047275,0.0845970111920015,0.664622407249321,0.634384102307744,0,1.05399479273716,0.634384102307744,0.365615897692256,0.634384102307744,0.634384102307744,"all","log"
"7402",7,0.599959465297448,0.685979025874985,"Exp2","mixed","IP",0,0.641423614667531,0.0842833539537739,0.641551812988396,0.634384102307744,0,1.05711411204533,0.634384102307744,0.365615897692256,0.634384102307744,0.634384102307744,"all","log"
"7403",7,1.44778166151097,1.52587962891266,"Exp2","mixed","IP",0,1.55544680765541,0.171573997950735,1.55392951416151,0.570454816528348,0,0.346949844253449,0.570454816528348,0.429545183471652,0.570454816528348,0.570454816528348,"all","log"
"7404",7,1.60005476290647,1.4539188403287,"Exp2","mixed","IP",0,1.62368837133185,0.178446934138464,1.62482948432934,0.570454816528348,0,0.305811117755315,0.570454816528348,0.429545183471652,0.570454816528348,0.570454816528348,"all","log"
"7405",7,0.542862864224572,0.66990259346494,"Exp2","mixed","IP",0,0.618408767490751,0.0842546417197485,0.618275480241222,0.634384102307744,0,1.06019650440556,0.634384102307744,0.365615897692256,0.634384102307744,0.634384102307744,"all","log"
"7406",7,0.663061306494331,0.701968999099336,"Exp2","mixed","IP",0,0.665324159047275,0.0845970111920015,0.665591939306345,0.634384102307744,0,1.05739121708369,0.634384102307744,0.365615897692256,0.634384102307744,0.634384102307744,"all","log"
"7407",7,1.76834346805288,1.38996547853458,"Exp2","mixed","IP",0,1.69498972136546,0.185714083477708,1.69444374900545,0.570454816528348,0,0.27124158430451,0.570454816528348,0.429545183471652,0.570454816528348,0.570454816528348,"all","log"
"7408",7,0.542862864224572,0.725889581051888,"Exp2","mixed","IP",0,0.618408767490751,0.0842546417197485,0.617937494827664,0.634384102307744,0,1.0585971644899,0.634384102307744,0.365615897692256,0.634384102307744,0.634384102307744,"all","log"
"7409",7,1.31,1.14998401438061,"Exp2","mixed","IP",0,1.4901311817726,0.165089688067927,1.48902624571801,0.570454816528348,0,0.384323546653985,0.570454816528348,0.429545183471652,0.570454816528348,0.570454816528348,"all","log"
"7410",7,1.954332247557,1.34995540199452,"Exp2","mixed","IP",0,1.76949095426054,0.193382661247774,1.76927279541992,0.570454816528348,0,0.219389791063221,0.570454816528348,0.429545183471652,0.570454816528348,0.570454816528348,"all","log"
"7411",7,0.4912,0.525920059459168,"Exp2","mixed","IP",0,0.596245850635504,0.0845168728355686,0.595616942694455,0.634384102307744,0,1.05899951950842,0.634384102307744,0.365615897692256,0.634384102307744,0.634384102307744,"all","log"
"7412",7,1.44778166151097,1.69394664411084,"Exp2","mixed","IP",0,1.55544680765541,0.171573997950735,1.55607789783754,0.570454816528348,0,0.341115487449253,0.570454816528348,0.429545183471652,0.570454816528348,0.570454816528348,"all","log"
"7413",7,0.663061306494331,0.533952677607886,"Exp2","mixed","IP",0,0.665324159047275,0.0845970111920015,0.666201911876417,0.634384102307744,0,1.05018027622859,0.634384102307744,0.365615897692256,0.634384102307744,0.634384102307744,"all","log"
"7414",7,1.60005476290647,1.42992579439306,"Exp2","mixed","IP",0,1.62368837133185,0.178446934138464,1.62399933457172,0.570454816528348,0,0.303339416233865,0.570454816528348,0.429545183471652,0.570454816528348,0.570454816528348,"all","log"
"7415",7,1.76834346805288,1.42187202797504,"Exp2","mixed","IP",0,1.69498972136546,0.185714083477708,1.69507517319952,0.570454816528348,0,0.269414639465661,0.570454816528348,0.429545183471652,0.570454816528348,0.570454816528348,"all","log"
"7416",7,0.4912,0.645945935029886,"Exp2","mixed","IP",0,0.596245850635504,0.0845168728355686,0.596569772582581,0.634384102307744,0,1.05300305668051,0.634384102307744,0.365615897692256,0.634384102307744,0.634384102307744,"all","log"
"7417",7,1.44778166151097,1.23796587662946,"Exp2","mixed","IP",0,1.55544680765541,0.171573997950735,1.55514776398697,0.570454816528348,0,0.346609765018612,0.570454816528348,0.429545183471652,0.570454816528348,0.570454816528348,"all","log"
"7418",7,0.4912,0.581906425039051,"Exp2","mixed","IP",0,0.596245850635504,0.0845168728355686,0.596336002612528,0.634384102307744,0,1.05361703046762,0.634384102307744,0.365615897692256,0.634384102307744,0.634384102307744,"all","log"
"7419",7,0.542862864224572,0.581921042248723,"Exp2","mixed","IP",0,0.618408767490751,0.0842546417197485,0.617885033278756,0.634384102307744,0,1.06196670726331,0.634384102307744,0.365615897692256,0.634384102307744,0.634384102307744,"all","log"
"7420",7,0.599959465297448,0.598001206701156,"Exp2","mixed","IP",0,0.641423614667531,0.0842833539537739,0.641162494018985,0.634384102307744,0,1.05965059648613,0.634384102307744,0.365615897692256,0.634384102307744,0.634384102307744,"all","log"
"7421",7,0.7328,0.709898052809876,"Exp2","mixed","IP",0,0.690145544400015,0.0851892824975846,0.690738009735044,0.634384102307744,0,1.05096272998862,0.634384102307744,0.365615897692256,0.634384102307744,0.634384102307744,"all","log"
"7422",7,0.4912,0.613913428853266,"Exp2","mixed","IP",0,0.596245850635504,0.0845168728355686,0.596537545420508,0.634384102307744,0,1.05828021460277,0.634384102307744,0.365615897692256,0.634384102307744,0.634384102307744,"all","log"
"7423",7,1.31,1.53387617054977,"Exp2","mixed","IP",0,1.4901311817726,0.165089688067927,1.48974289060938,0.570454816528348,0,0.377632787874792,0.570454816528348,0.429545183471652,0.570454816528348,0.570454816528348,"all","log"
"7424",7,0.7328,0.861862822246621,"Exp2","mixed","IP",0,0.690145544400015,0.0851892824975846,0.690306817008724,0.634384102307744,0,1.04600201438229,0.634384102307744,0.365615897692256,0.634384102307744,0.634384102307744,"all","log"
"7425",7,0.7328,0.741994314856129,"Exp2","mixed","IP",0,0.690145544400015,0.0851892824975846,0.690019506060088,0.634384102307744,0,1.04799041287663,0.634384102307744,0.365615897692256,0.634384102307744,0.634384102307744,"all","log"
"7426",7,1.76834346805288,0.925961734043085,"Exp2","mixed","IP",0,1.69498972136546,0.185714083477708,1.69503373548219,0.570454816528348,0,0.270129629872691,0.570454816528348,0.429545183471652,0.570454816528348,0.570454816528348,"all","log"
"7427",7,1.76834346805288,1.8138826394279,"Exp2","mixed","IP",0,1.69498972136546,0.185714083477708,1.69319114041895,0.570454816528348,0,0.269503706055301,0.570454816528348,0.429545183471652,0.570454816528348,0.570454816528348,"all","log"
"7428",7,0.7328,0.901940386698698,"Exp2","mixed","IP",0,0.690145544400015,0.0851892824975846,0.689562027271102,0.634384102307744,0,1.04187457982467,0.634384102307744,0.365615897692256,0.634384102307744,0.634384102307744,"all","log"
"7429",7,0.4912,0.629934502518154,"Exp2","mixed","IP",0,0.596245850635504,0.0845168728355686,0.596178545362403,0.634384102307744,0,1.05474734449961,0.634384102307744,0.365615897692256,0.634384102307744,0.634384102307744,"all","log"
"7430",7,1.954332247557,1.41398682586441,"Exp2","mixed","IP",0,1.76949095426054,0.193382661247774,1.76869224070474,0.570454816528348,0,0.231879436633281,0.570454816528348,0.429545183471652,0.570454816528348,0.570454816528348,"all","log"
"7431",7,1.60005476290647,1.28583440888906,"Exp2","mixed","IP",0,1.62368837133185,0.178446934138464,1.6236976818017,0.570454816528348,0,0.302708282529551,0.570454816528348,0.429545183471652,0.570454816528348,0.570454816528348,"all","log"
"7432",7,1.60005476290647,1.30991298101435,"Exp2","mixed","IP",0,1.62368837133185,0.178446934138464,1.62596403304983,0.570454816528348,0,0.303129787919263,0.570454816528348,0.429545183471652,0.570454816528348,0.570454816528348,"all","log"
"7433",7,1.76834346805288,1.85396238093381,"Exp2","mixed","IP",0,1.69498972136546,0.185714083477708,1.6960050593702,0.570454816528348,0,0.271190639554103,0.570454816528348,0.429545183471652,0.570454816528348,0.570454816528348,"all","log"
"7434",7,1.954332247557,1.58189864993619,"Exp2","mixed","IP",0,1.76949095426054,0.193382661247774,1.76950364539024,0.570454816528348,0,0.228906063333461,0.570454816528348,0.429545183471652,0.570454816528348,0.570454816528348,"all","log"
"7435",7,0.663061306494331,0.693952553192503,"Exp2","mixed","IP",0,0.665324159047275,0.0845970111920015,0.664799700088998,0.634384102307744,0,1.05407921213847,0.634384102307744,0.365615897692256,0.634384102307744,0.634384102307744,"all","log"
"7436",7,0.599959465297448,0.989896435596165,"Exp2","mixed","IP",0,0.641423614667531,0.0842833539537739,0.641228477942021,0.634384102307744,0,1.05616134150177,0.634384102307744,0.365615897692256,0.634384102307744,0.634384102307744,"all","log"
"7437",7,0.4912,0.445895552344155,"Exp2","mixed","IP",0,0.596245850635504,0.0845168728355686,0.596403884971832,0.634384102307744,0,1.05893115008582,0.634384102307744,0.365615897692256,0.634384102307744,0.634384102307744,"all","log"
"7438",7,0.7328,0.653891160953208,"Exp2","mixed","IP",0,0.690145544400015,0.0851892824975846,0.689365228658584,0.634384102307744,0,1.04622723525995,0.634384102307744,0.365615897692256,0.634384102307744,0.634384102307744,"all","log"
"7439",7,0.542862864224572,0.66187059735239,"Exp2","mixed","IP",0,0.618408767490751,0.0842546417197485,0.619319619575281,0.634384102307744,0,1.05745815112784,0.634384102307744,0.365615897692256,0.634384102307744,0.634384102307744,"all","log"
"7440",7,1.31,1.47793583359453,"Exp2","mixed","IP",0,1.4901311817726,0.165089688067927,1.48965033184477,0.570454816528348,0,0.381463758157472,0.570454816528348,0.429545183471652,0.570454816528348,0.570454816528348,"all","log"
"7441",7,1.954332247557,1.58999377992586,"Exp2","mixed","IP",0,1.76949095426054,0.193382661247774,1.76957162660227,0.570454816528348,0,0.222391669321012,0.570454816528348,0.429545183471652,0.570454816528348,0.570454816528348,"all","log"
"7442",7,0.542862864224572,0.709932263271185,"Exp2","mixed","IP",0,0.618408767490751,0.0842546417197485,0.617927053472953,0.634384102307744,0,1.05812199439629,0.634384102307744,0.365615897692256,0.634384102307744,0.634384102307744,"all","log"
"7443",7,1.60005476290647,1.26191040589765,"Exp2","mixed","IP",0,1.62368837133185,0.178446934138464,1.62284224593791,0.570454816528348,0,0.308652668679416,0.570454816528348,0.429545183471652,0.570454816528348,0.570454816528348,"all","log"
"7444",7,0.599959465297448,0.613905031743343,"Exp2","mixed","IP",0,0.641423614667531,0.0842833539537739,0.641400559131315,0.634384102307744,0,1.0628762426979,0.634384102307744,0.365615897692256,0.634384102307744,0.634384102307744,"all","log"
"7445",7,0.663061306494331,0.805895738943946,"Exp2","mixed","IP",0,0.665324159047275,0.0845970111920015,0.665489720391591,0.634384102307744,0,1.04499596899953,0.634384102307744,0.365615897692256,0.634384102307744,0.634384102307744,"all","log"
"7446",7,1.31,1.43788097245852,"Exp2","mixed","IP",0,1.4901311817726,0.165089688067927,1.48864339791336,0.570454816528348,0,0.383624293300795,0.570454816528348,0.429545183471652,0.570454816528348,0.570454816528348,"all","log"
"7447",7,0.542862864224572,0.677922460425179,"Exp2","mixed","IP",0,0.618408767490751,0.0842546417197485,0.61786070965768,0.634384102307744,0,1.05923988280385,0.634384102307744,0.365615897692256,0.634384102307744,0.634384102307744,"all","log"
"7448",7,0.7328,0.829915220238036,"Exp2","mixed","IP",0,0.690145544400015,0.0851892824975846,0.689431533399105,0.634384102307744,0,1.04911352115525,0.634384102307744,0.365615897692256,0.634384102307744,0.634384102307744,"all","log"
"7449",7,1.44778166151097,1.13394987855281,"Exp2","mixed","IP",0,1.55544680765541,0.171573997950735,1.5554272986087,0.570454816528348,0,0.340634763081375,0.570454816528348,0.429545183471652,0.570454816528348,0.570454816528348,"all","log"
"7450",7,1.76834346805288,1.29390870158386,"Exp2","mixed","IP",0,1.69498972136546,0.185714083477708,1.69580462559656,0.570454816528348,0,0.266326472587523,0.570454816528348,0.429545183471652,0.570454816528348,0.570454816528348,"all","log"
"7451",7,1.44778166151097,1.1979187905672,"Exp2","mixed","IP",0,1.55544680765541,0.171573997950735,1.55573392724778,0.570454816528348,0,0.341238081888797,0.570454816528348,0.429545183471652,0.570454816528348,0.570454816528348,"all","log"
"7452",7,0.4912,0.6859532125236,"Exp2","mixed","IP",0,0.596245850635504,0.0845168728355686,0.596255096384213,0.634384102307744,0,1.06332442485494,0.634384102307744,0.365615897692256,0.634384102307744,0.634384102307744,"all","log"
"7453",7,1.44778166151097,1.43793446518248,"Exp2","mixed","IP",0,1.55544680765541,0.171573997950735,1.55488952412553,0.570454816528348,0,0.344962061507243,0.570454816528348,0.429545183471652,0.570454816528348,0.570454816528348,"all","log"
"7454",7,1.31,1.09388506527466,"Exp2","mixed","IP",0,1.4901311817726,0.165089688067927,1.49091418898668,0.570454816528348,0,0.387456030345333,0.570454816528348,0.429545183471652,0.570454816528348,0.570454816528348,"all","log"
"7455",7,0.599959465297448,0.669906636525411,"Exp2","mixed","IP",0,0.641423614667531,0.0842833539537739,0.641156069914185,0.634384102307744,0,1.05836622901798,0.634384102307744,0.365615897692256,0.634384102307744,0.634384102307744,"all","log"
"7456",7,0.542862864224572,0.629923306347337,"Exp2","mixed","IP",0,0.618408767490751,0.0842546417197485,0.617812864964005,0.634384102307744,0,1.05852126469016,0.634384102307744,0.365615897692256,0.634384102307744,0.634384102307744,"all","log"
"7457",7,1.60005476290647,1.20595327472256,"Exp2","mixed","IP",0,1.62368837133185,0.178446934138464,1.62376433467945,0.570454816528348,0,0.310170239328004,0.570454816528348,0.429545183471652,0.570454816528348,0.570454816528348,"all","log"
"7458",7,0.663061306494331,0.749982770357747,"Exp2","mixed","IP",0,0.665324159047275,0.0845970111920015,0.664568040080925,0.634384102307744,0,1.04512791791525,0.634384102307744,0.365615897692256,0.634384102307744,0.634384102307744,"all","log"
"7459",7,0.542862864224572,0.861895477690268,"Exp2","mixed","IP",0,0.618408767490751,0.0842546417197485,0.61806576825946,0.634384102307744,0,1.06193735342216,0.634384102307744,0.365615897692256,0.634384102307744,0.634384102307744,"all","log"
"7460",7,1.954332247557,1.42989376094192,"Exp2","mixed","IP",0,1.76949095426054,0.193382661247774,1.77018426190967,0.570454816528348,0,0.22202652810125,0.570454816528348,0.429545183471652,0.570454816528348,0.570454816528348,"all","log"
"7461",7,0.599959465297448,0.917926005873596,"Exp2","mixed","IP",0,0.641423614667531,0.0842833539537739,0.641839393215221,0.634384102307744,0,1.05677851924266,0.634384102307744,0.365615897692256,0.634384102307744,0.634384102307744,"all","log"
"7462",7,1.954332247557,1.22198056845809,"Exp2","mixed","IP",0,1.76949095426054,0.193382661247774,1.77012355493826,0.570454816528348,0,0.229555955125809,0.570454816528348,0.429545183471652,0.570454816528348,0.570454816528348,"all","log"
"7463",7,1.76834346805288,1.31791729775432,"Exp2","mixed","IP",0,1.69498972136546,0.185714083477708,1.69484277959698,0.570454816528348,0,0.268744560318502,0.570454816528348,0.429545183471652,0.570454816528348,0.570454816528348,"all","log"
"7464",7,0.599959465297448,0.61396007949952,"Exp2","mixed","IP",0,0.641423614667531,0.0842833539537739,0.64129411598544,0.634384102307744,0,1.06879611873399,0.634384102307744,0.365615897692256,0.634384102307744,0.634384102307744,"all","log"
"7465",7,1.31,1.31786815907981,"Exp2","mixed","IP",0,1.4901311817726,0.165089688067927,1.49032648803219,0.570454816528348,0,0.39046983243312,0.570454816528348,0.429545183471652,0.570454816528348,0.570454816528348,"all","log"
"7466",7,1.60005476290647,1.10198330529965,"Exp2","mixed","IP",0,1.62368837133185,0.178446934138464,1.62376039685435,0.570454816528348,0,0.30174078504315,0.570454816528348,0.429545183471652,0.570454816528348,0.570454816528348,"all","log"
"7467",7,0.4912,0.509968339771149,"Exp2","mixed","IP",0,0.596245850635504,0.0845168728355686,0.596078535498836,0.634384102307744,0,1.05771748263674,0.634384102307744,0.365615897692256,0.634384102307744,0.634384102307744,"all","log"
"7468",7,0.4912,0.510000684211263,"Exp2","mixed","IP",0,0.596245850635504,0.0845168728355686,0.596361416113891,0.634384102307744,0,1.05705024467827,0.634384102307744,0.365615897692256,0.634384102307744,0.634384102307744,"all","log"
"7469",7,0.599959465297448,0.605881432740716,"Exp2","mixed","IP",0,0.641423614667531,0.0842833539537739,0.641759388818693,0.634384102307744,0,1.05895352061646,0.634384102307744,0.365615897692256,0.634384102307744,0.634384102307744,"all","log"
"7470",7,0.4912,0.605942389578559,"Exp2","mixed","IP",0,0.596245850635504,0.0845168728355686,0.596681659904812,0.634384102307744,0,1.06171040792299,0.634384102307744,0.365615897692256,0.634384102307744,0.634384102307744,"all","log"
"7471",7,0.7328,0.677905977194314,"Exp2","mixed","IP",0,0.690145544400015,0.0851892824975846,0.689424594882106,0.634384102307744,0,1.03931907510208,0.634384102307744,0.365615897692256,0.634384102307744,0.634384102307744,"all","log"
"7472",7,0.599959465297448,0.693952553192503,"Exp2","mixed","IP",0,0.641423614667531,0.0842833539537739,0.641309746322942,0.634384102307744,0,1.06165663636482,0.634384102307744,0.365615897692256,0.634384102307744,0.634384102307744,"all","log"
"7473",7,0.7328,0.661900142760715,"Exp2","mixed","IP",0,0.690145544400015,0.0851892824975846,0.690535464700524,0.634384102307744,0,1.05031265936854,0.634384102307744,0.365615897692256,0.634384102307744,0.634384102307744,"all","log"
"7474",7,0.7328,0.717923828837229,"Exp2","mixed","IP",0,0.690145544400015,0.0851892824975846,0.689913472812654,0.634384102307744,0,1.04798705018897,0.634384102307744,0.365615897692256,0.634384102307744,0.634384102307744,"all","log"
"7475",7,1.44778166151097,1.41389290257939,"Exp2","mixed","IP",0,1.55544680765541,0.171573997950735,1.55522761160412,0.570454816528348,0,0.348319696816311,0.570454816528348,0.429545183471652,0.570454816528348,0.570454816528348,"all","log"
"7476",7,1.31,1.48584871509229,"Exp2","mixed","IP",0,1.4901311817726,0.165089688067927,1.48996243487923,0.570454816528348,0,0.384699645051661,0.570454816528348,0.429545183471652,0.570454816528348,0.570454816528348,"all","log"
"7477",7,1.60005476290647,1.40595887281233,"Exp2","mixed","IP",0,1.62368837133185,0.178446934138464,1.62357927425655,0.570454816528348,0,0.308381354382523,0.570454816528348,0.429545183471652,0.570454816528348,0.570454816528348,"all","log"
"7478",7,1.31,1.39797197229927,"Exp2","mixed","IP",0,1.4901311817726,0.165089688067927,1.4897443895934,0.570454816528348,0,0.385602312956791,0.570454816528348,0.429545183471652,0.570454816528348,0.570454816528348,"all","log"
"7479",7,1.76834346805288,1.0538927159796,"Exp2","mixed","IP",0,1.69498972136546,0.185714083477708,1.69414582996259,0.570454816528348,0,0.265852564616957,0.570454816528348,0.429545183471652,0.570454816528348,0.570454816528348,"all","log"
"7480",7,0.542862864224572,0.733899184866459,"Exp2","mixed","IP",0,0.618408767490751,0.0842546417197485,0.619028743968601,0.634384102307744,0,1.06528722736208,0.634384102307744,0.365615897692256,0.634384102307744,0.634384102307744,"all","log"
"7481",7,0.663061306494331,0.661918803001754,"Exp2","mixed","IP",0,0.665324159047275,0.0845970111920015,0.665055277744219,0.634384102307744,0,1.05865933594757,0.634384102307744,0.365615897692256,0.634384102307744,0.634384102307744,"all","log"
"7482",7,1.60005476290647,1.33399901723897,"Exp2","mixed","IP",0,1.62368837133185,0.178446934138464,1.62424238129592,0.570454816528348,0,0.300927741051203,0.570454816528348,0.429545183471652,0.570454816528348,0.570454816528348,"all","log"
"7483",7,1.60005476290647,1.19789266621228,"Exp2","mixed","IP",0,1.62368837133185,0.178446934138464,1.62371839779283,0.570454816528348,0,0.310663305402081,0.570454816528348,0.429545183471652,0.570454816528348,0.570454816528348,"all","log"
"7484",7,0.542862864224572,0.677962579982704,"Exp2","mixed","IP",0,0.618408767490751,0.0842546417197485,0.617782622847198,0.634384102307744,0,1.06391245521077,0.634384102307744,0.365615897692256,0.634384102307744,0.634384102307744,"all","log"
"7485",7,1.44778166151097,1.26195114746224,"Exp2","mixed","IP",0,1.55544680765541,0.171573997950735,1.55478676551921,0.570454816528348,0,0.341687759256458,0.570454816528348,0.429545183471652,0.570454816528348,0.570454816528348,"all","log"
"7486",7,1.954332247557,1.4938928403717,"Exp2","mixed","IP",0,1.76949095426054,0.193382661247774,1.76853195166399,0.570454816528348,0,0.229942186660635,0.570454816528348,0.429545183471652,0.570454816528348,0.570454816528348,"all","log"
"7487",7,0.663061306494331,0.845893997306121,"Exp2","mixed","IP",0,0.665324159047275,0.0845970111920015,0.665363302854979,0.634384102307744,0,1.0519571408259,0.634384102307744,0.365615897692256,0.634384102307744,0.634384102307744,"all","log"
"7488",7,0.7328,0.773901175285573,"Exp2","mixed","IP",0,0.690145544400015,0.0851892824975846,0.690446008695182,0.634384102307744,0,1.04985925328546,0.634384102307744,0.365615897692256,0.634384102307744,0.634384102307744,"all","log"
"7489",7,1.44778166151097,1.31792942692118,"Exp2","mixed","IP",0,1.55544680765541,0.171573997950735,1.55455571541204,0.570454816528348,0,0.346720975201971,0.570454816528348,0.429545183471652,0.570454816528348,0.570454816528348,"all","log"
"7490",7,0.663061306494331,0.781995061246562,"Exp2","mixed","IP",0,0.665324159047275,0.0845970111920015,0.664733467672914,0.634384102307744,0,1.04792999653688,0.634384102307744,0.365615897692256,0.634384102307744,0.634384102307744,"all","log"
"7491",7,0.663061306494331,0.733856577280676,"Exp2","mixed","IP",0,0.665324159047275,0.0845970111920015,0.66528573123319,0.634384102307744,0,1.0534698108595,0.634384102307744,0.365615897692256,0.634384102307744,0.634384102307744,"all","log"
"7492",7,1.44778166151097,1.61394141922938,"Exp2","mixed","IP",0,1.55544680765541,0.171573997950735,1.5551020037509,0.570454816528348,0,0.345866321963528,0.570454816528348,0.429545183471652,0.570454816528348,0.570454816528348,"all","log"
"7493",7,1.60005476290647,1.2618945446884,"Exp2","mixed","IP",0,1.62368837133185,0.178446934138464,1.62389843138532,0.570454816528348,0,0.305599444950774,0.570454816528348,0.429545183471652,0.570454816528348,0.570454816528348,"all","log"
"7494",7,1.44778166151097,1.15786392941664,"Exp2","mixed","IP",0,1.55544680765541,0.171573997950735,1.55509605045221,0.570454816528348,0,0.345699191263784,0.570454816528348,0.429545183471652,0.570454816528348,0.570454816528348,"all","log"
"7495",7,1.954332247557,1.35789502985426,"Exp2","mixed","IP",0,1.76949095426054,0.193382661247774,1.77037617202327,0.570454816528348,0,0.227644281460238,0.570454816528348,0.429545183471652,0.570454816528348,0.570454816528348,"all","log"
"7496",7,0.663061306494331,0.781937214458594,"Exp2","mixed","IP",0,0.665324159047275,0.0845970111920015,0.665429660344587,0.634384102307744,0,1.05261654556158,0.634384102307744,0.365615897692256,0.634384102307744,0.634384102307744,"all","log"
"7497",7,0.4912,0.549874540884048,"Exp2","mixed","IP",0,0.596245850635504,0.0845168728355686,0.596449893624032,0.634384102307744,0,1.05813152755272,0.634384102307744,0.365615897692256,0.634384102307744,0.634384102307744,"all","log"
"7498",7,0.599959465297448,0.589879952356569,"Exp2","mixed","IP",0,0.641423614667531,0.0842833539537739,0.641704131391636,0.634384102307744,0,1.05562994177093,0.634384102307744,0.365615897692256,0.634384102307744,0.634384102307744,"all","log"
"7499",7,1.44778166151097,1.46193217618566,"Exp2","mixed","IP",0,1.55544680765541,0.171573997950735,1.5563251460024,0.570454816528348,0,0.34677072228092,0.570454816528348,0.429545183471652,0.570454816528348,0.570454816528348,"all","log"
"7500",7,0.663061306494331,0.629818497924134,"Exp2","mixed","IP",0,0.665324159047275,0.0845970111920015,0.665237542522261,0.634384102307744,0,1.04916680371016,0.634384102307744,0.365615897692256,0.634384102307744,0.634384102307744,"all","log"
"7501",7,1.60005476290647,1.42987478969735,"Exp2","mixed","IP",0,1.62368837133185,0.178446934138464,1.62490026481123,0.570454816528348,0,0.303415334834887,0.570454816528348,0.429545183471652,0.570454816528348,0.570454816528348,"all","log"
"7502",7,1.60005476290647,1.20591968626832,"Exp2","mixed","IP",0,1.62368837133185,0.178446934138464,1.62254420183905,0.570454816528348,0,0.302204202078491,0.570454816528348,0.429545183471652,0.570454816528348,0.570454816528348,"all","log"
"7503",7,1.76834346805288,1.38991602884198,"Exp2","mixed","IP",0,1.69498972136546,0.185714083477708,1.6964450584025,0.570454816528348,0,0.264637750837545,0.570454816528348,0.429545183471652,0.570454816528348,0.570454816528348,"all","log"
"7504",7,1.954332247557,1.34990906236635,"Exp2","mixed","IP",0,1.76949095426054,0.193382661247774,1.76966183118464,0.570454816528348,0,0.228545190293659,0.570454816528348,0.429545183471652,0.570454816528348,0.570454816528348,"all","log"
"7505",7,0.4912,0.59792656567879,"Exp2","mixed","IP",0,0.596245850635504,0.0845168728355686,0.595732581399503,0.634384102307744,0,1.05591408695845,0.634384102307744,0.365615897692256,0.634384102307744,0.634384102307744,"all","log"
"7506",7,1.31,1.05390733317472,"Exp2","mixed","IP",0,1.4901311817726,0.165089688067927,1.49022470051744,0.570454816528348,0,0.380759649421162,0.570454816528348,0.429545183471652,0.570454816528348,0.570454816528348,"all","log"
"7507",7,1.31,1.23786013516656,"Exp2","mixed","IP",0,1.4901311817726,0.165089688067927,1.49021327541056,0.570454816528348,0,0.382068812777024,0.570454816528348,0.429545183471652,0.570454816528348,0.570454816528348,"all","log"
"7508",7,1.954332247557,1.76596248045098,"Exp2","mixed","IP",0,1.76949095426054,0.193382661247774,1.76998982959042,0.570454816528348,0,0.22323611961983,0.570454816528348,0.429545183471652,0.570454816528348,0.570454816528348,"all","log"
"7509",7,1.60005476290647,1.08587950450601,"Exp2","mixed","IP",0,1.62368837133185,0.178446934138464,1.62379194386032,0.570454816528348,0,0.306007327795242,0.570454816528348,0.429545183471652,0.570454816528348,0.570454816528348,"all","log"
"7510",7,0.4912,0.598024843027815,"Exp2","mixed","IP",0,0.596245850635504,0.0845168728355686,0.596357367169154,0.634384102307744,0,1.0598306060166,0.634384102307744,0.365615897692256,0.634384102307744,0.634384102307744,"all","log"
"7511",7,0.7328,0.669947378075449,"Exp2","mixed","IP",0,0.690145544400015,0.0851892824975846,0.690739776604503,0.634384102307744,0,1.04681885079188,0.634384102307744,0.365615897692256,0.634384102307744,0.634384102307744,"all","log"
"7512",7,0.542862864224572,0.669888598276884,"Exp2","mixed","IP",0,0.618408767490751,0.0842546417197485,0.618192967994774,0.634384102307744,0,1.05721333511116,0.634384102307744,0.365615897692256,0.634384102307744,0.634384102307744,"all","log"
"7513",7,0.7328,0.757935460409499,"Exp2","mixed","IP",0,0.690145544400015,0.0851892824975846,0.689997327535501,0.634384102307744,0,1.04473451494694,0.634384102307744,0.365615897692256,0.634384102307744,0.634384102307744,"all","log"
"7514",7,1.31,0.933889854728477,"Exp2","mixed","IP",0,1.4901311817726,0.165089688067927,1.49019630116138,0.570454816528348,0,0.384663342693731,0.570454816528348,0.429545183471652,0.570454816528348,0.570454816528348,"all","log"
"7515",7,0.542862864224572,0.629954406773322,"Exp2","mixed","IP",0,0.618408767490751,0.0842546417197485,0.61847313045732,0.634384102307744,0,1.0610236214995,0.634384102307744,0.365615897692256,0.634384102307744,0.634384102307744,"all","log"
"7516",7,0.599959465297448,0.573903041324229,"Exp2","mixed","IP",0,0.641423614667531,0.0842833539537739,0.641093091733112,0.634384102307744,0,1.05660939709506,0.634384102307744,0.365615897692256,0.634384102307744,0.634384102307744,"all","log"
"7517",7,1.76834346805288,1.58196800388396,"Exp2","mixed","IP",0,1.69498972136546,0.185714083477708,1.69550957539926,0.570454816528348,0,0.257365571839603,0.570454816528348,0.429545183471652,0.570454816528348,0.570454816528348,"all","log"
"7518",7,0.542862864224572,0.717934713989962,"Exp2","mixed","IP",0,0.618408767490751,0.0842546417197485,0.618160604494149,0.634384102307744,0,1.05874244253873,0.634384102307744,0.365615897692256,0.634384102307744,0.634384102307744,"all","log"
"7519",7,0.7328,0.685894121721503,"Exp2","mixed","IP",0,0.690145544400015,0.0851892824975846,0.690448720422909,0.634384102307744,0,1.04097418260751,0.634384102307744,0.365615897692256,0.634384102307744,0.634384102307744,"all","log"
"7520",7,1.954332247557,1.52591010733158,"Exp2","mixed","IP",0,1.76949095426054,0.193382661247774,1.76988066818619,0.570454816528348,0,0.223628115978139,0.570454816528348,0.429545183471652,0.570454816528348,0.570454816528348,"all","log"
"7521",7,1.76834346805288,1.55788663272688,"Exp2","mixed","IP",0,1.69498972136546,0.185714083477708,1.69643799188576,0.570454816528348,0,0.265054519350348,0.570454816528348,0.429545183471652,0.570454816528348,0.570454816528348,"all","log"
"7522",7,1.31,1.43788470451545,"Exp2","mixed","IP",0,1.4901311817726,0.165089688067927,1.49060552591979,0.570454816528348,0,0.385471229729548,0.570454816528348,0.429545183471652,0.570454816528348,0.570454816528348,"all","log"
"7523",7,0.599959465297448,0.902210027416004,"Exp2","mixed","IP",0,0.641423614667531,0.0842833539537739,0.640986950156236,0.634384102307744,0,1.06021473501004,0.634384102307744,0.365615897692256,0.634384102307744,0.634384102307744,"all","log"
"7524",7,1.44778166151097,1.48594916948059,"Exp2","mixed","IP",0,1.55544680765541,0.171573997950735,1.55543941569225,0.570454816528348,0,0.345749076199765,0.570454816528348,0.429545183471652,0.570454816528348,0.570454816528348,"all","log"
"7525",7,0.4912,0.629991105277441,"Exp2","mixed","IP",0,0.596245850635504,0.0845168728355686,0.596030416424609,0.634384102307744,0,1.06571648264298,0.634384102307744,0.365615897692256,0.634384102307744,0.634384102307744,"all","log"
"7526",7,1.76834346805288,1.36587042319297,"Exp2","mixed","IP",0,1.69498972136546,0.185714083477708,1.69510041807769,0.570454816528348,0,0.262351010602599,0.570454816528348,0.429545183471652,0.570454816528348,0.570454816528348,"all","log"
"7527",7,1.44778166151097,1.52594276277523,"Exp2","mixed","IP",0,1.55544680765541,0.171573997950735,1.55584046268759,0.570454816528348,0,0.344623086438108,0.570454816528348,0.429545183471652,0.570454816528348,0.570454816528348,"all","log"
"7528",7,0.663061306494331,0.685908116909559,"Exp2","mixed","IP",0,0.665324159047275,0.0845970111920015,0.664852800742619,0.634384102307744,0,1.04763063487639,0.634384102307744,0.365615897692256,0.634384102307744,0.634384102307744,"all","log"
"7529",8,1.60005476290647,1.26993866995872,"Exp2","mixed","IP",0,1.59577955631375,0.269503737088127,1.59349211047031,0.755471461852807,0,-0.107927847169426,0.755471461852807,0.244528538147193,0.755471461852807,0.755471461852807,"all","log"
"7530",8,1.31,1.37381720413396,"Exp2","mixed","IP",0,1.51997521622617,0.257733530019018,1.51964891970983,0.755471461852807,0,-0.0630275278098904,0.755471461852807,0.244528538147193,0.755471461852807,0.755471461852807,"all","log"
"7531",8,0.542862864224572,0.926013049738685,"Exp2","mixed","IP",0,0.66134588941985,0.108781237276052,0.660649306503129,0.860517639112429,0,0.805564840369708,0.860517639112429,0.139482360887571,0.860517639112429,0.860517639112429,"all","log"
"7532",8,1.31,1.30989929681891,"Exp2","mixed","IP",0,1.51997521622617,0.257733530019018,1.52040953496149,0.755471461852807,0,-0.0603961111061371,0.755471461852807,0.244528538147193,0.755471461852807,0.755471461852807,"all","log"
"7533",8,1.60005476290647,0.885977159845424,"Exp2","mixed","IP",0,1.59577955631375,0.269503737088127,1.59504122639188,0.755471461852807,0,-0.106697397409295,0.755471461852807,0.244528538147193,0.755471461852807,0.755471461852807,"all","log"
"7534",8,1.954332247557,1.5099574546166,"Exp2","mixed","IP",0,1.67609941268858,0.282226279170927,1.67556761474694,0.755471461852807,0,-0.149623227087741,0.755471461852807,0.244528538147193,0.755471461852807,0.755471461852807,"all","log"
"7535",8,1.76834346805288,1.62986266051666,"Exp2","mixed","IP",0,1.6353568204224,0.275745706711369,1.63499010500316,0.755471461852807,0,-0.125600000960565,0.755471461852807,0.244528538147193,0.755471461852807,0.755471461852807,"all","log"
"7536",8,0.599959465297448,0.773876294942966,"Exp2","mixed","IP",0,0.670615900662177,0.107652400793538,0.670187638170679,0.860517639112429,0,0.812694471851236,0.860517639112429,0.139482360887571,0.860517639112429,0.860517639112429,"all","log"
"7537",8,1.76834346805288,1.34187675522844,"Exp2","mixed","IP",0,1.6353568204224,0.275745706711369,1.63394001051739,0.755471461852807,0,-0.136482441227618,0.755471461852807,0.244528538147193,0.755471461852807,0.755471461852807,"all","log"
"7538",8,0.663061306494331,0.925983193328648,"Exp2","mixed","IP",0,0.680050970952415,0.106722476802747,0.679439930668652,0.860517639112429,0,0.824584910896752,0.860517639112429,0.139482360887571,0.860517639112429,0.860517639112429,"all","log"
"7539",8,1.44778166151097,1.16602841334861,"Exp2","mixed","IP",0,1.55733085901464,0.263499638605373,1.55711315034995,0.755471461852807,0,-0.087044692610814,0.755471461852807,0.244528538147193,0.755471461852807,0.755471461852807,"all","log"
"7540",8,0.542862864224572,0.701974908175544,"Exp2","mixed","IP",0,0.66134588941985,0.108781237276052,0.661686964398506,0.860517639112429,0,0.806043594206556,0.860517639112429,0.139482360887571,0.860517639112429,0.860517639112429,"all","log"
"7541",8,1.954332247557,1.46991627765237,"Exp2","mixed","IP",0,1.67609941268858,0.282226279170927,1.67673320106032,0.755471461852807,0,-0.150871688274948,0.755471461852807,0.244528538147193,0.755471461852807,0.755471461852807,"all","log"
"7542",8,1.76834346805288,1.54991901448921,"Exp2","mixed","IP",0,1.6353568204224,0.275745706711369,1.63245877872999,0.755471461852807,0,-0.130402228694074,0.755471461852807,0.244528538147193,0.755471461852807,0.755471461852807,"all","log"
"7543",8,1.44778166151097,1.54989879921231,"Exp2","mixed","IP",0,1.55733085901464,0.263499638605373,1.55777473198307,0.755471461852807,0,-0.0765601257596375,0.755471461852807,0.244528538147193,0.755471461852807,0.755471461852807,"all","log"
"7544",8,0.542862864224572,0.645906437477606,"Exp2","mixed","IP",0,0.66134588941985,0.108781237276052,0.661675624047449,0.860517639112429,0,0.805799850084694,0.860517639112429,0.139482360887571,0.860517639112429,0.860517639112429,"all","log"
"7545",8,0.599959465297448,0.589952727352284,"Exp2","mixed","IP",0,0.670615900662177,0.107652400793538,0.670176372400315,0.860517639112429,0,0.820751585788526,0.860517639112429,0.139482360887571,0.860517639112429,0.860517639112429,"all","log"
"7546",8,0.663061306494331,0.621912147515104,"Exp2","mixed","IP",0,0.680050970952415,0.106722476802747,0.680319647270859,0.860517639112429,0,0.827182294987452,0.860517639112429,0.139482360887571,0.860517639112429,0.860517639112429,"all","log"
"7547",8,0.4912,0.525809963954089,"Exp2","mixed","IP",0,0.652237649044482,0.110119508288301,0.651806385177862,0.860517639112429,0,0.793365374787474,0.860517639112429,0.139482360887571,0.860517639112429,0.860517639112429,"all","log"
"7548",8,0.599959465297448,0.57395560103032,"Exp2","mixed","IP",0,0.670615900662177,0.107652400793538,0.670670534981145,0.860517639112429,0,0.818371162026386,0.860517639112429,0.139482360887571,0.860517639112429,0.860517639112429,"all","log"
"7549",8,0.7328,0.75791431210564,"Exp2","mixed","IP",0,0.689654462304716,0.105981266300607,0.689639995898056,0.860517639112429,0,0.833884109875861,0.860517639112429,0.139482360887571,0.860517639112429,0.860517639112429,"all","log"
"7550",8,1.31,1.62191961161807,"Exp2","mixed","IP",0,1.51997521622617,0.257733530019018,1.5219373396667,0.755471461852807,0,-0.0641536009492929,0.755471461852807,0.244528538147193,0.755471461852807,0.755471461852807,"all","log"
"7551",8,0.7328,0.733949878551357,"Exp2","mixed","IP",0,0.689654462304716,0.105981266300607,0.689297467999338,0.860517639112429,0,0.821951512956105,0.860517639112429,0.139482360887571,0.860517639112429,0.860517639112429,"all","log"
"7552",8,1.954332247557,1.6858975427549,"Exp2","mixed","IP",0,1.67609941268858,0.282226279170927,1.67493450505116,0.755471461852807,0,-0.154220077922442,0.755471461852807,0.244528538147193,0.755471461852807,0.755471461852807,"all","log"
"7553",8,0.7328,0.661994377041992,"Exp2","mixed","IP",0,0.689654462304716,0.105981266300607,0.689948585933041,0.860517639112429,0,0.829985928442038,0.860517639112429,0.139482360887571,0.860517639112429,0.860517639112429,"all","log"
"7554",8,0.7328,0.84588217914461,"Exp2","mixed","IP",0,0.689654462304716,0.105981266300607,0.689437931316269,0.860517639112429,0,0.825850065093589,0.860517639112429,0.139482360887571,0.860517639112429,0.860517639112429,"all","log"
"7555",8,0.542862864224572,0.837824991680463,"Exp2","mixed","IP",0,0.66134588941985,0.108781237276052,0.661276584141861,0.860517639112429,0,0.802546273475394,0.860517639112429,0.139482360887571,0.860517639112429,0.860517639112429,"all","log"
"7556",8,1.60005476290647,1.60597877706823,"Exp2","mixed","IP",0,1.59577955631375,0.269503737088127,1.59543810119571,0.755471461852807,0,-0.107060263614886,0.755471461852807,0.244528538147193,0.755471461852807,0.755471461852807,"all","log"
"7557",8,1.44778166151097,1.67791841736107,"Exp2","mixed","IP",0,1.55733085901464,0.263499638605373,1.55576853031216,0.755471461852807,0,-0.0824099903485618,0.755471461852807,0.244528538147193,0.755471461852807,0.755471461852807,"all","log"
"7558",8,1.44778166151097,1.50194629578436,"Exp2","mixed","IP",0,1.55733085901464,0.263499638605373,1.55656988177724,0.755471461852807,0,-0.0831665598153296,0.755471461852807,0.244528538147193,0.755471461852807,0.755471461852807,"all","log"
"7559",8,1.60005476290647,0.909958387628649,"Exp2","mixed","IP",0,1.59577955631375,0.269503737088127,1.59691093395394,0.755471461852807,0,-0.104131530810085,0.755471461852807,0.244528538147193,0.755471461852807,0.755471461852807,"all","log"
"7560",8,0.663061306494331,0.613867711224884,"Exp2","mixed","IP",0,0.680050970952415,0.106722476802747,0.68015458525691,0.860517639112429,0,0.826716714572984,0.860517639112429,0.139482360887571,0.860517639112429,0.860517639112429,"all","log"
"7561",8,0.4912,0.733810237637954,"Exp2","mixed","IP",0,0.652237649044482,0.110119508288301,0.651192510810944,0.860517639112429,0,0.792002027581961,0.860517639112429,0.139482360887571,0.860517639112429,0.860517639112429,"all","log"
"7562",8,1.76834346805288,1.25398663925625,"Exp2","mixed","IP",0,1.6353568204224,0.275745706711369,1.63428697997278,0.755471461852807,0,-0.125065035122578,0.755471461852807,0.244528538147193,0.755471461852807,0.755471461852807,"all","log"
"7563",8,0.4912,0.581977645013467,"Exp2","mixed","IP",0,0.652237649044482,0.110119508288301,0.652886767047284,0.860517639112429,0,0.796600297779404,0.860517639112429,0.139482360887571,0.860517639112429,0.860517639112429,"all","log"
"7564",8,1.44778166151097,1.17386603180421,"Exp2","mixed","IP",0,1.55733085901464,0.263499638605373,1.55801259709054,0.755471461852807,0,-0.0813008255620974,0.755471461852807,0.244528538147193,0.755471461852807,0.755471461852807,"all","log"
"7565",8,0.663061306494331,0.741719387073317,"Exp2","mixed","IP",0,0.680050970952415,0.106722476802747,0.680409729585584,0.860517639112429,0,0.820105767097641,0.860517639112429,0.139482360887571,0.860517639112429,0.860517639112429,"all","log"
"7566",8,1.44778166151097,1.79793278575926,"Exp2","mixed","IP",0,1.55733085901464,0.263499638605373,1.55746708639788,0.755471461852807,0,-0.0828022119237309,0.755471461852807,0.244528538147193,0.755471461852807,0.755471461852807,"all","log"
"7567",8,0.599959465297448,0.693961261309596,"Exp2","mixed","IP",0,0.670615900662177,0.107652400793538,0.670726319941862,0.860517639112429,0,0.811647101618516,0.860517639112429,0.139482360887571,0.860517639112429,0.860517639112429,"all","log"
"7568",8,0.4912,1.04596210724048,"Exp2","mixed","IP",0,0.652237649044482,0.110119508288301,0.653225758281055,0.860517639112429,0,0.793244804939679,0.860517639112429,0.139482360887571,0.860517639112429,0.860517639112429,"all","log"
"7569",8,0.4912,0.821936094844204,"Exp2","mixed","IP",0,0.652237649044482,0.110119508288301,0.652058126057706,0.860517639112429,0,0.793200513087401,0.860517639112429,0.139482360887571,0.860517639112429,0.860517639112429,"all","log"
"7570",8,1.76834346805288,1.06990819154089,"Exp2","mixed","IP",0,1.6353568204224,0.275745706711369,1.63541826101416,0.755471461852807,0,-0.129057348296562,0.755471461852807,0.244528538147193,0.755471461852807,0.755471461852807,"all","log"
"7571",8,1.76834346805288,0.886022877473806,"Exp2","mixed","IP",0,1.6353568204224,0.275745706711369,1.6358350064934,0.755471461852807,0,-0.125642247855077,0.755471461852807,0.244528538147193,0.755471461852807,0.755471461852807,"all","log"
"7572",8,1.954332247557,0.925944628801517,"Exp2","mixed","IP",0,1.67609941268858,0.282226279170927,1.67345515128194,0.755471461852807,0,-0.150804400133971,0.755471461852807,0.244528538147193,0.755471461852807,0.755471461852807,"all","log"
"7573",8,1.60005476290647,0.885868930363358,"Exp2","mixed","IP",0,1.59577955631375,0.269503737088127,1.5982264752672,0.755471461852807,0,-0.104972324147673,0.755471461852807,0.244528538147193,0.755471461852807,0.755471461852807,"all","log"
"7574",8,1.60005476290647,0.965904944658178,"Exp2","mixed","IP",0,1.59577955631375,0.269503737088127,1.59512063406892,0.755471461852807,0,-0.107440616794381,0.755471461852807,0.244528538147193,0.755471461852807,0.755471461852807,"all","log"
"7575",8,1.954332247557,0.910029607606702,"Exp2","mixed","IP",0,1.67609941268858,0.282226279170927,1.67526841703313,0.755471461852807,0,-0.151464597655585,0.755471461852807,0.244528538147193,0.755471461852807,0.755471461852807,"all","log"
"7576",8,0.663061306494331,0.573996964598336,"Exp2","mixed","IP",0,0.680050970952415,0.106722476802747,0.679722246758433,0.860517639112429,0,0.82411947746342,0.860517639112429,0.139482360887571,0.860517639112429,0.860517639112429,"all","log"
"7577",8,1.44778166151097,1.79788147005456,"Exp2","mixed","IP",0,1.55733085901464,0.263499638605373,1.55702822137576,0.755471461852807,0,-0.0867741035348138,0.755471461852807,0.244528538147193,0.755471461852807,0.755471461852807,"all","log"
"7578",8,1.44778166151097,1.19787804900807,"Exp2","mixed","IP",0,1.55733085901464,0.263499638605373,1.55627934612379,0.755471461852807,0,-0.0823713710625996,0.755471461852807,0.244528538147193,0.755471461852807,0.755471461852807,"all","log"
"7579",8,1.954332247557,1.98985942607396,"Exp2","mixed","IP",0,1.67609941268858,0.282226279170927,1.67270332194702,0.755471461852807,0,-0.151468654078145,0.755471461852807,0.244528538147193,0.755471461852807,0.755471461852807,"all","log"
"7580",8,0.7328,0.557913068087146,"Exp2","mixed","IP",0,0.689654462304716,0.105981266300607,0.690122312410341,0.860517639112429,0,0.82629479662044,0.860517639112429,0.139482360887571,0.860517639112429,0.860517639112429,"all","log"
"7581",8,1.31,1.09389315137378,"Exp2","mixed","IP",0,1.51997521622617,0.257733530019018,1.5188114060715,0.755471461852807,0,-0.0607661016633912,0.755471461852807,0.244528538147193,0.755471461852807,0.755471461852807,"all","log"
"7582",8,0.599959465297448,0.645853877756963,"Exp2","mixed","IP",0,0.670615900662177,0.107652400793538,0.670005713894869,0.860517639112429,0,0.812114045165536,0.860517639112429,0.139482360887571,0.860517639112429,0.860517639112429,"all","log"
"7583",8,1.76834346805288,1.06196763067601,"Exp2","mixed","IP",0,1.6353568204224,0.275745706711369,1.63372899911039,0.755471461852807,0,-0.129276444792919,0.755471461852807,0.244528538147193,0.755471461852807,0.755471461852807,"all","log"
"7584",8,0.7328,0.693889108320946,"Exp2","mixed","IP",0,0.689654462304716,0.105981266300607,0.689717041591933,0.860517639112429,0,0.832897145211342,0.860517639112429,0.139482360887571,0.860517639112429,0.860517639112429,"all","log"
"7585",8,1.31,0.734028251627024,"Exp2","mixed","IP",0,1.51997521622617,0.257733530019018,1.52119647521527,0.755471461852807,0,-0.0610100673664421,0.755471461852807,0.244528538147193,0.755471461852807,0.755471461852807,"all","log"
"7586",8,0.663061306494331,0.557924575246943,"Exp2","mixed","IP",0,0.680050970952415,0.106722476802747,0.680185107965575,0.860517639112429,0,0.821905923852526,0.860517639112429,0.139482360887571,0.860517639112429,0.860517639112429,"all","log"
"7587",8,0.663061306494331,0.829993904315415,"Exp2","mixed","IP",0,0.680050970952415,0.106722476802747,0.679930881341537,0.860517639112429,0,0.812691277234169,0.860517639112429,0.139482360887571,0.860517639112429,0.860517639112429,"all","log"
"7588",8,0.542862864224572,0.773993232547582,"Exp2","mixed","IP",0,0.66134588941985,0.108781237276052,0.660574381619027,0.860517639112429,0,0.811333778096638,0.860517639112429,0.139482360887571,0.860517639112429,0.860517639112429,"all","log"
"7589",8,1.954332247557,0.973953424001593,"Exp2","mixed","IP",0,1.67609941268858,0.282226279170927,1.67483019956546,0.755471461852807,0,-0.145910996015226,0.755471461852807,0.244528538147193,0.755471461852807,0.755471461852807,"all","log"
"7590",8,0.4912,0.654003744492002,"Exp2","mixed","IP",0,0.652237649044482,0.110119508288301,0.652967961539162,0.860517639112429,0,0.791795317915991,0.860517639112429,0.139482360887571,0.860517639112429,0.860517639112429,"all","log"
"7591",8,0.542862864224572,0.749887914062128,"Exp2","mixed","IP",0,0.66134588941985,0.108781237276052,0.661646281183683,0.860517639112429,0,0.809386902412153,0.860517639112429,0.139482360887571,0.860517639112429,0.860517639112429,"all","log"
"7592",8,1.31,1.4299596938472,"Exp2","mixed","IP",0,1.51997521622617,0.257733530019018,1.5180746031333,0.755471461852807,0,-0.0654462013892739,0.755471461852807,0.244528538147193,0.755471461852807,0.755471461852807,"all","log"
"7593",8,0.599959465297448,0.757930795331049,"Exp2","mixed","IP",0,0.670615900662177,0.107652400793538,0.670589520781345,0.860517639112429,0,0.816802206989368,0.860517639112429,0.139482360887571,0.860517639112429,0.860517639112429,"all","log"
"7594",8,0.542862864224572,1.18190735805001,"Exp2","mixed","IP",0,0.66134588941985,0.108781237276052,0.661356041888088,0.860517639112429,0,0.802814008060472,0.860517639112429,0.139482360887571,0.860517639112429,0.860517639112429,"all","log"
"7595",8,0.542862864224572,0.517978565585508,"Exp2","mixed","IP",0,0.66134588941985,0.108781237276052,0.661105448365303,0.860517639112429,0,0.806402164548132,0.860517639112429,0.139482360887571,0.860517639112429,0.860517639112429,"all","log"
"7596",8,1.60005476290647,1.73389140975087,"Exp2","mixed","IP",0,1.59577955631375,0.269503737088127,1.59673104159922,0.755471461852807,0,-0.110624381531446,0.755471461852807,0.244528538147193,0.755471461852807,0.755471461852807,"all","log"
"7597",8,0.4912,0.957876369584483,"Exp2","mixed","IP",0,0.652237649044482,0.110119508288301,0.651984881119754,0.860517639112429,0,0.792372388636078,0.860517639112429,0.139482360887571,0.860517639112429,0.860517639112429,"all","log"
"7598",8,0.7328,0.97402993104879,"Exp2","mixed","IP",0,0.689654462304716,0.105981266300607,0.689449051078032,0.860517639112429,0,0.820709325231075,0.860517639112429,0.139482360887571,0.860517639112429,0.860517639112429,"all","log"
"7599",8,0.599959465297448,0.710064751086975,"Exp2","mixed","IP",0,0.670615900662177,0.107652400793538,0.670379653433268,0.860517639112429,0,0.813520445711435,0.860517639112429,0.139482360887571,0.860517639112429,0.860517639112429,"all","log"
"7600",8,1.44778166151097,1.41396785459801,"Exp2","mixed","IP",0,1.55733085901464,0.263499638605373,1.55842697295064,0.755471461852807,0,-0.0831511091870487,0.755471461852807,0.244528538147193,0.755471461852807,0.755471461852807,"all","log"
"7601",8,1.76834346805288,1.52591757142909,"Exp2","mixed","IP",0,1.6353568204224,0.275745706711369,1.63386671069826,0.755471461852807,0,-0.130209468574039,0.755471461852807,0.244528538147193,0.755471461852807,0.755471461852807,"all","log"
"7602",8,1.44778166151097,1.55790435996823,"Exp2","mixed","IP",0,1.55733085901464,0.263499638605373,1.55664630612596,0.755471461852807,0,-0.0843678484221455,0.755471461852807,0.244528538147193,0.755471461852807,0.755471461852807,"all","log"
"7603",8,0.4912,0.590004976069395,"Exp2","mixed","IP",0,0.652237649044482,0.110119508288301,0.652675035387352,0.860517639112429,0,0.791735217767732,0.860517639112429,0.139482360887571,0.860517639112429,0.860517639112429,"all","log"
"7604",8,0.663061306494331,0.6299674689526,"Exp2","mixed","IP",0,0.680050970952415,0.106722476802747,0.679311015561984,0.860517639112429,0,0.820451443508219,0.860517639112429,0.139482360887571,0.860517639112429,0.860517639112429,"all","log"
"7605",8,1.76834346805288,1.57390552934521,"Exp2","mixed","IP",0,1.6353568204224,0.275745706711369,1.63506250646391,0.755471461852807,0,-0.131351557154693,0.755471461852807,0.244528538147193,0.755471461852807,0.755471461852807,"all","log"
"7606",8,1.954332247557,2.13391629009311,"Exp2","mixed","IP",0,1.67609941268858,0.282226279170927,1.67578791889734,0.755471461852807,0,-0.154403019765066,0.755471461852807,0.244528538147193,0.755471461852807,0.755471461852807,"all","log"
"7607",8,0.542862864224572,1.14195264027148,"Exp2","mixed","IP",0,0.66134588941985,0.108781237276052,0.661878234982178,0.860517639112429,0,0.805829914297782,0.860517639112429,0.139482360887571,0.860517639112429,0.860517639112429,"all","log"
"7608",8,0.663061306494331,0.717956795288046,"Exp2","mixed","IP",0,0.680050970952415,0.106722476802747,0.680231052264764,0.860517639112429,0,0.823835074696914,0.860517639112429,0.139482360887571,0.860517639112429,0.860517639112429,"all","log"
"7609",8,0.7328,0.765929513992887,"Exp2","mixed","IP",0,0.689654462304716,0.105981266300607,0.689360049990117,0.860517639112429,0,0.823764765615524,0.860517639112429,0.139482360887571,0.860517639112429,0.860517639112429,"all","log"
"7610",8,1.44778166151097,1.10195469289829,"Exp2","mixed","IP",0,1.55733085901464,0.263499638605373,1.55587582466773,0.755471461852807,0,-0.0843105206388835,0.755471461852807,0.244528538147193,0.755471461852807,0.755471461852807,"all","log"
"7611",8,0.7328,0.917859761957516,"Exp2","mixed","IP",0,0.689654462304716,0.105981266300607,0.689603822472386,0.860517639112429,0,0.834935327802769,0.860517639112429,0.139482360887571,0.860517639112429,0.860517639112429,"all","log"
"7612",8,1.44778166151097,0.997853168666552,"Exp2","mixed","IP",0,1.55733085901464,0.263499638605373,1.5581920140561,0.755471461852807,0,-0.0810265160336311,0.755471461852807,0.244528538147193,0.755471461852807,0.755471461852807,"all","log"
"7613",8,1.954332247557,1.51791978577967,"Exp2","mixed","IP",0,1.67609941268858,0.282226279170927,1.67663719451496,0.755471461852807,0,-0.148538133300299,0.755471461852807,0.244528538147193,0.755471461852807,0.755471461852807,"all","log"
"7614",8,1.954332247557,1.20602169565791,"Exp2","mixed","IP",0,1.67609941268858,0.282226279170927,1.6759638918729,0.755471461852807,0,-0.150203176386335,0.755471461852807,0.244528538147193,0.755471461852807,0.755471461852807,"all","log"
"7615",8,0.542862864224572,1.12597199717493,"Exp2","mixed","IP",0,0.66134588941985,0.108781237276052,0.66141227536083,0.860517639112429,0,0.800666841037021,0.860517639112429,0.139482360887571,0.860517639112429,0.860517639112429,"all","log"
"7616",8,1.76834346805288,0.957804216595832,"Exp2","mixed","IP",0,1.6353568204224,0.275745706711369,1.63717917229332,0.755471461852807,0,-0.130478523569522,0.755471461852807,0.244528538147193,0.755471461852807,0.755471461852807,"all","log"
"7617",8,0.4912,0.893858629902752,"Exp2","mixed","IP",0,0.652237649044482,0.110119508288301,0.65285842938796,0.860517639112429,0,0.788753678254789,0.860517639112429,0.139482360887571,0.860517639112429,0.860517639112429,"all","log"
"7618",8,0.599959465297448,0.893982720603162,"Exp2","mixed","IP",0,0.670615900662177,0.107652400793538,0.670044274309302,0.860517639112429,0,0.807551526475172,0.860517639112429,0.139482360887571,0.860517639112429,0.860517639112429,"all","log"
"7619",8,0.599959465297448,0.598008048789779,"Exp2","mixed","IP",0,0.670615900662177,0.107652400793538,0.671738414111498,0.860517639112429,0,0.810531440980576,0.860517639112429,0.139482360887571,0.860517639112429,0.860517639112429,"all","log"
"7620",8,1.60005476290647,1.04586227487198,"Exp2","mixed","IP",0,1.59577955631375,0.269503737088127,1.59533244228661,0.755471461852807,0,-0.105632778678831,0.755471461852807,0.244528538147193,0.755471461852807,0.755471461852807,"all","log"
"7621",8,0.599959465297448,0.622051477424975,"Exp2","mixed","IP",0,0.670615900662177,0.107652400793538,0.670322999597948,0.860517639112429,0,0.813487280294465,0.860517639112429,0.139482360887571,0.860517639112429,0.860517639112429,"all","log"
"7622",8,1.31,0.95002444493548,"Exp2","mixed","IP",0,1.51997521622617,0.257733530019018,1.52047251331272,0.755471461852807,0,-0.0673897911203902,0.755471461852807,0.244528538147193,0.755471461852807,0.755471461852807,"all","log"
"7623",8,1.60005476290647,0.917988828727175,"Exp2","mixed","IP",0,1.59577955631375,0.269503737088127,1.59611134826169,0.755471461852807,0,-0.104945979838492,0.755471461852807,0.244528538147193,0.755471461852807,0.755471461852807,"all","log"
"7624",8,0.4912,0.893987696670592,"Exp2","mixed","IP",0,0.652237649044482,0.110119508288301,0.651615512268145,0.860517639112429,0,0.786827812314176,0.860517639112429,0.139482360887571,0.860517639112429,0.860517639112429,"all","log"
"7625",8,0.4912,0.654034844917987,"Exp2","mixed","IP",0,0.652237649044482,0.110119508288301,0.65257273800421,0.860517639112429,0,0.793739977683211,0.860517639112429,0.139482360887571,0.860517639112429,0.860517639112429,"all","log"
"7626",8,0.7328,1.18983765577468,"Exp2","mixed","IP",0,0.689654462304716,0.105981266300607,0.689389337256233,0.860517639112429,0,0.827569642427871,0.860517639112429,0.139482360887571,0.860517639112429,0.860517639112429,"all","log"
"7627",8,1.31,1.38993313408355,"Exp2","mixed","IP",0,1.51997521622617,0.257733530019018,1.51795881989458,0.755471461852807,0,-0.0635225780673552,0.755471461852807,0.244528538147193,0.755471461852807,0.755471461852807,"all","log"
"7628",8,1.60005476290647,1.42194977903091,"Exp2","mixed","IP",0,1.59577955631375,0.269503737088127,1.59634847996629,0.755471461852807,0,-0.111040856970426,0.755471461852807,0.244528538147193,0.755471461852807,0.755471461852807,"all","log"
"7629",8,0.663061306494331,0.773854213641243,"Exp2","mixed","IP",0,0.680050970952415,0.106722476802747,0.680713136443582,0.860517639112429,0,0.819609721788529,0.860517639112429,0.139482360887571,0.860517639112429,0.860517639112429,"all","log"
"7630",8,1.31,0.74991683745975,"Exp2","mixed","IP",0,1.51997521622617,0.257733530019018,1.51850921564499,0.755471461852807,0,-0.0648485400393197,0.755471461852807,0.244528538147193,0.755471461852807,0.755471461852807,"all","log"
"7631",8,1.76834346805288,1.65384326629101,"Exp2","mixed","IP",0,1.6353568204224,0.275745706711369,1.63605639826187,0.755471461852807,0,-0.12599236541251,0.755471461852807,0.244528538147193,0.755471461852807,0.755471461852807,"all","log"
"7632",8,0.599959465297448,0.613924936009425,"Exp2","mixed","IP",0,0.670615900662177,0.107652400793538,0.670892374637414,0.860517639112429,0,0.816529946838756,0.860517639112429,0.139482360887571,0.860517639112429,0.860517639112429,"all","log"
"7633",8,0.599959465297448,0.637953436440512,"Exp2","mixed","IP",0,0.670615900662177,0.107652400793538,0.669719476955705,0.860517639112429,0,0.811408452214964,0.860517639112429,0.139482360887571,0.860517639112429,0.860517639112429,"all","log"
"7634",8,0.663061306494331,0.60584286820631,"Exp2","mixed","IP",0,0.680050970952415,0.106722476802747,0.679767081677914,0.860517639112429,0,0.823270578005536,0.860517639112429,0.139482360887571,0.860517639112429,0.860517639112429,"all","log"
"7635",8,0.7328,0.877928058493126,"Exp2","mixed","IP",0,0.689654462304716,0.105981266300607,0.690133394144344,0.860517639112429,0,0.826692981817016,0.860517639112429,0.139482360887571,0.860517639112429,0.860517639112429,"all","log"
"7636",8,0.4912,0.589906076711486,"Exp2","mixed","IP",0,0.652237649044482,0.110119508288301,0.652349942762149,0.860517639112429,0,0.7938589366859,0.860517639112429,0.139482360887571,0.860517639112429,0.860517639112429,"all","log"
"7637",8,1.76834346805288,0.837911761869691,"Exp2","mixed","IP",0,1.6353568204224,0.275745706711369,1.63679209847588,0.755471461852807,0,-0.129852964882985,0.755471461852807,0.244528538147193,0.755471461852807,0.755471461852807,"all","log"
"7638",8,0.542862864224572,0.861865621278412,"Exp2","mixed","IP",0,0.66134588941985,0.108781237276052,0.66094664271391,0.860517639112429,0,0.804575106710267,0.860517639112429,0.139482360887571,0.860517639112429,0.860517639112429,"all","log"
"7639",8,0.542862864224572,0.661993444029576,"Exp2","mixed","IP",0,0.66134588941985,0.108781237276052,0.661618522437118,0.860517639112429,0,0.810415175416339,0.860517639112429,0.139482360887571,0.860517639112429,0.860517639112429,"all","log"
"7640",8,0.663061306494331,0.845871293995515,"Exp2","mixed","IP",0,0.680050970952415,0.106722476802747,0.680079631977696,0.860517639112429,0,0.822860471654115,0.860517639112429,0.139482360887571,0.860517639112429,0.860517639112429,"all","log"
"7641",8,0.542862864224572,0.877947962766484,"Exp2","mixed","IP",0,0.66134588941985,0.108781237276052,0.660887479646937,0.860517639112429,0,0.808158554553034,0.860517639112429,0.139482360887571,0.860517639112429,0.860517639112429,"all","log"
"7642",8,0.599959465297448,0.781898027920761,"Exp2","mixed","IP",0,0.670615900662177,0.107652400793538,0.670574618695554,0.860517639112429,0,0.810379326908106,0.860517639112429,0.139482360887571,0.860517639112429,0.860517639112429,"all","log"
"7643",8,1.31,0.757867661464843,"Exp2","mixed","IP",0,1.51997521622617,0.257733530019018,1.5169477166303,0.755471461852807,0,-0.058829210091284,0.755471461852807,0.244528538147193,0.755471461852807,0.755471461852807,"all","log"
"7644",8,1.31,1.5178771781957,"Exp2","mixed","IP",0,1.51997521622617,0.257733530019018,1.51910527246837,0.755471461852807,0,-0.0613890197320053,0.755471461852807,0.244528538147193,0.755471461852807,0.755471461852807,"all","log"
"7645",8,1.60005476290647,1.58187998967333,"Exp2","mixed","IP",0,1.59577955631375,0.269503737088127,1.59477452459978,0.755471461852807,0,-0.102812805699888,0.755471461852807,0.244528538147193,0.755471461852807,0.755471461852807,"all","log"
"7646",8,1.31,1.09388506526557,"Exp2","mixed","IP",0,1.51997521622617,0.257733530019018,1.51891142039129,0.755471461852807,0,-0.0674993212784014,0.755471461852807,0.244528538147193,0.755471461852807,0.755471461852807,"all","log"
"7647",8,0.4912,0.717962704367892,"Exp2","mixed","IP",0,0.652237649044482,0.110119508288301,0.652041348429466,0.860517639112429,0,0.796917886405379,0.860517639112429,0.139482360887571,0.860517639112429,0.860517639112429,"all","log"
"7648",8,1.44778166151097,0.925869676771981,"Exp2","mixed","IP",0,1.55733085901464,0.263499638605373,1.55757530740617,0.755471461852807,0,-0.0885758362608262,0.755471461852807,0.244528538147193,0.755471461852807,0.755471461852807,"all","log"
"7649",8,0.7328,1.08598866700413,"Exp2","mixed","IP",0,0.689654462304716,0.105981266300607,0.689807456929001,0.860517639112429,0,0.822294703453447,0.860517639112429,0.139482360887571,0.860517639112429,0.860517639112429,"all","log"
"7650",8,1.954332247557,1.1659410211505,"Exp2","mixed","IP",0,1.67609941268858,0.282226279170927,1.67763554671032,0.755471461852807,0,-0.154401332945407,0.755471461852807,0.244528538147193,0.755471461852807,0.755471461852807,"all","log"
"7651",8,1.44778166151097,1.40586588252154,"Exp2","mixed","IP",0,1.55733085901464,0.263499638605373,1.55448128182631,0.755471461852807,0,-0.0837122623354206,0.755471461852807,0.244528538147193,0.755471461852807,0.755471461852807,"all","log"
"7652",8,0.7328,0.613933022121273,"Exp2","mixed","IP",0,0.689654462304716,0.105981266300607,0.68985218933686,0.860517639112429,0,0.832380256400643,0.860517639112429,0.139482360887571,0.860517639112429,0.860517639112429,"all","log"
"7653",8,0.542862864224572,0.805975356021008,"Exp2","mixed","IP",0,0.66134588941985,0.108781237276052,0.661438005303511,0.860517639112429,0,0.802494960905397,0.860517639112429,0.139482360887571,0.860517639112429,0.860517639112429,"all","log"
"7654",8,0.7328,0.749911861390501,"Exp2","mixed","IP",0,0.689654462304716,0.105981266300607,0.689217582886951,0.860517639112429,0,0.828946536185826,0.860517639112429,0.139482360887571,0.860517639112429,0.860517639112429,"all","log"
"7655",8,1.60005476290647,0.965879131301335,"Exp2","mixed","IP",0,1.59577955631375,0.269503737088127,1.59466256546269,0.755471461852807,0,-0.107705114285878,0.755471461852807,0.244528538147193,0.755471461852807,0.755471461852807,"all","log"
"7656",8,1.954332247557,0.941913764738274,"Exp2","mixed","IP",0,1.67609941268858,0.282226279170927,1.67495073792962,0.755471461852807,0,-0.148548820872692,0.755471461852807,0.244528538147193,0.755471461852807,0.755471461852807,"all","log"
"7657",8,0.599959465297448,0.949978727307098,"Exp2","mixed","IP",0,0.670615900662177,0.107652400793538,0.670230170844117,0.860517639112429,0,0.809677777212131,0.860517639112429,0.139482360887571,0.860517639112429,0.860517639112429,"all","log"
"7658",8,0.663061306494331,0.789896124575534,"Exp2","mixed","IP",0,0.680050970952415,0.106722476802747,0.679967267670138,0.860517639112429,0,0.822033129210138,0.860517639112429,0.139482360887571,0.860517639112429,0.860517639112429,"all","log"
"7659",8,0.4912,0.741866181084333,"Exp2","mixed","IP",0,0.652237649044482,0.110119508288301,0.652384592615079,0.860517639112429,0,0.793185006117799,0.860517639112429,0.139482360887571,0.860517639112429,0.860517639112429,"all","log"
"7660",8,0.663061306494331,0.837912072875042,"Exp2","mixed","IP",0,0.680050970952415,0.106722476802747,0.680294445325828,0.860517639112429,0,0.826484715919739,0.860517639112429,0.139482360887571,0.860517639112429,0.860517639112429,"all","log"
"7661",8,1.76834346805288,1.26183700888396,"Exp2","mixed","IP",0,1.6353568204224,0.275745706711369,1.63713765998429,0.755471461852807,0,-0.125646349778293,0.755471461852807,0.244528538147193,0.755471461852807,0.755471461852807,"all","log"
"7662",8,1.31,1.06997754549047,"Exp2","mixed","IP",0,1.51997521622617,0.257733530019018,1.51953608767178,0.755471461852807,0,-0.0644399350825358,0.755471461852807,0.244528538147193,0.755471461852807,0.755471461852807,"all","log"
"7663",8,1.954332247557,1.37397861534737,"Exp2","mixed","IP",0,1.67609941268858,0.282226279170927,1.67539922358845,0.755471461852807,0,-0.15468619355681,0.755471461852807,0.244528538147193,0.755471461852807,0.755471461852807,"all","log"
"7664",8,1.954332247557,1.66188428153328,"Exp2","mixed","IP",0,1.67609941268858,0.282226279170927,1.6757343848516,0.755471461852807,0,-0.149992019954214,0.755471461852807,0.244528538147193,0.755471461852807,0.755471461852807,"all","log"
"7665",9,1.76834346805288,1.15783780505626,"Exp2","mixed","IP",0,1.70497495855822,0.173596999799084,1.70561462881544,0.155962537025171,0,0.335843936418105,0.155962537025171,0.844037462974829,0.155962537025171,0.155962537025171,"all","log"
"7666",9,1.44778166151097,1.61401388322975,"Exp2","mixed","IP",0,1.44010323548196,0.154833123129284,1.44056970193767,0.155962537025171,0,0.452090724981979,0.155962537025171,0.844037462974829,0.155962537025171,0.155962537025171,"all","log"
"7667",9,1.44778166151097,1.39780776204498,"Exp2","mixed","IP",0,1.44010323548196,0.154833123129284,1.44138827426352,0.155962537025171,0,0.448307959911714,0.155962537025171,0.844037462974829,0.155962537025171,0.155962537025171,"all","log"
"7668",9,0.7328,0.605892006879003,"Exp2","mixed","IP",0,0.732720015295703,0.123753094826479,0.733067658543617,0.334990555508452,0,0.667615088544346,0.334990555508452,0.665009444491548,0.334990555508452,0.334990555508452,"all","log"
"7669",9,1.31,1.30187041074259,"Exp2","mixed","IP",0,1.32361533164128,0.147634840604276,1.32305161574256,0.155962537025171,0,0.50192830010171,0.155962537025171,0.844037462974829,0.155962537025171,0.155962537025171,"all","log"
"7670",9,0.663061306494331,0.717870647106793,"Exp2","mixed","IP",0,0.685476638924791,0.126668809750019,0.685626973113805,0.334990555508452,0,0.65076596404937,0.334990555508452,0.665009444491548,0.334990555508452,0.334990555508452,"all","log"
"7671",9,0.599959465297448,0.606041288925553,"Exp2","mixed","IP",0,0.641355520405782,0.13024181203355,0.641462471571525,0.334990555508452,0,0.621176959961741,0.334990555508452,0.665009444491548,0.334990555508452,0.334990555508452,"all","log"
"7672",9,0.599959465297448,0.542045630545545,"Exp2","mixed","IP",0,0.641355520405782,0.13024181203355,0.640531537369055,0.334990555508452,0,0.619058009522706,0.334990555508452,0.665009444491548,0.334990555508452,0.334990555508452,"all","log"
"7673",9,1.76834346805288,1.38991509583593,"Exp2","mixed","IP",0,1.70497495855822,0.173596999799084,1.70674417669963,0.155962537025171,0,0.340740358250533,0.155962537025171,0.844037462974829,0.155962537025171,0.155962537025171,"all","log"
"7674",9,1.60005476290647,1.66986496194841,"Exp2","mixed","IP",0,1.56691598174011,0.163472210944959,1.56812563271237,0.155962537025171,0,0.393222843802867,0.155962537025171,0.844037462974829,0.155962537025171,0.155962537025171,"all","log"
"7675",9,1.954332247557,1.83804145064823,"Exp2","mixed","IP",0,1.85528431619667,0.185256730594351,1.85374988059225,0.155962537025171,0,0.266903554311769,0.155962537025171,0.844037462974829,0.155962537025171,0.155962537025171,"all","log"
"7676",9,0.599959465297448,0.605905380061813,"Exp2","mixed","IP",0,0.641355520405782,0.13024181203355,0.641119418030247,0.334990555508452,0,0.624971091916401,0.334990555508452,0.665009444491548,0.334990555508452,0.334990555508452,"all","log"
"7677",9,1.60005476290647,1.44597237038124,"Exp2","mixed","IP",0,1.56691598174011,0.163472210944959,1.56567633483798,0.155962537025171,0,0.391521435423546,0.155962537025171,0.844037462974829,0.155962537025171,0.155962537025171,"all","log"
"7678",9,0.4912,0.669847856714114,"Exp2","mixed","IP",0,0.561650511734698,0.139240930301278,0.561330471925248,0.334990555508452,0,0.554539540827704,0.334990555508452,0.665009444491548,0.334990555508452,0.334990555508452,"all","log"
"7679",9,0.663061306494331,0.653855084453426,"Exp2","mixed","IP",0,0.685476638924791,0.126668809750019,0.686233456296603,0.334990555508452,0,0.649847217775189,0.334990555508452,0.665009444491548,0.334990555508452,0.334990555508452,"all","log"
"7680",9,1.31,1.31789148439202,"Exp2","mixed","IP",0,1.32361533164128,0.147634840604276,1.32306840221928,0.155962537025171,0,0.496550813532961,0.155962537025171,0.844037462974829,0.155962537025171,0.155962537025171,"all","log"
"7681",9,0.663061306494331,0.709867885388121,"Exp2","mixed","IP",0,0.685476638924791,0.126668809750019,0.684869677362721,0.334990555508452,0,0.652230699980547,0.334990555508452,0.665009444491548,0.334990555508452,0.334990555508452,"all","log"
"7682",9,1.76834346805288,1.91787437915809,"Exp2","mixed","IP",0,1.70497495855822,0.173596999799084,1.70458940857023,0.155962537025171,0,0.336780788034161,0.155962537025171,0.844037462974829,0.155962537025171,0.155962537025171,"all","log"
"7683",9,1.60005476290647,1.48590873890862,"Exp2","mixed","IP",0,1.56691598174011,0.163472210944959,1.56736457609283,0.155962537025171,0,0.390633686033019,0.155962537025171,0.844037462974829,0.155962537025171,0.155962537025171,"all","log"
"7684",9,1.31,1.33386684041398,"Exp2","mixed","IP",0,1.32361533164128,0.147634840604276,1.32298126295489,0.155962537025171,0,0.493094952227891,0.155962537025171,0.844037462974829,0.155962537025171,0.155962537025171,"all","log"
"7685",9,0.542862864224572,0.581865061470126,"Exp2","mixed","IP",0,0.600145634196371,0.134441606104741,0.601056928596411,0.334990555508452,0,0.587177783309692,0.334990555508452,0.665009444491548,0.334990555508452,0.334990555508452,"all","log"
"7686",9,1.44778166151097,1.22188602315782,"Exp2","mixed","IP",0,1.44010323548196,0.154833123129284,1.4393288268132,0.155962537025171,0,0.448781255592273,0.155962537025171,0.844037462974829,0.155962537025171,0.155962537025171,"all","log"
"7687",9,0.4912,0.565906810682463,"Exp2","mixed","IP",0,0.561650511734698,0.139240930301278,0.56233785220181,0.334990555508452,0,0.552037716408873,0.334990555508452,0.665009444491548,0.334990555508452,0.334990555508452,"all","log"
"7688",9,0.7328,0.645858853824393,"Exp2","mixed","IP",0,0.732720015295703,0.123753094826479,0.731777866583241,0.334990555508452,0,0.671666969525719,0.334990555508452,0.665009444491548,0.334990555508452,0.334990555508452,"all","log"
"7689",9,1.954332247557,1.82981569887306,"Exp2","mixed","IP",0,1.85528431619667,0.185256730594351,1.85480208966559,0.155962537025171,0,0.266783334129494,0.155962537025171,0.844037462974829,0.155962537025171,0.155962537025171,"all","log"
"7690",9,1.954332247557,1.70190462121172,"Exp2","mixed","IP",0,1.85528431619667,0.185256730594351,1.85451436680148,0.155962537025171,0,0.271260168832271,0.155962537025171,0.844037462974829,0.155962537025171,0.155962537025171,"all","log"
"7691",9,0.4912,0.653929414472259,"Exp2","mixed","IP",0,0.561650511734698,0.139240930301278,0.56123965685426,0.334990555508452,0,0.556947414801107,0.334990555508452,0.665009444491548,0.334990555508452,0.334990555508452,"all","log"
"7692",9,0.4912,0.509991976089623,"Exp2","mixed","IP",0,0.561650511734698,0.139240930301278,0.561542844787719,0.334990555508452,0,0.555414912565764,0.334990555508452,0.665009444491548,0.334990555508452,0.334990555508452,"all","log"
"7693",9,1.44778166151097,1.65391697430186,"Exp2","mixed","IP",0,1.44010323548196,0.154833123129284,1.4394180477747,0.155962537025171,0,0.447920971924471,0.155962537025171,0.844037462974829,0.155962537025171,0.155962537025171,"all","log"
"7694",9,1.31,1.50193416661659,"Exp2","mixed","IP",0,1.32361533164128,0.147634840604276,1.32250035166041,0.155962537025171,0,0.492609209776646,0.155962537025171,0.844037462974829,0.155962537025171,0.155962537025171,"all","log"
"7695",9,0.542862864224572,0.589910741776293,"Exp2","mixed","IP",0,0.600145634196371,0.134441606104741,0.601563112440722,0.334990555508452,0,0.591557787209665,0.334990555508452,0.665009444491548,0.334990555508452,0.334990555508452,"all","log"
"7696",9,0.542862864224572,0.573885625070943,"Exp2","mixed","IP",0,0.600145634196371,0.134441606104741,0.599942584441263,0.334990555508452,0,0.59477803742062,0.334990555508452,0.665009444491548,0.334990555508452,0.334990555508452,"all","log"
"7697",9,0.7328,0.597883025076044,"Exp2","mixed","IP",0,0.732720015295703,0.123753094826479,0.73311459211944,0.334990555508452,0,0.67166596161462,0.334990555508452,0.665009444491548,0.334990555508452,0.334990555508452,"all","log"
"7698",9,1.954332247557,1.94193211398942,"Exp2","mixed","IP",0,1.85528431619667,0.185256730594351,1.85489384425794,0.155962537025171,0,0.271909469143314,0.155962537025171,0.844037462974829,0.155962537025171,0.155962537025171,"all","log"
"7699",9,0.663061306494331,0.725846040449142,"Exp2","mixed","IP",0,0.685476638924791,0.126668809750019,0.684511450781849,0.334990555508452,0,0.644752623324174,0.334990555508452,0.665009444491548,0.334990555508452,0.334990555508452,"all","log"
"7700",9,0.663061306494331,0.605886719806222,"Exp2","mixed","IP",0,0.685476638924791,0.126668809750019,0.685756001593523,0.334990555508452,0,0.647314748424169,0.334990555508452,0.665009444491548,0.334990555508452,0.334990555508452,"all","log"
"7701",9,0.7328,0.925941829762451,"Exp2","mixed","IP",0,0.732720015295703,0.123753094826479,0.732070436116521,0.334990555508452,0,0.671843253436278,0.334990555508452,0.665009444491548,0.334990555508452,0.334990555508452,"all","log"
"7702",9,1.954332247557,1.86983759357372,"Exp2","mixed","IP",0,1.85528431619667,0.185256730594351,1.85493631250716,0.155962537025171,0,0.27201629798938,0.155962537025171,0.844037462974829,0.155962537025171,0.155962537025171,"all","log"
"7703",9,1.44778166151097,1.45391946233576,"Exp2","mixed","IP",0,1.44010323548196,0.154833123129284,1.44123849839672,0.155962537025171,0,0.453185108985364,0.155962537025171,0.844037462974829,0.155962537025171,0.155962537025171,"all","log"
"7704",9,1.76834346805288,1.83789901069576,"Exp2","mixed","IP",0,1.70497495855822,0.173596999799084,1.70606166951742,0.155962537025171,0,0.336910518156894,0.155962537025171,0.844037462974829,0.155962537025171,0.155962537025171,"all","log"
"7705",9,0.4912,0.541889506404914,"Exp2","mixed","IP",0,0.561650511734698,0.139240930301278,0.562512240003236,0.334990555508452,0,0.554841913544849,0.334990555508452,0.665009444491548,0.334990555508452,0.334990555508452,"all","log"
"7706",9,0.542862864224572,0.645896174336485,"Exp2","mixed","IP",0,0.600145634196371,0.134441606104741,0.599784823831892,0.334990555508452,0,0.586827518827224,0.334990555508452,0.665009444491548,0.334990555508452,0.334990555508452,"all","log"
"7707",9,1.60005476290647,1.34991652645567,"Exp2","mixed","IP",0,1.56691598174011,0.163472210944959,1.56674755769188,0.155962537025171,0,0.3929997723393,0.155962537025171,0.844037462974829,0.155962537025171,0.155962537025171,"all","log"
"7708",9,1.954332247557,1.98198199907256,"Exp2","mixed","IP",0,1.85528431619667,0.185256730594351,1.85683389800916,0.155962537025171,0,0.265706315238225,0.155962537025171,0.844037462974829,0.155962537025171,0.155962537025171,"all","log"
"7709",9,0.599959465297448,0.55792892930549,"Exp2","mixed","IP",0,0.641355520405782,0.13024181203355,0.640699278739633,0.334990555508452,0,0.625820865487873,0.334990555508452,0.665009444491548,0.334990555508452,0.334990555508452,"all","log"
"7710",9,1.954332247557,1.77401189280226,"Exp2","mixed","IP",0,1.85528431619667,0.185256730594351,1.85614292611356,0.155962537025171,0,0.271120671060738,0.155962537025171,0.844037462974829,0.155962537025171,0.155962537025171,"all","log"
"7711",9,0.599959465297448,0.637906474797092,"Exp2","mixed","IP",0,0.641355520405782,0.13024181203355,0.640654568711373,0.334990555508452,0,0.619677968670549,0.334990555508452,0.665009444491548,0.334990555508452,0.334990555508452,"all","log"
"7712",9,1.76834346805288,1.20590786809589,"Exp2","mixed","IP",0,1.70497495855822,0.173596999799084,1.70658282907717,0.155962537025171,0,0.333051839543437,0.155962537025171,0.844037462974829,0.155962537025171,0.155962537025171,"all","log"
"7713",9,0.542862864224572,0.645879380106635,"Exp2","mixed","IP",0,0.600145634196371,0.134441606104741,0.599468709400871,0.334990555508452,0,0.584389238910985,0.334990555508452,0.665009444491548,0.334990555508452,0.334990555508452,"all","log"
"7714",9,1.31,1.11796705842789,"Exp2","mixed","IP",0,1.32361533164128,0.147634840604276,1.32373725707096,0.155962537025171,0,0.494362951411171,0.155962537025171,0.844037462974829,0.155962537025171,0.155962537025171,"all","log"
"7715",9,1.76834346805288,1.8458517007266,"Exp2","mixed","IP",0,1.70497495855822,0.173596999799084,1.70381275195558,0.155962537025171,0,0.34152002572442,0.155962537025171,0.844037462974829,0.155962537025171,0.155962537025171,"all","log"
"7716",9,0.7328,0.677828537128335,"Exp2","mixed","IP",0,0.732720015295703,0.123753094826479,0.733294332476486,0.334990555508452,0,0.671333636224279,0.334990555508452,0.665009444491548,0.334990555508452,0.334990555508452,"all","log"
"7717",9,1.60005476290647,1.68583814094109,"Exp2","mixed","IP",0,1.56691598174011,0.163472210944959,1.56636666901422,0.155962537025171,0,0.400717490247351,0.155962537025171,0.844037462974829,0.155962537025171,0.155962537025171,"all","log"
"7718",9,0.7328,0.621984300504664,"Exp2","mixed","IP",0,0.732720015295703,0.123753094826479,0.7325206634161,0.334990555508452,0,0.674312339436829,0.334990555508452,0.665009444491548,0.334990555508452,0.334990555508452,"all","log"
"7719",9,0.7328,0.742030702340344,"Exp2","mixed","IP",0,0.732720015295703,0.123753094826479,0.733801784766512,0.334990555508452,0,0.667663871971034,0.334990555508452,0.665009444491548,0.334990555508452,0.334990555508452,"all","log"
"7720",9,1.60005476290647,1.5418885733925,"Exp2","mixed","IP",0,1.56691598174011,0.163472210944959,1.56610114861364,0.155962537025171,0,0.398567460168359,0.155962537025171,0.844037462974829,0.155962537025171,0.155962537025171,"all","log"
"7721",9,0.663061306494331,0.749838775389435,"Exp2","mixed","IP",0,0.685476638924791,0.126668809750019,0.686585050095104,0.334990555508452,0,0.646428651162411,0.334990555508452,0.665009444491548,0.334990555508452,0.334990555508452,"all","log"
"7722",9,1.31,1.30184242036012,"Exp2","mixed","IP",0,1.32361533164128,0.147634840604276,1.32323273430797,0.155962537025171,0,0.491360225258282,0.155962537025171,0.844037462974829,0.155962537025171,0.155962537025171,"all","log"
"7723",9,0.599959465297448,0.653899558063131,"Exp2","mixed","IP",0,0.641355520405782,0.13024181203355,0.641768259105617,0.334990555508452,0,0.618307066420841,0.334990555508452,0.665009444491548,0.334990555508452,0.334990555508452,"all","log"
"7724",9,1.44778166151097,1.42185181268815,"Exp2","mixed","IP",0,1.44010323548196,0.154833123129284,1.44077146659235,0.155962537025171,0,0.448813534665596,0.155962537025171,0.844037462974829,0.155962537025171,0.155962537025171,"all","log"
"7725",9,0.4912,0.461973539757309,"Exp2","mixed","IP",0,0.561650511734698,0.139240930301278,0.562972652506304,0.334990555508452,0,0.552230388496794,0.334990555508452,0.665009444491548,0.334990555508452,0.334990555508452,"all","log"
"7726",9,1.954332247557,2.13376887407048,"Exp2","mixed","IP",0,1.85528431619667,0.185256730594351,1.85577109307149,0.155962537025171,0,0.264135815627782,0.155962537025171,0.844037462974829,0.155962537025171,0.155962537025171,"all","log"
"7727",9,0.4912,0.502029955930993,"Exp2","mixed","IP",0,0.561650511734698,0.139240930301278,0.562082017299496,0.334990555508452,0,0.55650284637933,0.334990555508452,0.665009444491548,0.334990555508452,0.334990555508452,"all","log"
"7728",9,1.44778166151097,1.41383909883461,"Exp2","mixed","IP",0,1.44010323548196,0.154833123129284,1.4395007551234,0.155962537025171,0,0.449828240710212,0.155962537025171,0.844037462974829,0.155962537025171,0.155962537025171,"all","log"
"7729",9,0.4912,0.461940262301141,"Exp2","mixed","IP",0,0.561650511734698,0.139240930301278,0.561564592616062,0.334990555508452,0,0.559036705445756,0.334990555508452,0.665009444491548,0.334990555508452,0.334990555508452,"all","log"
"7730",9,1.31,1.30998420098331,"Exp2","mixed","IP",0,1.32361533164128,0.147634840604276,1.32444396019954,0.155962537025171,0,0.499352961401718,0.155962537025171,0.844037462974829,0.155962537025171,0.155962537025171,"all","log"
"7731",9,0.542862864224572,0.621862697837059,"Exp2","mixed","IP",0,0.600145634196371,0.134441606104741,0.60159938554736,0.334990555508452,0,0.59279984582058,0.334990555508452,0.665009444491548,0.334990555508452,0.334990555508452,"all","log"
"7732",9,1.60005476290647,1.47794049866479,"Exp2","mixed","IP",0,1.56691598174011,0.163472210944959,1.5663982759952,0.155962537025171,0,0.391795402361044,0.155962537025171,0.844037462974829,0.155962537025171,0.155962537025171,"all","log"
"7733",9,1.31,1.28589660974285,"Exp2","mixed","IP",0,1.32361533164128,0.147634840604276,1.32394090289773,0.155962537025171,0,0.496658651821906,0.155962537025171,0.844037462974829,0.155962537025171,0.155962537025171,"all","log"
"7734",9,1.44778166151097,1.33403105066554,"Exp2","mixed","IP",0,1.44010323548196,0.154833123129284,1.43933197505136,0.155962537025171,0,0.442588195175396,0.155962537025171,0.844037462974829,0.155962537025171,0.155962537025171,"all","log"
"7735",9,0.663061306494331,0.597400346458926,"Exp2","mixed","IP",0,0.685476638924791,0.126668809750019,0.685295858967196,0.334990555508452,0,0.649764677241183,0.334990555508452,0.665009444491548,0.334990555508452,0.334990555508452,"all","log"
"7736",9,1.76834346805288,1.4378287237314,"Exp2","mixed","IP",0,1.70497495855822,0.173596999799084,1.70508481552982,0.155962537025171,0,0.33635169223723,0.155962537025171,0.844037462974829,0.155962537025171,0.155962537025171,"all","log"
"7737",9,0.7328,0.725921925490184,"Exp2","mixed","IP",0,0.732720015295703,0.123753094826479,0.732698808215852,0.334990555508452,0,0.671719191858545,0.334990555508452,0.665009444491548,0.334990555508452,0.334990555508452,"all","log"
"7738",9,1.31,1.27790659919901,"Exp2","mixed","IP",0,1.32361533164128,0.147634840604276,1.32381896512801,0.155962537025171,0,0.495491697127541,0.155962537025171,0.844037462974829,0.155962537025171,0.155962537025171,"all","log"
"7739",9,1.44778166151097,1.29396250532591,"Exp2","mixed","IP",0,1.44010323548196,0.154833123129284,1.4410547244989,0.155962537025171,0,0.446567171880601,0.155962537025171,0.844037462974829,0.155962537025171,0.155962537025171,"all","log"
"7740",9,0.4912,0.661950214437638,"Exp2","mixed","IP",0,0.561650511734698,0.139240930301278,0.561235104180713,0.334990555508452,0,0.557255384436655,0.334990555508452,0.665009444491548,0.334990555508452,0.334990555508452,"all","log"
"7741",9,1.60005476290647,1.84009376778522,"Exp2","mixed","IP",0,1.56691598174011,0.163472210944959,1.5663725103788,0.155962537025171,0,0.398351186017952,0.155962537025171,0.844037462974829,0.155962537025171,0.155962537025171,"all","log"
"7742",9,1.60005476290647,1.47789509204176,"Exp2","mixed","IP",0,1.56691598174011,0.163472210944959,1.56757333193507,0.155962537025171,0,0.397099879622828,0.155962537025171,0.844037462974829,0.155962537025171,0.155962537025171,"all","log"
"7743",9,0.4912,0.565920183865273,"Exp2","mixed","IP",0,0.561650511734698,0.139240930301278,0.561375994687394,0.334990555508452,0,0.554448283237095,0.334990555508452,0.665009444491548,0.334990555508452,0.334990555508452,"all","log"
"7744",9,1.76834346805288,1.70993879436082,"Exp2","mixed","IP",0,1.70497495855822,0.173596999799084,1.7056241837362,0.155962537025171,0,0.337106141991647,0.155962537025171,0.844037462974829,0.155962537025171,0.155962537025171,"all","log"
"7745",9,0.542862864224572,0.645910169528179,"Exp2","mixed","IP",0,0.600145634196371,0.134441606104741,0.600429588111299,0.334990555508452,0,0.585815634323302,0.334990555508452,0.665009444491548,0.334990555508452,0.334990555508452,"all","log"
"7746",9,1.76834346805288,1.86625295842805,"Exp2","mixed","IP",0,1.70497495855822,0.173596999799084,1.70555866321313,0.155962537025171,0,0.337317978800108,0.155962537025171,0.844037462974829,0.155962537025171,0.155962537025171,"all","log"
"7747",9,0.599959465297448,0.581890563818888,"Exp2","mixed","IP",0,0.641355520405782,0.13024181203355,0.640820945994924,0.334990555508452,0,0.623233541683761,0.334990555508452,0.665009444491548,0.334990555508452,0.334990555508452,"all","log"
"7748",9,0.542862864224572,0.581873769589038,"Exp2","mixed","IP",0,0.600145634196371,0.134441606104741,0.600150775791695,0.334990555508452,0,0.593424878114374,0.334990555508452,0.665009444491548,0.334990555508452,0.334990555508452,"all","log"
"7749",9,0.663061306494331,0.565861404059433,"Exp2","mixed","IP",0,0.685476638924791,0.126668809750019,0.684111873728128,0.334990555508452,0,0.65031133632772,0.334990555508452,0.665009444491548,0.334990555508452,0.334990555508452,"all","log"
"7750",9,1.954332247557,1.54995540198797,"Exp2","mixed","IP",0,1.85528431619667,0.185256730594351,1.85361148150088,0.155962537025171,0,0.268412308915992,0.155962537025171,0.844037462974829,0.155962537025171,0.155962537025171,"all","log"
"7751",9,1.76834346805288,1.84596055221937,"Exp2","mixed","IP",0,1.70497495855822,0.173596999799084,1.70573362262139,0.155962537025171,0,0.337474985047441,0.155962537025171,0.844037462974829,0.155962537025171,0.155962537025171,"all","log"
"7752",9,1.31,1.17397706032534,"Exp2","mixed","IP",0,1.32361533164128,0.147634840604276,1.32432168015337,0.155962537025171,0,0.496929149073973,0.155962537025171,0.844037462974829,0.155962537025171,0.155962537025171,"all","log"
"7753",9,0.542862864224572,0.533922821182387,"Exp2","mixed","IP",0,0.600145634196371,0.134441606104741,0.600168331080387,0.334990555508452,0,0.589942039727202,0.334990555508452,0.665009444491548,0.334990555508452,0.334990555508452,"all","log"
"7754",9,1.31,1.49392549581808,"Exp2","mixed","IP",0,1.32361533164128,0.147634840604276,1.32285095107877,0.155962537025171,0,0.496747524523289,0.155962537025171,0.844037462974829,0.155962537025171,0.155962537025171,"all","log"
"7755",9,0.599959465297448,0.717905790588702,"Exp2","mixed","IP",0,0.641355520405782,0.13024181203355,0.641070446664585,0.334990555508452,0,0.62220445351114,0.334990555508452,0.665009444491548,0.334990555508452,0.334990555508452,"all","log"
"7756",9,0.599959465297448,0.589890526499403,"Exp2","mixed","IP",0,0.641355520405782,0.13024181203355,0.64212572973406,0.334990555508452,0,0.626432702877633,0.334990555508452,0.665009444491548,0.334990555508452,0.334990555508452,"all","log"
"7757",9,0.663061306494331,0.709890588699636,"Exp2","mixed","IP",0,0.685476638924791,0.126668809750019,0.685358236213809,0.334990555508452,0,0.646784261135135,0.334990555508452,0.665009444491548,0.334990555508452,0.334990555508452,"all","log"
"7758",9,1.44778166151097,1.24597268138587,"Exp2","mixed","IP",0,1.44010323548196,0.154833123129284,1.44077823601534,0.155962537025171,0,0.451650811039607,0.155962537025171,0.844037462974829,0.155962537025171,0.155962537025171,"all","log"
"7759",9,0.663061306494331,0.653908577186485,"Exp2","mixed","IP",0,0.685476638924791,0.126668809750019,0.684607050713408,0.334990555508452,0,0.651005164425224,0.334990555508452,0.665009444491548,0.334990555508452,0.334990555508452,"all","log"
"7760",9,0.7328,0.621840927538869,"Exp2","mixed","IP",0,0.732720015295703,0.123753094826479,0.732670328061726,0.334990555508452,0,0.678693409632606,0.334990555508452,0.665009444491548,0.334990555508452,0.334990555508452,"all","log"
"7761",9,1.954332247557,1.91789335041722,"Exp2","mixed","IP",0,1.85528431619667,0.185256730594351,1.85582297263979,0.155962537025171,0,0.277735825678888,0.155962537025171,0.844037462974829,0.155962537025171,0.155962537025171,"all","log"
"7762",9,1.60005476290647,1.48589194467786,"Exp2","mixed","IP",0,1.56691598174011,0.163472210944959,1.56781555024314,0.155962537025171,0,0.397351717210108,0.155962537025171,0.844037462974829,0.155962537025171,0.155962537025171,"all","log"
"7763",9,1.31,1.37384985958124,"Exp2","mixed","IP",0,1.32361533164128,0.147634840604276,1.32416339130781,0.155962537025171,0,0.498274349616904,0.155962537025171,0.844037462974829,0.155962537025171,0.155962537025171,"all","log"
"7764",9,1.954332247557,1.92591383937815,"Exp2","mixed","IP",0,1.85528431619667,0.185256730594351,1.85592646460817,0.155962537025171,0,0.271514681497274,0.155962537025171,0.844037462974829,0.155962537025171,0.155962537025171,"all","log"
"7765",9,0.542862864224572,0.645909858523737,"Exp2","mixed","IP",0,0.600145634196371,0.134441606104741,0.600457205293141,0.334990555508452,0,0.590728493106193,0.334990555508452,0.665009444491548,0.334990555508452,0.334990555508452,"all","log"
"7766",9,0.7328,0.717818398390591,"Exp2","mixed","IP",0,0.732720015295703,0.123753094826479,0.733288248409342,0.334990555508452,0,0.673701849032327,0.334990555508452,0.665009444491548,0.334990555508452,0.334990555508452,"all","log"
"7767",9,1.44778166151097,1.31772509711118,"Exp2","mixed","IP",0,1.44010323548196,0.154833123129284,1.43889537214411,0.155962537025171,0,0.45098719273336,0.155962537025171,0.844037462974829,0.155962537025171,0.155962537025171,"all","log"
"7768",9,1.60005476290647,1.53395609863765,"Exp2","mixed","IP",0,1.56691598174011,0.163472210944959,1.5673413951231,0.155962537025171,0,0.394735375215646,0.155962537025171,0.844037462974829,0.155962537025171,0.155962537025171,"all","log"
"7769",9,0.4912,0.542009865055661,"Exp2","mixed","IP",0,0.561650511734698,0.139240930301278,0.561607918543063,0.334990555508452,0,0.559238082433886,0.334990555508452,0.665009444491548,0.334990555508452,0.334990555508452,"all","log"
"7770",9,0.599959465297448,0.461919114010925,"Exp2","mixed","IP",0,0.641355520405782,0.13024181203355,0.64143629488876,0.334990555508452,0,0.630509650242844,0.334990555508452,0.665009444491548,0.334990555508452,0.334990555508452,"all","log"
"7771",9,0.4912,0.429984574187984,"Exp2","mixed","IP",0,0.561650511734698,0.139240930301278,0.562048469223353,0.334990555508452,0,0.555407211313918,0.334990555508452,0.665009444491548,0.334990555508452,0.334990555508452,"all","log"
"7772",9,1.954332247557,1.74178345395103,"Exp2","mixed","IP",0,1.85528431619667,0.185256730594351,1.85553723316386,0.155962537025171,0,0.270328727989625,0.155962537025171,0.844037462974829,0.155962537025171,0.155962537025171,"all","log"
"7773",9,1.76834346805288,1.42997617707351,"Exp2","mixed","IP",0,1.70497495855822,0.173596999799084,1.7059711495309,0.155962537025171,0,0.334227377938986,0.155962537025171,0.844037462974829,0.155962537025171,0.155962537025171,"all","log"
"7774",9,0.542862864224572,0.6619219130489,"Exp2","mixed","IP",0,0.600145634196371,0.134441606104741,0.600140337790823,0.334990555508452,0,0.594429739339753,0.334990555508452,0.665009444491548,0.334990555508452,0.334990555508452,"all","log"
"7775",9,1.76834346805288,1.47784564236372,"Exp2","mixed","IP",0,1.70497495855822,0.173596999799084,1.70512617468869,0.155962537025171,0,0.332063284580322,0.155962537025171,0.844037462974829,0.155962537025171,0.155962537025171,"all","log"
"7776",9,0.663061306494331,0.637940374262143,"Exp2","mixed","IP",0,0.685476638924791,0.126668809750019,0.687306786989686,0.334990555508452,0,0.650542349779896,0.334990555508452,0.665009444491548,0.334990555508452,0.334990555508452,"all","log"
"7777",9,0.7328,0.76593169102398,"Exp2","mixed","IP",0,0.732720015295703,0.123753094826479,0.732619795707846,0.334990555508452,0,0.669843165288829,0.334990555508452,0.665009444491548,0.334990555508452,0.334990555508452,"all","log"
"7778",9,0.4912,0.478049972164627,"Exp2","mixed","IP",0,0.561650511734698,0.139240930301278,0.560547396004379,0.334990555508452,0,0.552948673809271,0.334990555508452,0.665009444491548,0.334990555508452,0.334990555508452,"all","log"
"7779",9,1.76834346805288,1.5340329166911,"Exp2","mixed","IP",0,1.70497495855822,0.173596999799084,1.7061990514004,0.155962537025171,0,0.343249621154393,0.155962537025171,0.844037462974829,0.155962537025171,0.155962537025171,"all","log"
"7780",9,0.663061306494331,0.725994078477925,"Exp2","mixed","IP",0,0.685476638924791,0.126668809750019,0.684214701602555,0.334990555508452,0,0.646846724732012,0.334990555508452,0.665009444491548,0.334990555508452,0.334990555508452,"all","log"
"7781",9,1.44778166151097,1.59802266599036,"Exp2","mixed","IP",0,1.44010323548196,0.154833123129284,1.43961858776248,0.155962537025171,0,0.446357058565991,0.155962537025171,0.844037462974829,0.155962537025171,0.155962537025171,"all","log"
"7782",9,0.599959465297448,0.630007588503759,"Exp2","mixed","IP",0,0.641355520405782,0.13024181203355,0.640822423615114,0.334990555508452,0,0.620773028482483,0.334990555508452,0.665009444491548,0.334990555508452,0.334990555508452,"all","log"
"7783",9,0.4912,0.509884679619063,"Exp2","mixed","IP",0,0.561650511734698,0.139240930301278,0.561693949442787,0.334990555508452,0,0.553052722590627,0.334990555508452,0.665009444491548,0.334990555508452,0.334990555508452,"all","log"
"7784",9,0.7328,0.781879989674962,"Exp2","mixed","IP",0,0.732720015295703,0.123753094826479,0.731685423943704,0.334990555508452,0,0.676080872558663,0.334990555508452,0.665009444491548,0.334990555508452,0.334990555508452,"all","log"
"7785",9,1.60005476290647,1.51780720223724,"Exp2","mixed","IP",0,1.56691598174011,0.163472210944959,1.5666704326769,0.155962537025171,0,0.393055323060734,0.155962537025171,0.844037462974829,0.155962537025171,0.155962537025171,"all","log"
"7786",9,0.7328,0.797932474754816,"Exp2","mixed","IP",0,0.732720015295703,0.123753094826479,0.73266400467163,0.334990555508452,0,0.673602723609193,0.334990555508452,0.665009444491548,0.334990555508452,0.334990555508452,"all","log"
"7787",9,0.542862864224572,0.605939590531307,"Exp2","mixed","IP",0,0.600145634196371,0.134441606104741,0.601169567391168,0.334990555508452,0,0.589841956869198,0.334990555508452,0.665009444491548,0.334990555508452,0.334990555508452,"all","log"
"7788",9,1.31,1.35781976680846,"Exp2","mixed","IP",0,1.32361533164128,0.147634840604276,1.32411440573129,0.155962537025171,0,0.492862684710966,0.155962537025171,0.844037462974829,0.155962537025171,0.155962537025171,"all","log"
"7789",9,0.542862864224572,0.573886247079827,"Exp2","mixed","IP",0,0.600145634196371,0.134441606104741,0.599055093346587,0.334990555508452,0,0.586444934106981,0.334990555508452,0.665009444491548,0.334990555508452,0.334990555508452,"all","log"
"7790",9,1.31,1.07794236468908,"Exp2","mixed","IP",0,1.32361533164128,0.147634840604276,1.32295095406432,0.155962537025171,0,0.494257163996165,0.155962537025171,0.844037462974829,0.155962537025171,0.155962537025171,"all","log"
"7791",9,0.663061306494331,0.630002612436328,"Exp2","mixed","IP",0,0.685476638924791,0.126668809750019,0.685999595520951,0.334990555508452,0,0.650709983878971,0.334990555508452,0.665009444491548,0.334990555508452,0.334990555508452,"all","log"
"7792",9,1.954332247557,1.67793210154832,"Exp2","mixed","IP",0,1.85528431619667,0.185256730594351,1.85525379702305,0.155962537025171,0,0.271906056595182,0.155962537025171,0.844037462974829,0.155962537025171,0.155962537025171,"all","log"
"7793",9,0.599959465297448,0.725981327303998,"Exp2","mixed","IP",0,0.641355520405782,0.13024181203355,0.640243370703078,0.334990555508452,0,0.625554885809085,0.334990555508452,0.665009444491548,0.334990555508452,0.334990555508452,"all","log"
"7794",9,1.60005476290647,1.42192552069901,"Exp2","mixed","IP",0,1.56691598174011,0.163472210944959,1.5676069818752,0.155962537025171,0,0.396551666733915,0.155962537025171,0.844037462974829,0.155962537025171,0.155962537025171,"all","log"
"7795",9,1.44778166151097,1.33380215152738,"Exp2","mixed","IP",0,1.44010323548196,0.154833123129284,1.44027435921585,0.155962537025171,0,0.451152088312299,0.155962537025171,0.844037462974829,0.155962537025171,0.155962537025171,"all","log"
"7796",9,1.60005476290647,1.63004210997769,"Exp2","mixed","IP",0,1.56691598174011,0.163472210944959,1.56659961779479,0.155962537025171,0,0.398462073024272,0.155962537025171,0.844037462974829,0.155962537025171,0.155962537025171,"all","log"
"7797",9,1.954332247557,1.82993885656197,"Exp2","mixed","IP",0,1.85528431619667,0.185256730594351,1.85445820503873,0.155962537025171,0,0.272535471721737,0.155962537025171,0.844037462974829,0.155962537025171,0.155962537025171,"all","log"
"7798",9,1.44778166151097,1.6139246250068,"Exp2","mixed","IP",0,1.44010323548196,0.154833123129284,1.43918164429667,0.155962537025171,0,0.44131740311194,0.155962537025171,0.844037462974829,0.155962537025171,0.155962537025171,"all","log"
"7799",9,0.599959465297448,0.533867462422677,"Exp2","mixed","IP",0,0.641355520405782,0.13024181203355,0.641729211232727,0.334990555508452,0,0.628017457721128,0.334990555508452,0.665009444491548,0.334990555508452,0.334990555508452,"all","log"
"7800",9,0.663061306494331,0.653962069919544,"Exp2","mixed","IP",0,0.685476638924791,0.126668809750019,0.686172814944079,0.334990555508452,0,0.654120802781616,0.334990555508452,0.665009444491548,0.334990555508452,0.334990555508452,"all","log"
"7801",9,0.542862864224572,0.733947390518551,"Exp2","mixed","IP",0,0.600145634196371,0.134441606104741,0.601061061891935,0.334990555508452,0,0.585946691391936,0.334990555508452,0.665009444491548,0.334990555508452,0.334990555508452,"all","log"
"7802",9,1.76834346805288,1.70995994265013,"Exp2","mixed","IP",0,1.70497495855822,0.173596999799084,1.70598985324633,0.155962537025171,0,0.338403416342302,0.155962537025171,0.844037462974829,0.155962537025171,0.155962537025171,"all","log"
"7803",9,0.7328,0.662028587511486,"Exp2","mixed","IP",0,0.732720015295703,0.123753094826479,0.732849899414421,0.334990555508452,0,0.677260763011089,0.334990555508452,0.665009444491548,0.334990555508452,0.334990555508452,"all","log"
"7804",10,0.542862864224572,0.541891520539139,"Exp2","mixed","IP",0,0.613179303321066,0.129512602522193,0.613930558244498,0.613392848770274,0,0.62308454070329,0.613392848770274,0.386607151229726,0.613392848770274,0.613392848770274,"all","log"
"7805",10,1.76834346805288,1.55785984078648,"Exp2","mixed","IP",0,1.7248109868886,0.239103868710432,1.72546940390334,0.168981898280425,0,0.00837170713520811,0.168981898280425,0.831018101719575,0.168981898280425,0.168981898280425,"all","log"
"7806",10,1.60005476290647,1.47627321579785,"Exp2","mixed","IP",0,1.58718070967983,0.222523303729786,1.58709877893038,0.168981898280425,0,0.0858350235216263,0.168981898280425,0.831018101719575,0.168981898280425,0.168981898280425,"all","log"
"7807",10,0.4912,0.638003423493501,"Exp2","mixed","IP",0,0.590014012268145,0.133948134834558,0.589931115064796,0.613392848770274,0,0.600639263852907,0.613392848770274,0.386607151229726,0.613392848770274,0.613392848770274,"all","log"
"7808",10,0.7328,0.589940474505056,"Exp2","mixed","IP",0,0.68868688178158,0.11899369642958,0.687605758425504,0.613392848770274,0,0.715192451058692,0.613392848770274,0.386607151229726,0.613392848770274,0.613392848770274,"all","log"
"7809",10,0.542862864224572,0.70194761258972,"Exp2","mixed","IP",0,0.613179303321066,0.129512602522193,0.613694681204494,0.613392848770274,0,0.619739532049409,0.613392848770274,0.386607151229726,0.613392848770274,0.613392848770274,"all","log"
"7810",10,1.954332247557,1.66173151700605,"Exp2","mixed","IP",0,1.87454836808514,0.257574124675006,1.87439381995954,0.168981898280425,0,-0.0612771667118569,0.168981898280425,0.831018101719575,0.168981898280425,0.168981898280425,"all","log"
"7811",10,0.4912,0.853911782844079,"Exp2","mixed","IP",0,0.590014012268145,0.133948134834558,0.589296495417704,0.613392848770274,0,0.595410356845868,0.613392848770274,0.386607151229726,0.613392848770274,0.613392848770274,"all","log"
"7812",10,0.599959465297448,0.62190355003986,"Exp2","mixed","IP",0,0.637317365543636,0.125542287314716,0.637354729949976,0.613392848770274,0,0.662873175470557,0.613392848770274,0.386607151229726,0.613392848770274,0.613392848770274,"all","log"
"7813",10,1.31,1.65382464050708,"Exp2","mixed","IP",0,1.34436418489441,0.19469254362315,1.34435744519316,0.168981898280425,0,0.220317925241032,0.168981898280425,0.831018101719575,0.168981898280425,0.168981898280425,"all","log"
"7814",10,0.663061306494331,0.709940325225034,"Exp2","mixed","IP",0,0.662471462305961,0.12203625831603,0.663226346999137,0.613392848770274,0,0.687663640825941,0.613392848770274,0.386607151229726,0.613392848770274,0.613392848770274,"all","log"
"7815",10,0.599959465297448,0.725896205451136,"Exp2","mixed","IP",0,0.637317365543636,0.125542287314716,0.637310918440762,0.613392848770274,0,0.658974777874238,0.613392848770274,0.386607151229726,0.613392848770274,0.613392848770274,"all","log"
"7816",10,1.44778166151097,1.34984156390965,"Exp2","mixed","IP",0,1.46066778595731,0.207744238409862,1.45807865389608,0.168981898280425,0,0.157487373605605,0.168981898280425,0.831018101719575,0.168981898280425,0.168981898280425,"all","log"
"7817",10,0.7328,0.610822913522497,"Exp2","mixed","IP",0,0.68868688178158,0.11899369642958,0.688567816310789,0.613392848770274,0,0.716190316634541,0.613392848770274,0.386607151229726,0.613392848770274,0.613392848770274,"all","log"
"7818",10,1.31,1.37395467603164,"Exp2","mixed","IP",0,1.34436418489441,0.19469254362315,1.34403367155702,0.168981898280425,0,0.219575981086697,0.168981898280425,0.831018101719575,0.168981898280425,0.168981898280425,"all","log"
"7819",10,1.31,0.997858982425896,"Exp2","mixed","IP",0,1.34436418489441,0.19469254362315,1.34499174352085,0.168981898280425,0,0.218762322470726,0.168981898280425,0.831018101719575,0.168981898280425,0.168981898280425,"all","log"
"7820",10,0.4912,0.806031080144749,"Exp2","mixed","IP",0,0.590014012268145,0.133948134834558,0.589369913169279,0.613392848770274,0,0.59322878770196,0.613392848770274,0.386607151229726,0.613392848770274,0.613392848770274,"all","log"
"7821",10,0.599959465297448,0.573946030219304,"Exp2","mixed","IP",0,0.637317365543636,0.125542287314716,0.636388082545254,0.613392848770274,0,0.65743862050506,0.613392848770274,0.386607151229726,0.613392848770274,0.613392848770274,"all","log"
"7822",10,0.663061306494331,0.773977814467798,"Exp2","mixed","IP",0,0.662471462305961,0.12203625831603,0.663279109513158,0.613392848770274,0,0.684144792350118,0.613392848770274,0.386607151229726,0.613392848770274,0.613392848770274,"all","log"
"7823",10,1.60005476290647,1.2773576123127,"Exp2","mixed","IP",0,1.58718070967983,0.222523303729786,1.58838551821811,0.168981898280425,0,0.0832796718452056,0.168981898280425,0.831018101719575,0.168981898280425,0.168981898280425,"all","log"
"7824",10,0.4912,0.701926775554966,"Exp2","mixed","IP",0,0.590014012268145,0.133948134834558,0.58929137340362,0.613392848770274,0,0.593342950745598,0.613392848770274,0.386607151229726,0.613392848770274,0.613392848770274,"all","log"
"7825",10,0.663061306494331,0.780354879550941,"Exp2","mixed","IP",0,0.662471462305961,0.12203625831603,0.662054894803392,0.613392848770274,0,0.686685345177541,0.613392848770274,0.386607151229726,0.613392848770274,0.613392848770274,"all","log"
"7826",10,1.954332247557,1.32585782799106,"Exp2","mixed","IP",0,1.87454836808514,0.257574124675006,1.87355480923458,0.168981898280425,0,-0.0561095298086905,0.168981898280425,0.831018101719575,0.168981898280425,0.168981898280425,"all","log"
"7827",10,0.663061306494331,0.837886860508661,"Exp2","mixed","IP",0,0.662471462305961,0.12203625831603,0.662517966600252,0.613392848770274,0,0.683737792319495,0.613392848770274,0.386607151229726,0.613392848770274,0.613392848770274,"all","log"
"7828",10,0.542862864224572,0.765972661813066,"Exp2","mixed","IP",0,0.613179303321066,0.129512602522193,0.613595605693231,0.613392848770274,0,0.628961271879771,0.613392848770274,0.386607151229726,0.613392848770274,0.613392848770274,"all","log"
"7829",10,1.31,1.34192100338623,"Exp2","mixed","IP",0,1.34436418489441,0.19469254362315,1.34542891227042,0.168981898280425,0,0.218179771281086,0.168981898280425,0.831018101719575,0.168981898280425,0.168981898280425,"all","log"
"7830",10,1.76834346805288,1.49391969469798,"Exp2","mixed","IP",0,1.7248109868886,0.239103868710432,1.72439652846995,0.168981898280425,0,0.010520308902316,0.168981898280425,0.831018101719575,0.168981898280425,0.168981898280425,"all","log"
"7831",10,0.7328,0.813895038578266,"Exp2","mixed","IP",0,0.68868688178158,0.11899369642958,0.688213878491571,0.613392848770274,0,0.714375657116731,0.613392848770274,0.386607151229726,0.613392848770274,0.613392848770274,"all","log"
"7832",10,1.60005476290647,1.34196329945371,"Exp2","mixed","IP",0,1.58718070967983,0.222523303729786,1.58732154613038,0.168981898280425,0,0.0893932138383892,0.168981898280425,0.831018101719575,0.168981898280425,0.168981898280425,"all","log"
"7833",10,1.44778166151097,1.51785024953097,"Exp2","mixed","IP",0,1.46066778595731,0.207744238409862,1.46051398853203,0.168981898280425,0,0.152641752252172,0.168981898280425,0.831018101719575,0.168981898280425,0.168981898280425,"all","log"
"7834",10,0.542862864224572,0.700275984947439,"Exp2","mixed","IP",0,0.613179303321066,0.129512602522193,0.61252717613286,0.613392848770274,0,0.627777226141171,0.613392848770274,0.386607151229726,0.613392848770274,0.613392848770274,"all","log"
"7835",10,0.7328,0.757932677101053,"Exp2","mixed","IP",0,0.68868688178158,0.11899369642958,0.687683426815571,0.613392848770274,0,0.712802552885021,0.613392848770274,0.386607151229726,0.613392848770274,0.613392848770274,"all","log"
"7836",10,1.60005476290647,1.5019192493437,"Exp2","mixed","IP",0,1.58718070967983,0.222523303729786,1.58654042911932,0.168981898280425,0,0.0929083186499237,0.168981898280425,0.831018101719575,0.168981898280425,0.168981898280425,"all","log"
"7837",10,1.954332247557,1.27793700622897,"Exp2","mixed","IP",0,1.87454836808514,0.257574124675006,1.87436633954871,0.168981898280425,0,-0.0579625243739543,0.168981898280425,0.831018101719575,0.168981898280425,0.168981898280425,"all","log"
"7838",10,1.44778166151097,1.44185603538426,"Exp2","mixed","IP",0,1.46066778595731,0.207744238409862,1.46003810584757,0.168981898280425,0,0.156506489809189,0.168981898280425,0.831018101719575,0.168981898280425,0.168981898280425,"all","log"
"7839",10,1.76834346805288,1.47469768730662,"Exp2","mixed","IP",0,1.7248109868886,0.239103868710432,1.7240881939387,0.168981898280425,0,0.0128502394131163,0.168981898280425,0.831018101719575,0.168981898280425,0.168981898280425,"all","log"
"7840",10,1.60005476290647,0.909915507385449,"Exp2","mixed","IP",0,1.58718070967983,0.222523303729786,1.58754629390513,0.168981898280425,0,0.0857824510364955,0.168981898280425,0.831018101719575,0.168981898280425,0.168981898280425,"all","log"
"7841",10,0.4912,0.517948836686628,"Exp2","mixed","IP",0,0.590014012268145,0.133948134834558,0.590579659174967,0.613392848770274,0,0.592729035596477,0.613392848770274,0.386607151229726,0.613392848770274,0.613392848770274,"all","log"
"7842",10,0.663061306494331,0.773847816262787,"Exp2","mixed","IP",0,0.662471462305961,0.12203625831603,0.662675288155381,0.613392848770274,0,0.684591109302127,0.613392848770274,0.386607151229726,0.613392848770274,0.613392848770274,"all","log"
"7843",10,0.7328,0.733957027196084,"Exp2","mixed","IP",0,0.68868688178158,0.11899369642958,0.688589240890542,0.613392848770274,0,0.71660620243964,0.613392848770274,0.386607151229726,0.613392848770274,0.613392848770274,"all","log"
"7844",10,1.954332247557,1.39787279084521,"Exp2","mixed","IP",0,1.87454836808514,0.257574124675006,1.87495624228363,0.168981898280425,0,-0.0617839074737321,0.168981898280425,0.831018101719575,0.168981898280425,0.168981898280425,"all","log"
"7845",10,1.31,1.50185020723438,"Exp2","mixed","IP",0,1.34436418489441,0.19469254362315,1.34564377293002,0.168981898280425,0,0.223200621261406,0.168981898280425,0.831018101719575,0.168981898280425,0.168981898280425,"all","log"
"7846",10,1.954332247557,1.51789814360745,"Exp2","mixed","IP",0,1.87454836808514,0.257574124675006,1.8744042389097,0.168981898280425,0,-0.060145989579127,0.168981898280425,0.831018101719575,0.168981898280425,0.168981898280425,"all","log"
"7847",10,0.4912,0.589980593567816,"Exp2","mixed","IP",0,0.590014012268145,0.133948134834558,0.588848304725639,0.613392848770274,0,0.593817546868172,0.613392848770274,0.386607151229726,0.613392848770274,0.613392848770274,"all","log"
"7848",10,0.663061306494331,0.581922259829298,"Exp2","mixed","IP",0,0.662471462305961,0.12203625831603,0.663085715072563,0.613392848770274,0,0.692086032057101,0.613392848770274,0.386607151229726,0.613392848770274,0.613392848770274,"all","log"
"7849",10,0.599959465297448,0.837904276537301,"Exp2","mixed","IP",0,0.637317365543636,0.125542287314716,0.637767639613812,0.613392848770274,0,0.654789810254497,0.613392848770274,0.386607151229726,0.613392848770274,0.613392848770274,"all","log"
"7850",10,1.76834346805288,1.18989992004208,"Exp2","mixed","IP",0,1.7248109868886,0.239103868710432,1.72263071206003,0.168981898280425,0,0.0148832367320818,0.168981898280425,0.831018101719575,0.168981898280425,0.168981898280425,"all","log"
"7851",10,0.599959465297448,0.76409359684294,"Exp2","mixed","IP",0,0.637317365543636,0.125542287314716,0.638305529551854,0.613392848770274,0,0.660724112439822,0.613392848770274,0.386607151229726,0.613392848770274,0.613392848770274,"all","log"
"7852",10,0.542862864224572,0.703548021119786,"Exp2","mixed","IP",0,0.613179303321066,0.129512602522193,0.612497802854862,0.613392848770274,0,0.632871306160055,0.613392848770274,0.386607151229726,0.613392848770274,0.613392848770274,"all","log"
"7853",10,0.663061306494331,0.677926245611161,"Exp2","mixed","IP",0,0.662471462305961,0.12203625831603,0.662364806275837,0.613392848770274,0,0.691453777986629,0.613392848770274,0.386607151229726,0.613392848770274,0.613392848770274,"all","log"
"7854",10,1.76834346805288,1.22133180673518,"Exp2","mixed","IP",0,1.7248109868886,0.239103868710432,1.72360305697566,0.168981898280425,0,0.0186982381532801,0.168981898280425,0.831018101719575,0.168981898280425,0.168981898280425,"all","log"
"7855",10,0.599959465297448,0.869931418170381,"Exp2","mixed","IP",0,0.637317365543636,0.125542287314716,0.637485896412207,0.613392848770274,0,0.662772902456232,0.613392848770274,0.386607151229726,0.613392848770274,0.613392848770274,"all","log"
"7856",10,1.954332247557,0.958421632074533,"Exp2","mixed","IP",0,1.87454836808514,0.257574124675006,1.87501861782985,0.168981898280425,0,-0.0626656806551322,0.168981898280425,0.831018101719575,0.168981898280425,0.168981898280425,"all","log"
"7857",10,1.76834346805288,1.48586229395914,"Exp2","mixed","IP",0,1.7248109868886,0.239103868710432,1.72423044104482,0.168981898280425,0,0.0122219450950215,0.168981898280425,0.831018101719575,0.168981898280425,0.168981898280425,"all","log"
"7858",10,1.44778166151097,1.64585836291189,"Exp2","mixed","IP",0,1.46066778595731,0.207744238409862,1.46104744616131,0.168981898280425,0,0.148412876074171,0.168981898280425,0.831018101719575,0.168981898280425,0.168981898280425,"all","log"
"7859",10,1.44778166151097,1.22988929626445,"Exp2","mixed","IP",0,1.46066778595731,0.207744238409862,1.46003142001756,0.168981898280425,0,0.153615084569095,0.168981898280425,0.831018101719575,0.168981898280425,0.168981898280425,"all","log"
"7860",10,0.542862864224572,0.797964660392608,"Exp2","mixed","IP",0,0.613179303321066,0.129512602522193,0.613293890599588,0.613392848770274,0,0.632170454176719,0.613392848770274,0.386607151229726,0.613392848770274,0.613392848770274,"all","log"
"7861",10,1.60005476290647,1.3338082445589,"Exp2","mixed","IP",0,1.58718070967983,0.222523303729786,1.5869143538781,0.168981898280425,0,0.0878394148309685,0.168981898280425,0.831018101719575,0.168981898280425,0.168981898280425,"all","log"
"7862",10,0.7328,0.787644731075488,"Exp2","mixed","IP",0,0.68868688178158,0.11899369642958,0.688653416434405,0.613392848770274,0,0.718251875563903,0.613392848770274,0.386607151229726,0.613392848770274,0.613392848770274,"all","log"
"7863",10,1.31,1.51786673255629,"Exp2","mixed","IP",0,1.34436418489441,0.19469254362315,1.3452827601166,0.168981898280425,0,0.22090294779105,0.168981898280425,0.831018101719575,0.168981898280425,0.168981898280425,"all","log"
"7864",10,0.542862864224572,0.8859563405058,"Exp2","mixed","IP",0,0.613179303321066,0.129512602522193,0.613261677194587,0.613392848770274,0,0.621988423370458,0.613392848770274,0.386607151229726,0.613392848770274,0.613392848770274,"all","log"
"7865",10,1.76834346805288,1.17389614573949,"Exp2","mixed","IP",0,1.7248109868886,0.239103868710432,1.72645971164276,0.168981898280425,0,0.0179795629345445,0.168981898280425,0.831018101719575,0.168981898280425,0.168981898280425,"all","log"
"7866",10,0.542862864224572,0.87800094792874,"Exp2","mixed","IP",0,0.613179303321066,0.129512602522193,0.613108538645952,0.613392848770274,0,0.624309788232399,0.613392848770274,0.386607151229726,0.613392848770274,0.613392848770274,"all","log"
"7867",10,1.44778166151097,1.61386263232635,"Exp2","mixed","IP",0,1.46066778595731,0.207744238409862,1.45980774502373,0.168981898280425,0,0.149590031218082,0.168981898280425,0.831018101719575,0.168981898280425,0.168981898280425,"all","log"
"7868",10,0.4912,0.477919341401503,"Exp2","mixed","IP",0,0.590014012268145,0.133948134834558,0.588559280502432,0.613392848770274,0,0.594091615092446,0.613392848770274,0.386607151229726,0.613392848770274,0.613392848770274,"all","log"
"7869",10,0.599959465297448,0.717913133830734,"Exp2","mixed","IP",0,0.637317365543636,0.125542287314716,0.637416289874469,0.613392848770274,0,0.661079265221597,0.613392848770274,0.386607151229726,0.613392848770274,0.613392848770274,"all","log"
"7870",10,1.954332247557,1.84873673466245,"Exp2","mixed","IP",0,1.87454836808514,0.257574124675006,1.87421272216917,0.168981898280425,0,-0.0624128355950421,0.168981898280425,0.831018101719575,0.168981898280425,0.168981898280425,"all","log"
"7871",10,1.31,1.45384448233744,"Exp2","mixed","IP",0,1.34436418489441,0.19469254362315,1.34436586933635,0.168981898280425,0,0.220516425118836,0.168981898280425,0.831018101719575,0.168981898280425,0.168981898280425,"all","log"
"7872",10,1.60005476290647,1.6409538851567,"Exp2","mixed","IP",0,1.58718070967983,0.222523303729786,1.58555733973436,0.168981898280425,0,0.0901348031850937,0.168981898280425,0.831018101719575,0.168981898280425,0.168981898280425,"all","log"
"7873",10,1.60005476290647,1.51787046456229,"Exp2","mixed","IP",0,1.58718070967983,0.222523303729786,1.58709841787985,0.168981898280425,0,0.085249371286862,0.168981898280425,0.831018101719575,0.168981898280425,0.168981898280425,"all","log"
"7874",10,1.31,1.04595147645887,"Exp2","mixed","IP",0,1.34436418489441,0.19469254362315,1.344080592499,0.168981898280425,0,0.216742532294552,0.168981898280425,0.831018101719575,0.168981898280425,0.168981898280425,"all","log"
"7875",10,0.4912,0.789938670703123,"Exp2","mixed","IP",0,0.590014012268145,0.133948134834558,0.589016998163478,0.613392848770274,0,0.599972716236565,0.613392848770274,0.386607151229726,0.613392848770274,0.613392848770274,"all","log"
"7876",10,1.76834346805288,1.27789875316739,"Exp2","mixed","IP",0,1.7248109868886,0.239103868710432,1.7233135755161,0.168981898280425,0,0.0106923898417744,0.168981898280425,0.831018101719575,0.168981898280425,0.168981898280425,"all","log"
"7877",10,0.599959465297448,0.653966767731617,"Exp2","mixed","IP",0,0.637317365543636,0.125542287314716,0.638144440313486,0.613392848770274,0,0.663996017761177,0.613392848770274,0.386607151229726,0.613392848770274,0.613392848770274,"all","log"
"7878",10,0.7328,0.725957161548649,"Exp2","mixed","IP",0,0.68868688178158,0.11899369642958,0.688326755454483,0.613392848770274,0,0.707580783326889,0.613392848770274,0.386607151229726,0.613392848770274,0.613392848770274,"all","log"
"7879",10,1.954332247557,1.69385755679832,"Exp2","mixed","IP",0,1.87454836808514,0.257574124675006,1.87719182596723,0.168981898280425,0,-0.0625211756474868,0.168981898280425,0.831018101719575,0.168981898280425,0.168981898280425,"all","log"
"7880",10,0.7328,0.781929786040564,"Exp2","mixed","IP",0,0.68868688178158,0.11899369642958,0.689530053023482,0.613392848770274,0,0.711137930341312,0.613392848770274,0.386607151229726,0.613392848770274,0.613392848770274,"all","log"
"7881",10,1.954332247557,1.12585714378838,"Exp2","mixed","IP",0,1.87454836808514,0.257574124675006,1.8738363701053,0.168981898280425,0,-0.0592089922048353,0.168981898280425,0.831018101719575,0.168981898280425,0.168981898280425,"all","log"
"7882",10,1.76834346805288,1.06988887330408,"Exp2","mixed","IP",0,1.7248109868886,0.239103868710432,1.72399743255623,0.168981898280425,0,0.013543604741047,0.168981898280425,0.831018101719575,0.168981898280425,0.168981898280425,"all","log"
"7883",10,1.60005476290647,1.31783805831219,"Exp2","mixed","IP",0,1.58718070967983,0.222523303729786,1.58658987932062,0.168981898280425,0,0.0892026306910031,0.168981898280425,0.831018101719575,0.168981898280425,0.168981898280425,"all","log"
"7884",10,1.76834346805288,1.77381453921043,"Exp2","mixed","IP",0,1.7248109868886,0.239103868710432,1.72381321691454,0.168981898280425,0,0.00982334675807926,0.168981898280425,0.831018101719575,0.168981898280425,0.168981898280425,"all","log"
"7885",10,0.599959465297448,0.718007055978887,"Exp2","mixed","IP",0,0.637317365543636,0.125542287314716,0.636682194343959,0.613392848770274,0,0.654490425063786,0.613392848770274,0.386607151229726,0.613392848770274,0.613392848770274,"all","log"
"7886",10,1.31,1.12590348286358,"Exp2","mixed","IP",0,1.34436418489441,0.19469254362315,1.3433726076572,0.168981898280425,0,0.223116919941789,0.168981898280425,0.831018101719575,0.168981898280425,0.168981898280425,"all","log"
"7887",10,0.663061306494331,0.565932169549342,"Exp2","mixed","IP",0,0.662471462305961,0.12203625831603,0.662613304127972,0.613392848770274,0,0.681195611943051,0.613392848770274,0.386607151229726,0.613392848770274,0.613392848770274,"all","log"
"7888",10,0.542862864224572,0.621944602104122,"Exp2","mixed","IP",0,0.613179303321066,0.129512602522193,0.613505450843888,0.613392848770274,0,0.623874555807511,0.613392848770274,0.386607151229726,0.613392848770274,0.613392848770274,"all","log"
"7889",10,1.954332247557,1.58184326570517,"Exp2","mixed","IP",0,1.87454836808514,0.257574124675006,1.87340275390366,0.168981898280425,0,-0.0597102398178426,0.168981898280425,0.831018101719575,0.168981898280425,0.168981898280425,"all","log"
"7890",10,1.31,1.13385918644053,"Exp2","mixed","IP",0,1.34436418489441,0.19469254362315,1.34547025540531,0.168981898280425,0,0.221711023965858,0.168981898280425,0.831018101719575,0.168981898280425,0.168981898280425,"all","log"
"7891",10,1.44778166151097,1.00587253209414,"Exp2","mixed","IP",0,1.46066778595731,0.207744238409862,1.4609140931336,0.168981898280425,0,0.154116480457244,0.168981898280425,0.831018101719575,0.168981898280425,0.168981898280425,"all","log"
"7892",10,0.4912,0.613970238497132,"Exp2","mixed","IP",0,0.590014012268145,0.133948134834558,0.58936582671776,0.613392848770274,0,0.595614949421427,0.613392848770274,0.386607151229726,0.613392848770274,0.613392848770274,"all","log"
"7893",10,0.663061306494331,0.605946736812257,"Exp2","mixed","IP",0,0.662471462305961,0.12203625831603,0.662608105480845,0.613392848770274,0,0.684261325917548,0.613392848770274,0.386607151229726,0.613392848770274,0.613392848770274,"all","log"
"7894",10,1.44778166151097,1.30187875707998,"Exp2","mixed","IP",0,1.46066778595731,0.207744238409862,1.46084667695275,0.168981898280425,0,0.154713987035645,0.168981898280425,0.831018101719575,0.168981898280425,0.168981898280425,"all","log"
"7895",10,0.542862864224572,0.621911325051769,"Exp2","mixed","IP",0,0.613179303321066,0.129512602522193,0.612925273970259,0.613392848770274,0,0.629971728634602,0.613392848770274,0.386607151229726,0.613392848770274,0.613392848770274,"all","log"
"7896",10,0.4912,0.629929228727633,"Exp2","mixed","IP",0,0.590014012268145,0.133948134834558,0.590350273388932,0.613392848770274,0,0.600678978328387,0.613392848770274,0.386607151229726,0.613392848770274,0.613392848770274,"all","log"
"7897",10,1.60005476290647,1.30182650899769,"Exp2","mixed","IP",0,1.58718070967983,0.222523303729786,1.58681160646157,0.168981898280425,0,0.0873805649592293,0.168981898280425,0.831018101719575,0.168981898280425,0.168981898280425,"all","log"
"7898",10,0.7328,0.773930542392918,"Exp2","mixed","IP",0,0.68868688178158,0.11899369642958,0.688156605216689,0.613392848770274,0,0.715081850495824,0.613392848770274,0.386607151229726,0.613392848770274,0.613392848770274,"all","log"
"7899",10,1.76834346805288,1.70188292448802,"Exp2","mixed","IP",0,1.7248109868886,0.239103868710432,1.72495826344175,0.168981898280425,0,0.0096545862409835,0.168981898280425,0.831018101719575,0.168981898280425,0.168981898280425,"all","log"
"7900",10,1.60005476290647,1.8058199108109,"Exp2","mixed","IP",0,1.58718070967983,0.222523303729786,1.58811195855431,0.168981898280425,0,0.0894491295557153,0.168981898280425,0.831018101719575,0.168981898280425,0.168981898280425,"all","log"
"7901",10,0.599959465297448,0.773918102375319,"Exp2","mixed","IP",0,0.637317365543636,0.125542287314716,0.637331275767608,0.613392848770274,0,0.662772461851087,0.613392848770274,0.386607151229726,0.613392848770274,0.613392848770274,"all","log"
"7902",10,1.954332247557,1.46987780168638,"Exp2","mixed","IP",0,1.87454836808514,0.257574124675006,1.87470394210933,0.168981898280425,0,-0.0549944037054826,0.168981898280425,0.831018101719575,0.168981898280425,0.168981898280425,"all","log"
"7903",10,0.599959465297448,1.00593100018705,"Exp2","mixed","IP",0,0.637317365543636,0.125542287314716,0.636216140005553,0.613392848770274,0,0.659730044546965,0.613392848770274,0.386607151229726,0.613392848770274,0.613392848770274,"all","log"
"7904",10,0.4912,0.702281627116463,"Exp2","mixed","IP",0,0.590014012268145,0.133948134834558,0.590718849055922,0.613392848770274,0,0.597046742487764,0.613392848770274,0.386607151229726,0.613392848770274,0.613392848770274,"all","log"
"7905",10,1.31,1.25388920420846,"Exp2","mixed","IP",0,1.34436418489441,0.19469254362315,1.34484203064773,0.168981898280425,0,0.224292154341301,0.168981898280425,0.831018101719575,0.168981898280425,0.168981898280425,"all","log"
"7906",10,0.4912,0.613926698428259,"Exp2","mixed","IP",0,0.590014012268145,0.133948134834558,0.590216604200728,0.613392848770274,0,0.598873553627628,0.613392848770274,0.386607151229726,0.613392848770274,0.613392848770274,"all","log"
"7907",10,0.663061306494331,0.597875963052502,"Exp2","mixed","IP",0,0.662471462305961,0.12203625831603,0.663032608277879,0.613392848770274,0,0.687910997757352,0.613392848770274,0.386607151229726,0.613392848770274,0.613392848770274,"all","log"
"7908",10,0.663061306494331,0.693889900849172,"Exp2","mixed","IP",0,0.662471462305961,0.12203625831603,0.662488825530911,0.613392848770274,0,0.686229182044192,0.613392848770274,0.386607151229726,0.613392848770274,0.613392848770274,"all","log"
"7909",10,0.542862864224572,0.709911402180296,"Exp2","mixed","IP",0,0.613179303321066,0.129512602522193,0.614142853879549,0.613392848770274,0,0.627389877220784,0.613392848770274,0.386607151229726,0.613392848770274,0.613392848770274,"all","log"
"7910",10,1.44778166151097,1.5898459303553,"Exp2","mixed","IP",0,1.46066778595731,0.207744238409862,1.46012825863664,0.168981898280425,0,0.152653186765614,0.168981898280425,0.831018101719575,0.168981898280425,0.168981898280425,"all","log"
"7911",10,1.31,1.54984193711061,"Exp2","mixed","IP",0,1.34436418489441,0.19469254362315,1.34505101671305,0.168981898280425,0,0.218773043299111,0.168981898280425,0.831018101719575,0.168981898280425,0.168981898280425,"all","log"
"7912",10,1.31,0.877839227674485,"Exp2","mixed","IP",0,1.34436418489441,0.19469254362315,1.34467740222652,0.168981898280425,0,0.224174210055385,0.168981898280425,0.831018101719575,0.168981898280425,0.168981898280425,"all","log"
"7913",10,0.599959465297448,0.67791753759775,"Exp2","mixed","IP",0,0.637317365543636,0.125542287314716,0.638225942518013,0.613392848770274,0,0.656809054481255,0.613392848770274,0.386607151229726,0.613392848770274,0.613392848770274,"all","log"
"7914",10,0.7328,0.525913559278706,"Exp2","mixed","IP",0,0.68868688178158,0.11899369642958,0.689897546667443,0.613392848770274,0,0.708052532448218,0.613392848770274,0.386607151229726,0.613392848770274,0.613392848770274,"all","log"
"7915",10,0.7328,0.517904985617861,"Exp2","mixed","IP",0,0.68868688178158,0.11899369642958,0.688754301584427,0.613392848770274,0,0.713540084587252,0.613392848770274,0.386607151229726,0.613392848770274,0.613392848770274,"all","log"
"7916",10,0.599959465297448,0.621897952030849,"Exp2","mixed","IP",0,0.637317365543636,0.125542287314716,0.635714856411392,0.613392848770274,0,0.66038007825893,0.613392848770274,0.386607151229726,0.613392848770274,0.613392848770274,"all","log"
"7917",10,0.663061306494331,0.70992819620551,"Exp2","mixed","IP",0,0.662471462305961,0.12203625831603,0.662430876105123,0.613392848770274,0,0.697219397475686,0.613392848770274,0.386607151229726,0.613392848770274,0.613392848770274,"all","log"
"7918",10,1.954332247557,0.877941235834442,"Exp2","mixed","IP",0,1.87454836808514,0.257574124675006,1.87379179186727,0.168981898280425,0,-0.0639360733958694,0.168981898280425,0.831018101719575,0.168981898280425,0.168981898280425,"all","log"
"7919",10,1.76834346805288,1.58989164742889,"Exp2","mixed","IP",0,1.7248109868886,0.239103868710432,1.72394935597032,0.168981898280425,0,0.0111050440059725,0.168981898280425,0.831018101719575,0.168981898280425,0.168981898280425,"all","log"
"7920",10,1.60005476290647,1.21391351200691,"Exp2","mixed","IP",0,1.58718070967983,0.222523303729786,1.58638324909503,0.168981898280425,0,0.0846411259520754,0.168981898280425,0.831018101719575,0.168981898280425,0.168981898280425,"all","log"
"7921",10,1.76834346805288,1.53383256479901,"Exp2","mixed","IP",0,1.7248109868886,0.239103868710432,1.72496428122941,0.168981898280425,0,0.0159082580143217,0.168981898280425,0.831018101719575,0.168981898280425,0.168981898280425,"all","log"
"7922",10,0.7328,0.772055520430513,"Exp2","mixed","IP",0,0.68868688178158,0.11899369642958,0.689736781559104,0.613392848770274,0,0.710893054119321,0.613392848770274,0.386607151229726,0.613392848770274,0.613392848770274,"all","log"
"7923",10,0.542862864224572,0.597880939059905,"Exp2","mixed","IP",0,0.613179303321066,0.129512602522193,0.613782243974714,0.613392848770274,0,0.627010516871313,0.613392848770274,0.386607151229726,0.613392848770274,0.613392848770274,"all","log"
"7924",10,0.663061306494331,0.81382755147024,"Exp2","mixed","IP",0,0.662471462305961,0.12203625831603,0.663137199713141,0.613392848770274,0,0.687561462021104,0.613392848770274,0.386607151229726,0.613392848770274,0.613392848770274,"all","log"
"7925",10,1.954332247557,1.45383266431963,"Exp2","mixed","IP",0,1.87454836808514,0.257574124675006,1.87539344601223,0.168981898280425,0,-0.0606621499147629,0.168981898280425,0.831018101719575,0.168981898280425,0.168981898280425,"all","log"
"7926",10,0.599959465297448,0.637893018318209,"Exp2","mixed","IP",0,0.637317365543636,0.125542287314716,0.637598594550921,0.613392848770274,0,0.664719989919877,0.613392848770274,0.386607151229726,0.613392848770274,0.613392848770274,"all","log"
"7927",10,0.542862864224572,0.725937568517111,"Exp2","mixed","IP",0,0.613179303321066,0.129512602522193,0.612834394232568,0.613392848770274,0,0.628041070880114,0.613392848770274,0.386607151229726,0.613392848770274,0.613392848770274,"all","log"
"7928",10,0.542862864224572,0.773900375346784,"Exp2","mixed","IP",0,0.613179303321066,0.129512602522193,0.612669519371219,0.613392848770274,0,0.627968317938984,0.613392848770274,0.386607151229726,0.613392848770274,0.613392848770274,"all","log"
"7929",10,1.76834346805288,1.30188404408727,"Exp2","mixed","IP",0,1.7248109868886,0.239103868710432,1.72494425044428,0.168981898280425,0,0.0136955287698214,0.168981898280425,0.831018101719575,0.168981898280425,0.168981898280425,"all","log"
"7930",10,0.4912,0.885924929456451,"Exp2","mixed","IP",0,0.590014012268145,0.133948134834558,0.5908679563445,0.613392848770274,0,0.595242187392923,0.613392848770274,0.386607151229726,0.613392848770274,0.613392848770274,"all","log"
"7931",10,1.60005476290647,1.53395323298901,"Exp2","mixed","IP",0,1.58718070967983,0.222523303729786,1.58684143648423,0.168981898280425,0,0.0833381831242196,0.168981898280425,0.831018101719575,0.168981898280425,0.168981898280425,"all","log"
"7932",10,1.44778166151097,1.54986526214816,"Exp2","mixed","IP",0,1.46066778595731,0.207744238409862,1.46048945780455,0.168981898280425,0,0.159587491844021,0.168981898280425,0.831018101719575,0.168981898280425,0.168981898280425,"all","log"
"7933",10,1.60005476290647,1.7578468409647,"Exp2","mixed","IP",0,1.58718070967983,0.222523303729786,1.58684293746904,0.168981898280425,0,0.0823308205184566,0.168981898280425,0.831018101719575,0.168981898280425,0.168981898280425,"all","log"
"7934",10,1.31,1.46989739471792,"Exp2","mixed","IP",0,1.34436418489441,0.19469254362315,1.34526974634902,0.168981898280425,0,0.220486713020276,0.168981898280425,0.831018101719575,0.168981898280425,0.168981898280425,"all","log"
"7935",10,0.4912,0.52593284131035,"Exp2","mixed","IP",0,0.590014012268145,0.133948134834558,0.589939836512087,0.613392848770274,0,0.596481183697288,0.613392848770274,0.386607151229726,0.613392848770274,0.613392848770274,"all","log"
"7936",10,0.663061306494331,0.661943930343114,"Exp2","mixed","IP",0,0.662471462305961,0.12203625831603,0.662263498489342,0.613392848770274,0,0.689422590844603,0.613392848770274,0.386607151229726,0.613392848770274,0.613392848770274,"all","log"
"7937",11,1.76834346805288,1.71782698669404,"Exp2","mixed","IP",0,1.63920389599276,0.272073654893331,1.63953648843993,0.343885146728858,0,-0.117532126988443,0.343885146728858,0.656114853271142,0.343885146728858,0.343885146728858,"all","log"
"7938",11,0.7328,0.773941427411046,"Exp2","mixed","IP",0,0.595248133069094,0.0633304053869723,0.595154639632058,0.786114487716372,0,1.34408533381291,0.786114487716372,0.213885512283628,0.786114487716372,0.786114487716372,"all","log"
"7939",11,1.31,0.877921020803115,"Exp2","mixed","IP",0,1.34647039075047,0.223967178406188,1.34701623087264,0.343885146728858,0,0.0782982886562037,0.343885146728858,0.656114853271142,0.343885146728858,0.343885146728858,"all","log"
"7940",11,0.599959465297448,0.893871925020903,"Exp2","mixed","IP",0,0.570298244467278,0.0627092689183074,0.570486324264398,0.786114487716372,0,1.35525380740476,0.786114487716372,0.213885512283628,0.786114487716372,0.786114487716372,"all","log"
"7941",11,1.60005476290647,0.989908254854527,"Exp2","mixed","IP",0,1.5350168336574,0.254917247410158,1.53426777138726,0.343885146728858,0,-0.0524029124106378,0.343885146728858,0.656114853271142,0.343885146728858,0.343885146728858,"all","log"
"7942",11,0.542862864224572,0.58991994847338,"Exp2","mixed","IP",0,0.558236109549346,0.0625681531897397,0.558256793248094,0.786114487716372,0,1.35612114288951,0.786114487716372,0.213885512283628,0.786114487716372,0.786114487716372,"all","log"
"7943",11,0.663061306494331,0.757974662167726,"Exp2","mixed","IP",0,0.582633437913504,0.0629652068793561,0.583291674948161,0.786114487716372,0,1.3481660483088,0.786114487716372,0.213885512283628,0.786114487716372,0.786114487716372,"all","log"
"7944",11,1.76834346805288,1.5418324304469,"Exp2","mixed","IP",0,1.63920389599276,0.272073654893331,1.63704251095637,0.343885146728858,0,-0.111352806973275,0.343885146728858,0.656114853271142,0.343885146728858,0.343885146728858,"all","log"
"7945",11,1.954332247557,1.42193583189055,"Exp2","mixed","IP",0,1.75062843676635,0.290450933936165,1.75233232170337,0.343885146728858,0,-0.180233691155955,0.343885146728858,0.656114853271142,0.343885146728858,0.343885146728858,"all","log"
"7946",11,0.4912,0.53385588983565,"Exp2","mixed","IP",0,0.546440743968794,0.06254761198672,0.546215997285745,0.786114487716372,0,1.35831365425939,0.786114487716372,0.213885512283628,0.786114487716372,0.786114487716372,"all","log"
"7947",11,0.542862864224572,0.661910653290761,"Exp2","mixed","IP",0,0.558236109549346,0.0625681531897397,0.558188945103658,0.786114487716372,0,1.35571204646991,0.786114487716372,0.213885512283628,0.786114487716372,0.786114487716372,"all","log"
"7948",11,1.60005476290647,1.19785655662099,"Exp2","mixed","IP",0,1.5350168336574,0.254917247410158,1.5335150861799,0.343885146728858,0,-0.0522461657866122,0.343885146728858,0.656114853271142,0.343885146728858,0.343885146728858,"all","log"
"7949",11,1.954332247557,1.22988711926155,"Exp2","mixed","IP",0,1.75062843676635,0.290450933936165,1.7526414769863,0.343885146728858,0,-0.181853534266078,0.343885146728858,0.656114853271142,0.343885146728858,0.343885146728858,"all","log"
"7950",11,1.44778166151097,1.19787179564491,"Exp2","mixed","IP",0,1.43758797972724,0.238905254552508,1.4360494794895,0.343885146728858,0,0.0119513786503165,0.343885146728858,0.656114853271142,0.343885146728858,0.343885146728858,"all","log"
"7951",11,0.663061306494331,0.933902664310153,"Exp2","mixed","IP",0,0.582633437913504,0.0629652068793561,0.582546643378611,0.786114487716372,0,1.34526195220831,0.786114487716372,0.213885512283628,0.786114487716372,0.786114487716372,"all","log"
"7952",11,1.31,1.06983289321579,"Exp2","mixed","IP",0,1.34647039075047,0.223967178406188,1.34662859096866,0.343885146728858,0,0.0830121729411464,0.343885146728858,0.656114853271142,0.343885146728858,0.343885146728858,"all","log"
"7953",11,0.663061306494331,1.05391868705556,"Exp2","mixed","IP",0,0.582633437913504,0.0629652068793561,0.582555676343072,0.786114487716372,0,1.34575007236978,0.786114487716372,0.213885512283628,0.786114487716372,0.786114487716372,"all","log"
"7954",11,1.44778166151097,1.19791440271229,"Exp2","mixed","IP",0,1.43758797972724,0.238905254552508,1.4388309280089,0.343885146728858,0,0.0159585875238966,0.343885146728858,0.656114853271142,0.343885146728858,0.343885146728858,"all","log"
"7955",11,1.60005476290647,1.41388060815507,"Exp2","mixed","IP",0,1.5350168336574,0.254917247410158,1.53494719180984,0.343885146728858,0,-0.046486707650038,0.343885146728858,0.656114853271142,0.343885146728858,0.343885146728858,"all","log"
"7956",11,0.4912,0.605994630886926,"Exp2","mixed","IP",0,0.546440743968794,0.06254761198672,0.546409507388321,0.786114487716372,0,1.3551066991108,0.786114487716372,0.213885512283628,0.786114487716372,0.786114487716372,"all","log"
"7957",11,1.31,1.18989618803562,"Exp2","mixed","IP",0,1.34647039075047,0.223967178406188,1.34758199304577,0.343885146728858,0,0.0857317558199383,0.343885146728858,0.656114853271142,0.343885146728858,0.343885146728858,"all","log"
"7958",11,1.31,1.4298573254141,"Exp2","mixed","IP",0,1.34647039075047,0.223967178406188,1.34522169678478,0.343885146728858,0,0.0801120515788931,0.343885146728858,0.656114853271142,0.343885146728858,0.343885146728858,"all","log"
"7959",11,0.7328,1.02193415248757,"Exp2","mixed","IP",0,0.595248133069094,0.0633304053869723,0.595401847854996,0.786114487716372,0,1.34527752926238,0.786114487716372,0.213885512283628,0.786114487716372,0.786114487716372,"all","log"
"7960",11,0.663061306494331,0.82193657829157,"Exp2","mixed","IP",0,0.582633437913504,0.0629652068793561,0.582563845176644,0.786114487716372,0,1.35269082407334,0.786114487716372,0.213885512283628,0.786114487716372,0.786114487716372,"all","log"
"7961",11,0.542862864224572,0.629912434701055,"Exp2","mixed","IP",0,0.558236109549346,0.0625681531897397,0.557776214787954,0.786114487716372,0,1.35881651093535,0.786114487716372,0.213885512283628,0.786114487716372,0.786114487716372,"all","log"
"7962",11,0.542862864224572,0.73390353511104,"Exp2","mixed","IP",0,0.558236109549346,0.0625681531897397,0.55826100418602,0.786114487716372,0,1.35531015680423,0.786114487716372,0.213885512283628,0.786114487716372,0.786114487716372,"all","log"
"7963",11,0.7328,0.981896260187568,"Exp2","mixed","IP",0,0.595248133069094,0.0633304053869723,0.595671954575252,0.786114487716372,0,1.33832675470428,0.786114487716372,0.213885512283628,0.786114487716372,0.786114487716372,"all","log"
"7964",11,0.4912,0.741927658797067,"Exp2","mixed","IP",0,0.546440743968794,0.06254761198672,0.546787775940988,0.786114487716372,0,1.36092038563072,0.786114487716372,0.213885512283628,0.786114487716372,0.786114487716372,"all","log"
"7965",11,0.7328,0.789893575631595,"Exp2","mixed","IP",0,0.595248133069094,0.0633304053869723,0.594789603494067,0.786114487716372,0,1.33969577584034,0.786114487716372,0.213885512283628,0.786114487716372,0.786114487716372,"all","log"
"7966",11,0.599959465297448,0.773906595356038,"Exp2","mixed","IP",0,0.570298244467278,0.0627092689183074,0.569764593721091,0.786114487716372,0,1.3510737114257,0.786114487716372,0.213885512283628,0.786114487716372,0.786114487716372,"all","log"
"7967",11,1.954332247557,0.957860898187846,"Exp2","mixed","IP",0,1.75062843676635,0.290450933936165,1.74835707213537,0.343885146728858,0,-0.179900526699482,0.343885146728858,0.656114853271142,0.343885146728858,0.343885146728858,"all","log"
"7968",11,1.76834346805288,1.63780313917641,"Exp2","mixed","IP",0,1.63920389599276,0.272073654893331,1.63891191935427,0.343885146728858,0,-0.109196753335999,0.343885146728858,0.656114853271142,0.343885146728858,0.343885146728858,"all","log"
"7969",11,1.954332247557,1.74182969364256,"Exp2","mixed","IP",0,1.75062843676635,0.290450933936165,1.75129451877195,0.343885146728858,0,-0.1801504128843,0.343885146728858,0.656114853271142,0.343885146728858,0.343885146728858,"all","log"
"7970",11,0.599959465297448,0.461914634096956,"Exp2","mixed","IP",0,0.570298244467278,0.0627092689183074,0.57011176410059,0.786114487716372,0,1.35319574553224,0.786114487716372,0.213885512283628,0.786114487716372,0.786114487716372,"all","log"
"7971",11,0.7328,0.669968054029596,"Exp2","mixed","IP",0,0.595248133069094,0.0633304053869723,0.595608913567637,0.786114487716372,0,1.33893452878082,0.786114487716372,0.213885512283628,0.786114487716372,0.786114487716372,"all","log"
"7972",11,0.542862864224572,0.789888910624086,"Exp2","mixed","IP",0,0.558236109549346,0.0625681531897397,0.558252502107436,0.786114487716372,0,1.35910449135607,0.786114487716372,0.213885512283628,0.786114487716372,0.786114487716372,"all","log"
"7973",11,0.4912,0.549910357217868,"Exp2","mixed","IP",0,0.546440743968794,0.06254761198672,0.545898047217988,0.786114487716372,0,1.35864439195745,0.786114487716372,0.213885512283628,0.786114487716372,0.786114487716372,"all","log"
"7974",11,0.599959465297448,0.645944821048488,"Exp2","mixed","IP",0,0.570298244467278,0.0627092689183074,0.570277267996642,0.786114487716372,0,1.35375446345765,0.786114487716372,0.213885512283628,0.786114487716372,0.786114487716372,"all","log"
"7975",11,1.76834346805288,1.46988588769909,"Exp2","mixed","IP",0,1.63920389599276,0.272073654893331,1.63902584693536,0.343885146728858,0,-0.115371507530949,0.343885146728858,0.656114853271142,0.343885146728858,0.343885146728858,"all","log"
"7976",11,1.76834346805288,1.21392035401777,"Exp2","mixed","IP",0,1.63920389599276,0.272073654893331,1.63800918623164,0.343885146728858,0,-0.115535101711414,0.343885146728858,0.656114853271142,0.343885146728858,0.343885146728858,"all","log"
"7977",11,0.7328,0.82990658789231,"Exp2","mixed","IP",0,0.595248133069094,0.0633304053869723,0.595417002459033,0.786114487716372,0,1.34049109849688,0.786114487716372,0.213885512283628,0.786114487716372,0.786114487716372,"all","log"
"7978",11,1.954332247557,1.1818782843593,"Exp2","mixed","IP",0,1.75062843676635,0.290450933936165,1.75227204375629,0.343885146728858,0,-0.17941258780811,0.343885146728858,0.656114853271142,0.343885146728858,0.343885146728858,"all","log"
"7979",11,1.60005476290647,0.973896394540134,"Exp2","mixed","IP",0,1.5350168336574,0.254917247410158,1.53291496335286,0.343885146728858,0,-0.0500347504233475,0.343885146728858,0.656114853271142,0.343885146728858,0.343885146728858,"all","log"
"7980",11,1.44778166151097,1.26187414183278,"Exp2","mixed","IP",0,1.43758797972724,0.238905254552508,1.43804208286533,0.343885146728858,0,0.0181046532486906,0.343885146728858,0.656114853271142,0.343885146728858,0.343885146728858,"all","log"
"7981",11,0.663061306494331,0.742001676914242,"Exp2","mixed","IP",0,0.582633437913504,0.0629652068793561,0.583042291830908,0.786114487716372,0,1.34947055580619,0.786114487716372,0.213885512283628,0.786114487716372,0.786114487716372,"all","log"
"7982",11,0.542862864224572,0.798000114447859,"Exp2","mixed","IP",0,0.558236109549346,0.0625681531897397,0.558128642977421,0.786114487716372,0,1.35379771822833,0.786114487716372,0.213885512283628,0.786114487716372,0.786114487716372,"all","log"
"7983",11,0.663061306494331,0.846026365377384,"Exp2","mixed","IP",0,0.582633437913504,0.0629652068793561,0.582598802689162,0.786114487716372,0,1.34493294961727,0.786114487716372,0.213885512283628,0.786114487716372,0.786114487716372,"all","log"
"7984",11,0.7328,0.797928584334841,"Exp2","mixed","IP",0,0.595248133069094,0.0633304053869723,0.595168775604324,0.786114487716372,0,1.34630345765954,0.786114487716372,0.213885512283628,0.786114487716372,0.786114487716372,"all","log"
"7985",11,1.60005476290647,1.26981211838302,"Exp2","mixed","IP",0,1.5350168336574,0.254917247410158,1.53382510291389,0.343885146728858,0,-0.0565147929780739,0.343885146728858,0.656114853271142,0.343885146728858,0.343885146728858,"all","log"
"7986",11,1.60005476290647,1.47790037037021,"Exp2","mixed","IP",0,1.5350168336574,0.254917247410158,1.5343595001699,0.343885146728858,0,-0.0483682467650141,0.343885146728858,0.656114853271142,0.343885146728858,0.343885146728858,"all","log"
"7987",11,0.7328,0.709990085304071,"Exp2","mixed","IP",0,0.595248133069094,0.0633304053869723,0.595214984023968,0.786114487716372,0,1.34372695473469,0.786114487716372,0.213885512283628,0.786114487716372,0.786114487716372,"all","log"
"7988",11,0.663061306494331,0.941886979933315,"Exp2","mixed","IP",0,0.582633437913504,0.0629652068793561,0.582472346468161,0.786114487716372,0,1.34465578978608,0.786114487716372,0.213885512283628,0.786114487716372,0.786114487716372,"all","log"
"7989",11,0.4912,0.581947139868589,"Exp2","mixed","IP",0,0.546440743968794,0.06254761198672,0.546648510246715,0.786114487716372,0,1.3575258504525,0.786114487716372,0.213885512283628,0.786114487716372,0.786114487716372,"all","log"
"7990",11,1.76834346805288,1.33387853067143,"Exp2","mixed","IP",0,1.63920389599276,0.272073654893331,1.64034845649251,0.343885146728858,0,-0.116753276423038,0.343885146728858,0.656114853271142,0.343885146728858,0.343885146728858,"all","log"
"7991",11,0.599959465297448,0.853916447851589,"Exp2","mixed","IP",0,0.570298244467278,0.0627092689183074,0.570353470828202,0.786114487716372,0,1.35136071827036,0.786114487716372,0.213885512283628,0.786114487716372,0.786114487716372,"all","log"
"7992",11,1.31,1.26192048090616,"Exp2","mixed","IP",0,1.34647039075047,0.223967178406188,1.34590944949722,0.343885146728858,0,0.0838344514341911,0.343885146728858,0.656114853271142,0.343885146728858,0.343885146728858,"all","log"
"7993",11,1.76834346805288,1.11783924011343,"Exp2","mixed","IP",0,1.63920389599276,0.272073654893331,1.64065286679404,0.343885146728858,0,-0.113513588642893,0.343885146728858,0.656114853271142,0.343885146728858,0.343885146728858,"all","log"
"7994",11,0.4912,0.549913156222374,"Exp2","mixed","IP",0,0.546440743968794,0.06254761198672,0.546795471003035,0.786114487716372,0,1.35825229317683,0.786114487716372,0.213885512283628,0.786114487716372,0.786114487716372,"all","log"
"7995",11,1.31,1.10985616849212,"Exp2","mixed","IP",0,1.34647039075047,0.223967178406188,1.34823522663257,0.343885146728858,0,0.0819677122771951,0.343885146728858,0.656114853271142,0.343885146728858,0.343885146728858,"all","log"
"7996",11,1.44778166151097,1.27787449512971,"Exp2","mixed","IP",0,1.43758797972724,0.238905254552508,1.43795810399402,0.343885146728858,0,0.0104781830003291,0.343885146728858,0.656114853271142,0.343885146728858,0.343885146728858,"all","log"
"7997",11,0.599959465297448,0.709939081223638,"Exp2","mixed","IP",0,0.570298244467278,0.0627092689183074,0.57027091809517,0.786114487716372,0,1.3535478491104,0.786114487716372,0.213885512283628,0.786114487716372,0.786114487716372,"all","log"
"7998",11,1.31,1.08563856020464,"Exp2","mixed","IP",0,1.34647039075047,0.223967178406188,1.34730787544834,0.343885146728858,0,0.0798715833046789,0.343885146728858,0.656114853271142,0.343885146728858,0.343885146728858,"all","log"
"7999",11,1.44778166151097,1.13390334851101,"Exp2","mixed","IP",0,1.43758797972724,0.238905254552508,1.43689773955135,0.343885146728858,0,0.0091371712292677,0.343885146728858,0.656114853271142,0.343885146728858,0.343885146728858,"all","log"
"8000",11,1.31,1.56587401245633,"Exp2","mixed","IP",0,1.34647039075047,0.223967178406188,1.3469857712553,0.343885146728858,0,0.074776755970646,0.343885146728858,0.656114853271142,0.343885146728858,0.343885146728858,"all","log"
"8001",11,1.954332247557,1.45382209030322,"Exp2","mixed","IP",0,1.75062843676635,0.290450933936165,1.75000634863359,0.343885146728858,0,-0.173963712989152,0.343885146728858,0.656114853271142,0.343885146728858,0.343885146728858,"all","log"
"8002",11,1.954332247557,1.75785865898433,"Exp2","mixed","IP",0,1.75062843676635,0.290450933936165,1.75065046064787,0.343885146728858,0,-0.183997872814299,0.343885146728858,0.656114853271142,0.343885146728858,0.343885146728858,"all","log"
"8003",11,0.4912,0.565915686522203,"Exp2","mixed","IP",0,0.546440743968794,0.06254761198672,0.546368888651549,0.786114487716372,0,1.35895942503444,0.786114487716372,0.213885512283628,0.786114487716372,0.786114487716372,"all","log"
"8004",11,1.954332247557,1.43783822003206,"Exp2","mixed","IP",0,1.75062843676635,0.290450933936165,1.74888215984592,0.343885146728858,0,-0.179138100860683,0.343885146728858,0.656114853271142,0.343885146728858,0.343885146728858,"all","log"
"8005",11,0.599959465297448,0.829979984008787,"Exp2","mixed","IP",0,0.570298244467278,0.0627092689183074,0.570154510656476,0.786114487716372,0,1.3527484903019,0.786114487716372,0.213885512283628,0.786114487716372,0.786114487716372,"all","log"
"8006",11,1.44778166151097,1.07791828399877,"Exp2","mixed","IP",0,1.43758797972724,0.238905254552508,1.43853289521659,0.343885146728858,0,0.0162068851404441,0.343885146728858,0.656114853271142,0.343885146728858,0.343885146728858,"all","log"
"8007",11,0.599959465297448,0.64586427192171,"Exp2","mixed","IP",0,0.570298244467278,0.0627092689183074,0.570072494721321,0.786114487716372,0,1.35182526194347,0.786114487716372,0.213885512283628,0.786114487716372,0.786114487716372,"all","log"
"8008",11,1.60005476290647,1.42984768439874,"Exp2","mixed","IP",0,1.5350168336574,0.254917247410158,1.53467590125495,0.343885146728858,0,-0.0491533304956205,0.343885146728858,0.656114853271142,0.343885146728858,0.343885146728858,"all","log"
"8009",11,0.599959465297448,0.725861373396583,"Exp2","mixed","IP",0,0.570298244467278,0.0627092689183074,0.570034096680127,0.786114487716372,0,1.35710015592595,0.786114487716372,0.213885512283628,0.786114487716372,0.786114487716372,"all","log"
"8010",11,0.4912,0.7578994000487,"Exp2","mixed","IP",0,0.546440743968794,0.06254761198672,0.546140176417546,0.786114487716372,0,1.35620585978161,0.786114487716372,0.213885512283628,0.786114487716372,0.786114487716372,"all","log"
"8011",11,0.599959465297448,0.766007182866815,"Exp2","mixed","IP",0,0.570298244467278,0.0627092689183074,0.570197816237291,0.786114487716372,0,1.35134291656258,0.786114487716372,0.213885512283628,0.786114487716372,0.786114487716372,"all","log"
"8012",11,0.4912,0.573927370189267,"Exp2","mixed","IP",0,0.546440743968794,0.06254761198672,0.547164738718288,0.786114487716372,0,1.35621085491965,0.786114487716372,0.213885512283628,0.786114487716372,0.786114487716372,"all","log"
"8013",11,1.76834346805288,1.58185321771998,"Exp2","mixed","IP",0,1.63920389599276,0.272073654893331,1.63780651448818,0.343885146728858,0,-0.110595406515778,0.343885146728858,0.656114853271142,0.343885146728858,0.343885146728858,"all","log"
"8014",11,0.542862864224572,0.613911459404335,"Exp2","mixed","IP",0,0.558236109549346,0.0625681531897397,0.557997694776981,0.786114487716372,0,1.35928768952306,0.786114487716372,0.213885512283628,0.786114487716372,0.786114487716372,"all","log"
"8015",11,0.663061306494331,0.645906567987367,"Exp2","mixed","IP",0,0.582633437913504,0.0629652068793561,0.582576440747889,0.786114487716372,0,1.34647984482201,0.786114487716372,0.213885512283628,0.786114487716372,0.786114487716372,"all","log"
"8016",11,1.31,1.22190311463874,"Exp2","mixed","IP",0,1.34647039075047,0.223967178406188,1.34636471655869,0.343885146728858,0,0.078797485306509,0.343885146728858,0.656114853271142,0.343885146728858,0.343885146728858,"all","log"
"8017",11,1.76834346805288,1.54187783651923,"Exp2","mixed","IP",0,1.63920389599276,0.272073654893331,1.63774308954697,0.343885146728858,0,-0.116254201463653,0.343885146728858,0.656114853271142,0.343885146728858,0.343885146728858,"all","log"
"8018",11,1.60005476290647,1.20600134849792,"Exp2","mixed","IP",0,1.5350168336574,0.254917247410158,1.53724988905249,0.343885146728858,0,-0.0568073394418578,0.343885146728858,0.656114853271142,0.343885146728858,0.343885146728858,"all","log"
"8019",11,1.31,1.4938773986305,"Exp2","mixed","IP",0,1.34647039075047,0.223967178406188,1.3449186356416,0.343885146728858,0,0.0824348573526806,0.343885146728858,0.656114853271142,0.343885146728858,0.343885146728858,"all","log"
"8020",11,1.76834346805288,1.41384048909185,"Exp2","mixed","IP",0,1.63920389599276,0.272073654893331,1.63822961811693,0.343885146728858,0,-0.11358439625276,0.343885146728858,0.656114853271142,0.343885146728858,0.343885146728858,"all","log"
"8021",11,1.76834346805288,1.50990045496201,"Exp2","mixed","IP",0,1.63920389599276,0.272073654893331,1.63919534075767,0.343885146728858,0,-0.111722941541854,0.343885146728858,0.656114853271142,0.343885146728858,0.343885146728858,"all","log"
"8022",11,0.4912,0.50191924934461,"Exp2","mixed","IP",0,0.546440743968794,0.06254761198672,0.546596175783363,0.786114487716372,0,1.3551985113205,0.786114487716372,0.213885512283628,0.786114487716372,0.786114487716372,"all","log"
"8023",11,0.542862864224572,0.630038700901423,"Exp2","mixed","IP",0,0.558236109549346,0.0625681531897397,0.558152410619569,0.786114487716372,0,1.35715970925894,0.786114487716372,0.213885512283628,0.786114487716372,0.786114487716372,"all","log"
"8024",11,1.954332247557,1.77384532825999,"Exp2","mixed","IP",0,1.75062843676635,0.290450933936165,1.75138654411914,0.343885146728858,0,-0.185983232250708,0.343885146728858,0.656114853271142,0.343885146728858,0.343885146728858,"all","log"
"8025",11,1.60005476290647,1.11790423921593,"Exp2","mixed","IP",0,1.5350168336574,0.254917247410158,1.53480013990246,0.343885146728858,0,-0.0550041510414494,0.343885146728858,0.656114853271142,0.343885146728858,0.343885146728858,"all","log"
"8026",11,1.954332247557,1.14993138085174,"Exp2","mixed","IP",0,1.75062843676635,0.290450933936165,1.74968786804407,0.343885146728858,0,-0.18004638998091,0.343885146728858,0.656114853271142,0.343885146728858,0.343885146728858,"all","log"
"8027",11,0.663061306494331,0.65395277270909,"Exp2","mixed","IP",0,0.582633437913504,0.0629652068793561,0.58287424038495,0.786114487716372,0,1.34879120146128,0.786114487716372,0.213885512283628,0.786114487716372,0.786114487716372,"all","log"
"8028",11,0.7328,0.781943781062182,"Exp2","mixed","IP",0,0.595248133069094,0.0633304053869723,0.595051264686018,0.786114487716372,0,1.33910103718338,0.786114487716372,0.213885512283628,0.786114487716372,0.786114487716372,"all","log"
"8029",11,1.44778166151097,1.05391651005175,"Exp2","mixed","IP",0,1.43758797972724,0.238905254552508,1.43802452010024,0.343885146728858,0,0.0196599201192408,0.343885146728858,0.656114853271142,0.343885146728858,0.343885146728858,"all","log"
"8030",11,0.7328,0.685939795280319,"Exp2","mixed","IP",0,0.595248133069094,0.0633304053869723,0.595194030436024,0.786114487716372,0,1.34218111278023,0.786114487716372,0.213885512283628,0.786114487716372,0.786114487716372,"all","log"
"8031",11,0.542862864224572,0.613914880408629,"Exp2","mixed","IP",0,0.558236109549346,0.0625681531897397,0.558496590374759,0.786114487716372,0,1.35200351668039,0.786114487716372,0.213885512283628,0.786114487716372,0.786114487716372,"all","log"
"8032",11,0.663061306494331,0.637941534395395,"Exp2","mixed","IP",0,0.582633437913504,0.0629652068793561,0.582677463995672,0.786114487716372,0,1.34855320144441,0.786114487716372,0.213885512283628,0.786114487716372,0.786114487716372,"all","log"
"8033",11,0.542862864224572,0.677923757607459,"Exp2","mixed","IP",0,0.558236109549346,0.0625681531897397,0.558178953165678,0.786114487716372,0,1.35309506287393,0.786114487716372,0.213885512283628,0.786114487716372,0.786114487716372,"all","log"
"8034",11,1.44778166151097,1.35785977858632,"Exp2","mixed","IP",0,1.43758797972724,0.238905254552508,1.43772056137526,0.343885146728858,0,0.0158137374716737,0.343885146728858,0.656114853271142,0.343885146728858,0.343885146728858,"all","log"
"8035",11,1.31,1.32586560300388,"Exp2","mixed","IP",0,1.34647039075047,0.223967178406188,1.34678165400601,0.343885146728858,0,0.0795721014688429,0.343885146728858,0.656114853271142,0.343885146728858,0.343885146728858,"all","log"
"8036",11,1.44778166151097,1.30993211481291,"Exp2","mixed","IP",0,1.43758797972724,0.238905254552508,1.43756918950956,0.343885146728858,0,0.0189986110127042,0.343885146728858,0.656114853271142,0.343885146728858,0.343885146728858,"all","log"
"8037",11,1.44778166151097,1.30183583901271,"Exp2","mixed","IP",0,1.43758797972724,0.238905254552508,1.43629656712943,0.343885146728858,0,0.0189798396971557,0.343885146728858,0.656114853271142,0.343885146728858,0.343885146728858,"all","log"
"8038",11,1.60005476290647,1.19791937872014,"Exp2","mixed","IP",0,1.5350168336574,0.254917247410158,1.53601281906231,0.343885146728858,0,-0.0450710632442302,0.343885146728858,0.656114853271142,0.343885146728858,0.343885146728858,"all","log"
"8039",11,1.31,1.22195411871871,"Exp2","mixed","IP",0,1.34647039075047,0.223967178406188,1.34596183246075,0.343885146728858,0,0.07870483379589,0.343885146728858,0.656114853271142,0.343885146728858,0.343885146728858,"all","log"
"8040",11,0.4912,0.597926345130873,"Exp2","mixed","IP",0,0.546440743968794,0.06254761198672,0.546794342398372,0.786114487716372,0,1.35237763520555,0.786114487716372,0.213885512283628,0.786114487716372,0.786114487716372,"all","log"
"8041",11,1.954332247557,1.38983529413963,"Exp2","mixed","IP",0,1.75062843676635,0.290450933936165,1.75274530576146,0.343885146728858,0,-0.182084250711431,0.343885146728858,0.656114853271142,0.343885146728858,0.343885146728858,"all","log"
"8042",11,0.599959465297448,0.62194677910793,"Exp2","mixed","IP",0,0.570298244467278,0.0627092689183074,0.570171272875319,0.786114487716372,0,1.34826283320369,0.786114487716372,0.213885512283628,0.786114487716372,0.786114487716372,"all","log"
"8043",11,1.76834346805288,1.42189757882988,"Exp2","mixed","IP",0,1.63920389599276,0.272073654893331,1.64074701159665,0.343885146728858,0,-0.11731893058163,0.343885146728858,0.656114853271142,0.343885146728858,0.343885146728858,"all","log"
"8044",11,0.663061306494331,0.72604299768318,"Exp2","mixed","IP",0,0.582633437913504,0.0629652068793561,0.582162298146471,0.786114487716372,0,1.34901343787122,0.786114487716372,0.213885512283628,0.786114487716372,0.786114487716372,"all","log"
"8045",11,1.954332247557,1.33383094759665,"Exp2","mixed","IP",0,1.75062843676635,0.290450933936165,1.74959743110778,0.343885146728858,0,-0.185022584097832,0.343885146728858,0.656114853271142,0.343885146728858,0.343885146728858,"all","log"
"8046",11,0.542862864224572,0.781905217002532,"Exp2","mixed","IP",0,0.558236109549346,0.0625681531897397,0.558386049348756,0.786114487716372,0,1.352921868485,0.786114487716372,0.213885512283628,0.786114487716372,0.786114487716372,"all","log"
"8047",11,0.542862864224572,0.573897203141314,"Exp2","mixed","IP",0,0.558236109549346,0.0625681531897397,0.558747541763773,0.786114487716372,0,1.35561077112975,0.786114487716372,0.213885512283628,0.786114487716372,0.786114487716372,"all","log"
"8048",11,0.4912,0.661902567278048,"Exp2","mixed","IP",0,0.546440743968794,0.06254761198672,0.54629416179507,0.786114487716372,0,1.35835956873303,0.786114487716372,0.213885512283628,0.786114487716372,0.786114487716372,"all","log"
"8049",11,0.663061306494331,0.685901853220457,"Exp2","mixed","IP",0,0.582633437913504,0.0629652068793561,0.582607946321305,0.786114487716372,0,1.34600257663876,0.786114487716372,0.213885512283628,0.786114487716372,0.786114487716372,"all","log"
"8050",11,0.542862864224572,0.57393545620107,"Exp2","mixed","IP",0,0.558236109549346,0.0625681531897397,0.558368225449986,0.786114487716372,0,1.35871420733443,0.786114487716372,0.213885512283628,0.786114487716372,0.786114487716372,"all","log"
"8051",11,0.663061306494331,0.653961791723304,"Exp2","mixed","IP",0,0.582633437913504,0.0629652068793561,0.583345406148812,0.786114487716372,0,1.34782871560234,0.786114487716372,0.213885512283628,0.786114487716372,0.786114487716372,"all","log"
"8052",11,1.60005476290647,1.41389273717414,"Exp2","mixed","IP",0,1.5350168336574,0.254917247410158,1.53498671788314,0.343885146728858,0,-0.0531019300765289,0.343885146728858,0.656114853271142,0.343885146728858,0.343885146728858,"all","log"
"8053",11,0.7328,0.973910700562556,"Exp2","mixed","IP",0,0.595248133069094,0.0633304053869723,0.595530868488607,0.786114487716372,0,1.34105299260388,0.786114487716372,0.213885512283628,0.786114487716372,0.786114487716372,"all","log"
"8054",11,1.31,1.30186165205305,"Exp2","mixed","IP",0,1.34647039075047,0.223967178406188,1.34641151066397,0.343885146728858,0,0.0790457777564035,0.343885146728858,0.656114853271142,0.343885146728858,0.343885146728858,"all","log"
"8055",11,1.31,1.00590923015261,"Exp2","mixed","IP",0,1.34647039075047,0.223967178406188,1.34687570831822,0.343885146728858,0,0.0807044773910209,0.343885146728858,0.656114853271142,0.343885146728858,0.343885146728858,"all","log"
"8056",11,1.60005476290647,1.19795016776879,"Exp2","mixed","IP",0,1.5350168336574,0.254917247410158,1.53339240469886,0.343885146728858,0,-0.0475652022992329,0.343885146728858,0.656114853271142,0.343885146728858,0.343885146728858,"all","log"
"8057",11,1.60005476290647,1.0699622694201,"Exp2","mixed","IP",0,1.5350168336574,0.254917247410158,1.53530058155029,0.343885146728858,0,-0.0440937304751505,0.343885146728858,0.656114853271142,0.343885146728858,0.343885146728858,"all","log"
"8058",11,1.954332247557,1.36593304035068,"Exp2","mixed","IP",0,1.75062843676635,0.290450933936165,1.75283525443296,0.343885146728858,0,-0.176698581957147,0.343885146728858,0.656114853271142,0.343885146728858,0.343885146728858,"all","log"
"8059",11,0.7328,1.04596080647389,"Exp2","mixed","IP",0,0.595248133069094,0.0633304053869723,0.595391367839223,0.786114487716372,0,1.33924831954224,0.786114487716372,0.213885512283628,0.786114487716372,0.786114487716372,"all","log"
"8060",11,1.44778166151097,0.82188619621229,"Exp2","mixed","IP",0,1.43758797972724,0.238905254552508,1.43866436846023,0.343885146728858,0,0.0177701585241664,0.343885146728858,0.656114853271142,0.343885146728858,0.343885146728858,"all","log"
"8061",11,1.44778166151097,1.10195862200635,"Exp2","mixed","IP",0,1.43758797972724,0.238905254552508,1.43778342755689,0.343885146728858,0,0.0108294655071044,0.343885146728858,0.656114853271142,0.343885146728858,0.343885146728858,"all","log"
"8062",11,1.954332247557,1.3499305100504,"Exp2","mixed","IP",0,1.75062843676635,0.290450933936165,1.75305134568544,0.343885146728858,0,-0.183579859838292,0.343885146728858,0.656114853271142,0.343885146728858,0.343885146728858,"all","log"
"8063",11,0.599959465297448,0.805979765063967,"Exp2","mixed","IP",0,0.570298244467278,0.0627092689183074,0.570533604042513,0.786114487716372,0,1.3517164662367,0.786114487716372,0.213885512283628,0.786114487716372,0.786114487716372,"all","log"
"8064",11,1.76834346805288,1.38191255661332,"Exp2","mixed","IP",0,1.63920389599276,0.272073654893331,1.63825808861777,0.343885146728858,0,-0.115540879238472,0.343885146728858,0.656114853271142,0.343885146728858,0.343885146728858,"all","log"
"8065",11,1.60005476290647,1.44589188876489,"Exp2","mixed","IP",0,1.5350168336574,0.254917247410158,1.5362377236768,0.343885146728858,0,-0.0474821212088248,0.343885146728858,0.656114853271142,0.343885146728858,0.343885146728858,"all","log"
"8066",11,1.76834346805288,1.53390627191584,"Exp2","mixed","IP",0,1.63920389599276,0.272073654893331,1.63912307989086,0.343885146728858,0,-0.114068099427928,0.343885146728858,0.656114853271142,0.343885146728858,0.343885146728858,"all","log"
"8067",11,0.663061306494331,0.597964598191538,"Exp2","mixed","IP",0,0.582633437913504,0.0629652068793561,0.582567028116893,0.786114487716372,0,1.34809537526443,0.786114487716372,0.213885512283628,0.786114487716372,0.786114487716372,"all","log"
"8068",11,0.599959465297448,0.821927248276552,"Exp2","mixed","IP",0,0.570298244467278,0.0627092689183074,0.570375217400781,0.786114487716372,0,1.35580284031271,0.786114487716372,0.213885512283628,0.786114487716372,0.786114487716372,"all","log"
"8069",11,0.599959465297448,0.501950971393853,"Exp2","mixed","IP",0,0.570298244467278,0.0627092689183074,0.569666261533078,0.786114487716372,0,1.35560989212596,0.786114487716372,0.213885512283628,0.786114487716372,0.786114487716372,"all","log"
"8070",11,1.44778166151097,0.837944395600061,"Exp2","mixed","IP",0,1.43758797972724,0.238905254552508,1.43770242091844,0.343885146728858,0,0.0103050726581988,0.343885146728858,0.656114853271142,0.343885146728858,0.343885146728858,"all","log"
"8071",11,0.7328,0.837872865486133,"Exp2","mixed","IP",0,0.595248133069094,0.0633304053869723,0.595526360103298,0.786114487716372,0,1.33991300681003,0.786114487716372,0.213885512283628,0.786114487716372,0.786114487716372,"all","log"
"8072",11,0.4912,0.669869466873024,"Exp2","mixed","IP",0,0.546440743968794,0.06254761198672,0.546683127641754,0.786114487716372,0,1.3639728071248,0.786114487716372,0.213885512283628,0.786114487716372,0.786114487716372,"all","log"
"8073",11,1.44778166151097,0.97388426552061,"Exp2","mixed","IP",0,1.43758797972724,0.238905254552508,1.43726125493526,0.343885146728858,0,0.0122101172165547,0.343885146728858,0.656114853271142,0.343885146728858,0.343885146728858,"all","log"
"8074",11,0.7328,1.0458500902987,"Exp2","mixed","IP",0,0.595248133069094,0.0633304053869723,0.595641021632582,0.786114487716372,0,1.34578522913489,0.786114487716372,0.213885512283628,0.786114487716372,0.786114487716372,"all","log"
"8075",11,0.4912,0.613889378369095,"Exp2","mixed","IP",0,0.546440743968794,0.06254761198672,0.545800377920907,0.786114487716372,0,1.35715486108713,0.786114487716372,0.213885512283628,0.786114487716372,0.786114487716372,"all","log"
"8076",12,0.542862864224572,0.709897741797249,"Exp2","mixed","IP",0,0.593736381688933,0.0793752828020236,0.593089130194139,0.687115076039627,0,1.12114758811941,0.687115076039627,0.312884923960373,0.687115076039627,0.687115076039627,"all","log"
"8077",12,1.954332247557,1.55773237461108,"Exp2","mixed","IP",0,1.73297845294333,0.240570872476226,1.73159164000814,0.334618329414706,0,0.00867931512134193,0.334618329414706,0.665381670585294,0.334618329414706,0.334618329414706,"all","log"
"8078",12,1.31,1.19792749868611,"Exp2","mixed","IP",0,1.32799215900447,0.186534370872184,1.32726746523666,0.334618329414706,0,0.265668451432537,0.334618329414706,0.665381670585294,0.334618329414706,0.334618329414706,"all","log"
"8079",12,1.954332247557,1.82987354566467,"Exp2","mixed","IP",0,1.73297845294333,0.240570872476226,1.73198261188925,0.334618329414706,0,0.00469187717367947,0.334618329414706,0.665381670585294,0.334618329414706,0.334618329414706,"all","log"
"8080",12,0.7328,0.717972967509922,"Exp2","mixed","IP",0,0.652207548907921,0.0786656530457783,0.65180848233931,0.687115076039627,0,1.12591534333754,0.687115076039627,0.312884923960373,0.687115076039627,0.687115076039627,"all","log"
"8081",12,1.44778166151097,1.20590320303199,"Exp2","mixed","IP",0,1.41922114757344,0.198549584101349,1.41798785155062,0.334618329414706,0,0.19854830815076,0.334618329414706,0.665381670585294,0.334618329414706,0.334618329414706,"all","log"
"8082",12,0.4912,0.581836449076945,"Exp2","mixed","IP",0,0.575480295878005,0.0801074847993605,0.575300722727553,0.687115076039627,0,1.1086680115584,0.687115076039627,0.312884923960373,0.687115076039627,0.687115076039627,"all","log"
"8083",12,1.31,1.33387896958084,"Exp2","mixed","IP",0,1.32799215900447,0.186534370872184,1.3278945061498,0.334618329414706,0,0.261615268135379,0.334618329414706,0.665381670585294,0.334618329414706,0.334618329414706,"all","log"
"8084",12,0.7328,0.853885251864995,"Exp2","mixed","IP",0,0.652207548907921,0.0786656530457783,0.652042424845019,0.687115076039627,0,1.11994386703836,0.687115076039627,0.312884923960373,0.687115076039627,0.687115076039627,"all","log"
"8085",12,1.954332247557,1.62988909587875,"Exp2","mixed","IP",0,1.73297845294333,0.240570872476226,1.73430678427456,0.334618329414706,0,0.0140202717354148,0.334618329414706,0.665381670585294,0.334618329414706,0.334618329414706,"all","log"
"8086",12,1.44778166151097,1.54987982795137,"Exp2","mixed","IP",0,1.41922114757344,0.198549584101349,1.4182626973728,0.334618329414706,0,0.200468873430462,0.334618329414706,0.665381670585294,0.334618329414706,0.334618329414706,"all","log"
"8087",12,0.7328,0.773875983939433,"Exp2","mixed","IP",0,0.652207548907921,0.0786656530457783,0.652151889755806,0.687115076039627,0,1.12829265828551,0.687115076039627,0.312884923960373,0.687115076039627,0.687115076039627,"all","log"
"8088",12,1.44778166151097,1.47797813018042,"Exp2","mixed","IP",0,1.41922114757344,0.198549584101349,1.41929515427152,0.334618329414706,0,0.198479893768512,0.334618329414706,0.665381670585294,0.334618329414706,0.334618329414706,"all","log"
"8089",12,1.76834346805288,1.82990060303746,"Exp2","mixed","IP",0,1.62124592055461,0.225514393178279,1.62028664420381,0.334618329414706,0,0.0769193636734913,0.334618329414706,0.665381670585294,0.334618329414706,0.334618329414706,"all","log"
"8090",12,0.599959465297448,0.773884070049462,"Exp2","mixed","IP",0,0.612595720351072,0.078895508642957,0.612453448958328,0.687115076039627,0,1.12811876014146,0.687115076039627,0.312884923960373,0.687115076039627,0.687115076039627,"all","log"
"8091",12,0.599959465297448,0.685970939761319,"Exp2","mixed","IP",0,0.612595720351072,0.078895508642957,0.612628655610201,0.687115076039627,0,1.12461935599902,0.687115076039627,0.312884923960373,0.687115076039627,0.687115076039627,"all","log"
"8092",12,0.542862864224572,0.589948062288386,"Exp2","mixed","IP",0,0.593736381688933,0.0793752828020236,0.593279373785301,0.687115076039627,0,1.11932047122206,0.687115076039627,0.312884923960373,0.687115076039627,0.687115076039627,"all","log"
"8093",12,1.31,1.21396412254762,"Exp2","mixed","IP",0,1.32799215900447,0.186534370872184,1.32996004978262,0.334618329414706,0,0.265259753472788,0.334618329414706,0.665381670585294,0.334618329414706,0.334618329414706,"all","log"
"8094",12,1.954332247557,1.82994321062142,"Exp2","mixed","IP",0,1.73297845294333,0.240570872476226,1.73513683049783,0.334618329414706,0,0.0079227407747775,0.334618329414706,0.665381670585294,0.334618329414706,0.334618329414706,"all","log"
"8095",12,0.542862864224572,0.701806654868051,"Exp2","mixed","IP",0,0.593736381688933,0.0793752828020236,0.593618326353985,0.687115076039627,0,1.12134237651445,0.687115076039627,0.312884923960373,0.687115076039627,0.687115076039627,"all","log"
"8096",12,0.4912,0.557871704520949,"Exp2","mixed","IP",0,0.575480295878005,0.0801074847993605,0.575539194140183,0.687115076039627,0,1.10966611237576,0.687115076039627,0.312884923960373,0.687115076039627,0.687115076039627,"all","log"
"8097",12,1.44778166151097,1.30987939254737,"Exp2","mixed","IP",0,1.41922114757344,0.198549584101349,1.41899458453433,0.334618329414706,0,0.194686153307539,0.334618329414706,0.665381670585294,0.334618329414706,0.334618329414706,"all","log"
"8098",12,1.60005476290647,1.81394577329593,"Exp2","mixed","IP",0,1.51682170454461,0.211526120008714,1.5168904660095,0.334618329414706,0,0.137902569105619,0.334618329414706,0.665381670585294,0.334618329414706,0.334618329414706,"all","log"
"8099",12,0.663061306494331,0.693882888235748,"Exp2","mixed","IP",0,0.632078977193836,0.0786613295527881,0.632465030976378,0.687115076039627,0,1.12787076572099,0.687115076039627,0.312884923960373,0.687115076039627,0.687115076039627,"all","log"
"8100",12,1.60005476290647,1.39786934088806,"Exp2","mixed","IP",0,1.51682170454461,0.211526120008714,1.51654899783746,0.334618329414706,0,0.138503561038596,0.334618329414706,0.665381670585294,0.334618329414706,0.334618329414706,"all","log"
"8101",12,0.4912,0.557878235609678,"Exp2","mixed","IP",0,0.575480295878005,0.0801074847993605,0.576134031470881,0.687115076039627,0,1.11352871096588,0.687115076039627,0.312884923960373,0.687115076039627,0.687115076039627,"all","log"
"8102",12,1.60005476290647,1.14989289013101,"Exp2","mixed","IP",0,1.51682170454461,0.211526120008714,1.51838800237622,0.334618329414706,0,0.140425649187575,0.334618329414706,0.665381670585294,0.334618329414706,0.334618329414706,"all","log"
"8103",12,1.76834346805288,1.46990663651923,"Exp2","mixed","IP",0,1.62124592055461,0.225514393178279,1.61914138497597,0.334618329414706,0,0.0781334538803276,0.334618329414706,0.665381670585294,0.334618329414706,0.334618329414706,"all","log"
"8104",12,0.663061306494331,0.757852111253669,"Exp2","mixed","IP",0,0.632078977193836,0.0786613295527881,0.632571418654795,0.687115076039627,0,1.12678578291189,0.687115076039627,0.312884923960373,0.687115076039627,0.687115076039627,"all","log"
"8105",12,1.31,1.07785590550338,"Exp2","mixed","IP",0,1.32799215900447,0.186534370872184,1.327964630527,0.334618329414706,0,0.264477472093495,0.334618329414706,0.665381670585294,0.334618329414706,0.334618329414706,"all","log"
"8106",12,0.663061306494331,0.629946631666826,"Exp2","mixed","IP",0,0.632078977193836,0.0786613295527881,0.631532129522561,0.687115076039627,0,1.13182992569006,0.687115076039627,0.312884923960373,0.687115076039627,0.687115076039627,"all","log"
"8107",12,1.76834346805288,1.69380980223286,"Exp2","mixed","IP",0,1.62124592055461,0.225514393178279,1.62161997134744,0.334618329414706,0,0.0719985366351361,0.334618329414706,0.665381670585294,0.334618329414706,0.334618329414706,"all","log"
"8108",12,0.663061306494331,0.677882029862303,"Exp2","mixed","IP",0,0.632078977193836,0.0786613295527881,0.633037307680538,0.687115076039627,0,1.13187552419541,0.687115076039627,0.312884923960373,0.687115076039627,0.687115076039627,"all","log"
"8109",12,0.7328,0.877925570459411,"Exp2","mixed","IP",0,0.652207548907921,0.0786656530457783,0.651969963734601,0.687115076039627,0,1.12005002461407,0.687115076039627,0.312884923960373,0.687115076039627,0.687115076039627,"all","log"
"8110",12,0.599959465297448,0.621962841210916,"Exp2","mixed","IP",0,0.612595720351072,0.078895508642957,0.612084196048511,0.687115076039627,0,1.11886932526377,0.687115076039627,0.312884923960373,0.687115076039627,0.687115076039627,"all","log"
"8111",12,0.663061306494331,0.829900292032107,"Exp2","mixed","IP",0,0.632078977193836,0.0786613295527881,0.631958167481317,0.687115076039627,0,1.12798590091384,0.687115076039627,0.312884923960373,0.687115076039627,0.687115076039627,"all","log"
"8112",12,0.7328,0.933849424176515,"Exp2","mixed","IP",0,0.652207548907921,0.0786656530457783,0.652309960064053,0.687115076039627,0,1.11954501391505,0.687115076039627,0.312884923960373,0.687115076039627,0.687115076039627,"all","log"
"8113",12,0.663061306494331,0.685912159955478,"Exp2","mixed","IP",0,0.632078977193836,0.0786613295527881,0.632098657760179,0.687115076039627,0,1.12111637797251,0.687115076039627,0.312884923960373,0.687115076039627,0.687115076039627,"all","log"
"8114",12,1.60005476290647,1.40593492546759,"Exp2","mixed","IP",0,1.51682170454461,0.211526120008714,1.5180227523196,0.334618329414706,0,0.132088811149412,0.334618329414706,0.665381670585294,0.334618329414706,0.334618329414706,"all","log"
"8115",12,1.44778166151097,1.32595613595731,"Exp2","mixed","IP",0,1.41922114757344,0.198549584101349,1.41935515603281,0.334618329414706,0,0.200931140614195,0.334618329414706,0.665381670585294,0.334618329414706,0.334618329414706,"all","log"
"8116",12,0.4912,0.597896087254412,"Exp2","mixed","IP",0,0.575480295878005,0.0801074847993605,0.575042161593049,0.687115076039627,0,1.11040892335895,0.687115076039627,0.312884923960373,0.687115076039627,0.687115076039627,"all","log"
"8117",12,0.542862864224572,0.621944802962389,"Exp2","mixed","IP",0,0.593736381688933,0.0793752828020236,0.593840409211208,0.687115076039627,0,1.12059522028438,0.687115076039627,0.312884923960373,0.687115076039627,0.687115076039627,"all","log"
"8118",12,1.31,1.16592018386655,"Exp2","mixed","IP",0,1.32799215900447,0.186534370872184,1.32768998469619,0.334618329414706,0,0.261048940838112,0.334618329414706,0.665381670585294,0.334618329414706,0.334618329414706,"all","log"
"8119",12,0.7328,0.637948771376614,"Exp2","mixed","IP",0,0.652207548907921,0.0786656530457783,0.65318222165079,0.687115076039627,0,1.12715972858436,0.687115076039627,0.312884923960373,0.687115076039627,0.687115076039627,"all","log"
"8120",12,1.44778166151097,1.36593573407845,"Exp2","mixed","IP",0,1.41922114757344,0.198549584101349,1.41987634159023,0.334618329414706,0,0.199662280575183,0.334618329414706,0.665381670585294,0.334618329414706,0.334618329414706,"all","log"
"8121",12,1.954332247557,1.88595290151352,"Exp2","mixed","IP",0,1.73297845294333,0.240570872476226,1.73431916130383,0.334618329414706,0,0.0091886245613535,0.334618329414706,0.665381670585294,0.334618329414706,0.334618329414706,"all","log"
"8122",12,0.542862864224572,0.702035865011567,"Exp2","mixed","IP",0,0.593736381688933,0.0793752828020236,0.5940100581476,0.687115076039627,0,1.12024452163342,0.687115076039627,0.312884923960373,0.687115076039627,0.687115076039627,"all","log"
"8123",12,0.663061306494331,0.685993643073743,"Exp2","mixed","IP",0,0.632078977193836,0.0786613295527881,0.632612357057724,0.687115076039627,0,1.12808438477129,0.687115076039627,0.312884923960373,0.687115076039627,0.687115076039627,"all","log"
"8124",12,0.663061306494331,0.645787322844626,"Exp2","mixed","IP",0,0.632078977193836,0.0786613295527881,0.631905011979014,0.687115076039627,0,1.12874261477165,0.687115076039627,0.312884923960373,0.687115076039627,0.687115076039627,"all","log"
"8125",12,0.599959465297448,0.677781264479563,"Exp2","mixed","IP",0,0.612595720351072,0.078895508642957,0.612735088375541,0.687115076039627,0,1.12762151524296,0.687115076039627,0.312884923960373,0.687115076039627,0.687115076039627,"all","log"
"8126",12,1.31,1.39786125477804,"Exp2","mixed","IP",0,1.32799215900447,0.186534370872184,1.32931731332684,0.334618329414706,0,0.259024486821614,0.334618329414706,0.665381670585294,0.334618329414706,0.334618329414706,"all","log"
"8127",12,1.76834346805288,1.56591520779693,"Exp2","mixed","IP",0,1.62124592055461,0.225514393178279,1.62166391172143,0.334618329414706,0,0.0710596214344438,0.334618329414706,0.665381670585294,0.334618329414706,0.334618329414706,"all","log"
"8128",12,1.60005476290647,1.24593318384359,"Exp2","mixed","IP",0,1.51682170454461,0.211526120008714,1.51537116458297,0.334618329414706,0,0.139530295882825,0.334618329414706,0.665381670585294,0.334618329414706,0.334618329414706,"all","log"
"8129",12,1.60005476290647,1.48593704029736,"Exp2","mixed","IP",0,1.51682170454461,0.211526120008714,1.51561006908347,0.334618329414706,0,0.136823830677348,0.334618329414706,0.665381670585294,0.334618329414706,0.334618329414706,"all","log"
"8130",12,1.60005476290647,1.65387778776494,"Exp2","mixed","IP",0,1.51682170454461,0.211526120008714,1.51592177131661,0.334618329414706,0,0.131051115713518,0.334618329414706,0.665381670585294,0.334618329414706,0.334618329414706,"all","log"
"8131",12,0.542862864224572,0.54989817720525,"Exp2","mixed","IP",0,0.593736381688933,0.0793752828020236,0.594299865147817,0.687115076039627,0,1.1163920377704,0.687115076039627,0.312884923960373,0.687115076039627,0.687115076039627,"all","log"
"8132",12,0.7328,0.853897381031857,"Exp2","mixed","IP",0,0.652207548907921,0.0786656530457783,0.652584218552238,0.687115076039627,0,1.12519332627762,0.687115076039627,0.312884923960373,0.687115076039627,0.687115076039627,"all","log"
"8133",12,1.44778166151097,1.56591396377917,"Exp2","mixed","IP",0,1.41922114757344,0.198549584101349,1.41808505020503,0.334618329414706,0,0.206306540406997,0.334618329414706,0.665381670585294,0.334618329414706,0.334618329414706,"all","log"
"8134",12,1.76834346805288,1.51792258481873,"Exp2","mixed","IP",0,1.62124592055461,0.225514393178279,1.61972110349195,0.334618329414706,0,0.0706700121775742,0.334618329414706,0.665381670585294,0.334618329414706,0.334618329414706,"all","log"
"8135",12,0.599959465297448,0.597922211612968,"Exp2","mixed","IP",0,0.612595720351072,0.078895508642957,0.612408362607392,0.687115076039627,0,1.12901484970263,0.687115076039627,0.312884923960373,0.687115076039627,0.687115076039627,"all","log"
"8136",12,0.4912,0.717906101592234,"Exp2","mixed","IP",0,0.575480295878005,0.0801074847993605,0.575373414944866,0.687115076039627,0,1.11845438605839,0.687115076039627,0.312884923960373,0.687115076039627,0.687115076039627,"all","log"
"8137",12,1.954332247557,1.9899673445525,"Exp2","mixed","IP",0,1.73297845294333,0.240570872476226,1.73268285152342,0.334618329414706,0,0.00691699248924587,0.334618329414706,0.665381670585294,0.334618329414706,0.334618329414706,"all","log"
"8138",12,0.542862864224572,0.669915033635334,"Exp2","mixed","IP",0,0.593736381688933,0.0793752828020236,0.593505265108972,0.687115076039627,0,1.11360979782582,0.687115076039627,0.312884923960373,0.687115076039627,0.687115076039627,"all","log"
"8139",12,1.76834346805288,1.94178967403604,"Exp2","mixed","IP",0,1.62124592055461,0.225514393178279,1.62204613397469,0.334618329414706,0,0.0735166701922527,0.334618329414706,0.665381670585294,0.334618329414706,0.334618329414706,"all","log"
"8140",12,1.954332247557,1.7418705351447,"Exp2","mixed","IP",0,1.73297845294333,0.240570872476226,1.73214630683415,0.334618329414706,0,0.0121841193399575,0.334618329414706,0.665381670585294,0.334618329414706,0.334618329414706,"all","log"
"8141",12,1.44778166151097,1.50183837730401,"Exp2","mixed","IP",0,1.41922114757344,0.198549584101349,1.41950754663052,0.334618329414706,0,0.199505192192609,0.334618329414706,0.665381670585294,0.334618329414706,0.334618329414706,"all","log"
"8142",12,1.76834346805288,1.54987640690524,"Exp2","mixed","IP",0,1.62124592055461,0.225514393178279,1.62133730295192,0.334618329414706,0,0.0739261237100031,0.334618329414706,0.665381670585294,0.334618329414706,0.334618329414706,"all","log"
"8143",12,0.4912,0.525814629017987,"Exp2","mixed","IP",0,0.575480295878005,0.0801074847993605,0.575765177818228,0.687115076039627,0,1.11363905520091,0.687115076039627,0.312884923960373,0.687115076039627,0.687115076039627,"all","log"
"8144",12,0.4912,0.653858194496934,"Exp2","mixed","IP",0,0.575480295878005,0.0801074847993605,0.575637236946123,0.687115076039627,0,1.11311229908576,0.687115076039627,0.312884923960373,0.687115076039627,0.687115076039627,"all","log"
"8145",12,0.599959465297448,0.597916302531303,"Exp2","mixed","IP",0,0.612595720351072,0.078895508642957,0.612224261805689,0.687115076039627,0,1.12598223290289,0.687115076039627,0.312884923960373,0.687115076039627,0.687115076039627,"all","log"
"8146",12,0.4912,0.533882701631228,"Exp2","mixed","IP",0,0.575480295878005,0.0801074847993605,0.575669175379651,0.687115076039627,0,1.11510280627794,0.687115076039627,0.312884923960373,0.687115076039627,0.687115076039627,"all","log"
"8147",12,1.954332247557,1.30985979927755,"Exp2","mixed","IP",0,1.73297845294333,0.240570872476226,1.73286884961426,0.334618329414706,0,0.0119625073989232,0.334618329414706,0.665381670585294,0.334618329414706,0.334618329414706,"all","log"
"8148",12,0.663061306494331,0.797888934157527,"Exp2","mixed","IP",0,0.632078977193836,0.0786613295527881,0.631998777670747,0.687115076039627,0,1.12914398503266,0.687115076039627,0.312884923960373,0.687115076039627,0.687115076039627,"all","log"
"8149",12,0.7328,0.637988268919798,"Exp2","mixed","IP",0,0.652207548907921,0.0786656530457783,0.652646391608834,0.687115076039627,0,1.12393095963965,0.687115076039627,0.312884923960373,0.687115076039627,0.687115076039627,"all","log"
"8150",12,1.60005476290647,1.45388369684588,"Exp2","mixed","IP",0,1.51682170454461,0.211526120008714,1.51777412505586,0.334618329414706,0,0.131752544889431,0.334618329414706,0.665381670585294,0.334618329414706,0.334618329414706,"all","log"
"8151",12,0.663061306494331,0.709867263380147,"Exp2","mixed","IP",0,0.632078977193836,0.0786613295527881,0.632036622330732,0.687115076039627,0,1.1259287545105,0.687115076039627,0.312884923960373,0.687115076039627,0.687115076039627,"all","log"
"8152",12,1.31,1.21389290257139,"Exp2","mixed","IP",0,1.32799215900447,0.186534370872184,1.3272473416774,0.334618329414706,0,0.260279833925485,0.334618329414706,0.665381670585294,0.334618329414706,0.334618329414706,"all","log"
"8153",12,0.4912,0.589905765707954,"Exp2","mixed","IP",0,0.575480295878005,0.0801074847993605,0.57520333795576,0.687115076039627,0,1.11543264873154,0.687115076039627,0.312884923960373,0.687115076039627,0.687115076039627,"all","log"
"8154",12,0.7328,0.789894880557767,"Exp2","mixed","IP",0,0.652207548907921,0.0786656530457783,0.65206063768988,0.687115076039627,0,1.1270099142498,0.687115076039627,0.312884923960373,0.687115076039627,0.687115076039627,"all","log"
"8155",12,0.7328,0.701817851022497,"Exp2","mixed","IP",0,0.652207548907921,0.0786656530457783,0.65218660559901,0.687115076039627,0,1.12714262731441,0.687115076039627,0.312884923960373,0.687115076039627,0.687115076039627,"all","log"
"8156",12,1.44778166151097,1.43792078099432,"Exp2","mixed","IP",0,1.41922114757344,0.198549584101349,1.41921818511255,0.334618329414706,0,0.1978235790277,0.334618329414706,0.665381670585294,0.334618329414706,0.334618329414706,"all","log"
"8157",12,1.31,1.39806123051858,"Exp2","mixed","IP",0,1.32799215900447,0.186534370872184,1.32841165876855,0.334618329414706,0,0.259771421971891,0.334618329414706,0.665381670585294,0.334618329414706,0.334618329414706,"all","log"
"8158",12,0.4912,0.606006145442734,"Exp2","mixed","IP",0,0.575480295878005,0.0801074847993605,0.575404583621736,0.687115076039627,0,1.10796212080704,0.687115076039627,0.312884923960373,0.687115076039627,0.687115076039627,"all","log"
"8159",12,1.954332247557,1.83789372362298,"Exp2","mixed","IP",0,1.73297845294333,0.240570872476226,1.73312603583195,0.334618329414706,0,0.00974577856784641,0.334618329414706,0.665381670585294,0.334618329414706,0.334618329414706,"all","log"
"8160",12,0.542862864224572,0.725886159998481,"Exp2","mixed","IP",0,0.593736381688933,0.0793752828020236,0.594422649494441,0.687115076039627,0,1.11912411276591,0.687115076039627,0.312884923960373,0.687115076039627,0.687115076039627,"all","log"
"8161",12,1.60005476290647,1.67795013979594,"Exp2","mixed","IP",0,1.51682170454461,0.211526120008714,1.51725558621014,0.334618329414706,0,0.13482460292693,0.334618329414706,0.665381670585294,0.334618329414706,0.334618329414706,"all","log"
"8162",12,0.599959465297448,0.709859488273651,"Exp2","mixed","IP",0,0.612595720351072,0.078895508642957,0.612339149467803,0.687115076039627,0,1.12194547706196,0.687115076039627,0.312884923960373,0.687115076039627,0.687115076039627,"all","log"
"8163",12,1.76834346805288,1.61386895524265,"Exp2","mixed","IP",0,1.62124592055461,0.225514393178279,1.62133681207995,0.334618329414706,0,0.0696040162569851,0.334618329414706,0.665381670585294,0.334618329414706,0.334618329414706,"all","log"
"8164",12,0.542862864224572,0.63789123558854,"Exp2","mixed","IP",0,0.593736381688933,0.0793752828020236,0.593651527009846,0.687115076039627,0,1.11457369604909,0.687115076039627,0.312884923960373,0.687115076039627,0.687115076039627,"all","log"
"8165",12,0.599959465297448,0.677892915013217,"Exp2","mixed","IP",0,0.612595720351072,0.078895508642957,0.612774292405904,0.687115076039627,0,1.12034035469915,0.687115076039627,0.312884923960373,0.687115076039627,0.687115076039627,"all","log"
"8166",12,0.542862864224572,0.493881333213722,"Exp2","mixed","IP",0,0.593736381688933,0.0793752828020236,0.593629853686805,0.687115076039627,0,1.11837605099929,0.687115076039627,0.312884923960373,0.687115076039627,0.687115076039627,"all","log"
"8167",12,1.76834346805288,1.69383779261625,"Exp2","mixed","IP",0,1.62124592055461,0.225514393178279,1.62042848252296,0.334618329414706,0,0.0789916935126329,0.334618329414706,0.665381670585294,0.334618329414706,0.334618329414706,"all","log"
"8168",12,1.31,1.22994072258734,"Exp2","mixed","IP",0,1.32799215900447,0.186534370872184,1.32761023353607,0.334618329414706,0,0.259793698949395,0.334618329414706,0.665381670585294,0.334618329414706,0.334618329414706,"all","log"
"8169",12,1.76834346805288,1.77390895039207,"Exp2","mixed","IP",0,1.62124592055461,0.225514393178279,1.62259608412648,0.334618329414706,0,0.072704524867322,0.334618329414706,0.665381670585294,0.334618329414706,0.334618329414706,"all","log"
"8170",12,1.954332247557,1.97391921353301,"Exp2","mixed","IP",0,1.73297845294333,0.240570872476226,1.73541510667105,0.334618329414706,0,0.00611620465259444,0.334618329414706,0.665381670585294,0.334618329414706,0.334618329414706,"all","log"
"8171",12,1.44778166151097,1.11790547958481,"Exp2","mixed","IP",0,1.41922114757344,0.198549584101349,1.41818435806978,0.334618329414706,0,0.20807220816242,0.334618329414706,0.665381670585294,0.334618329414706,0.334618329414706,"all","log"
"8172",12,0.7328,0.605909423116827,"Exp2","mixed","IP",0,0.652207548907921,0.0786656530457783,0.652113394601744,0.687115076039627,0,1.12450912907296,0.687115076039627,0.312884923960373,0.687115076039627,0.687115076039627,"all","log"
"8173",12,0.663061306494331,0.797846637577095,"Exp2","mixed","IP",0,0.632078977193836,0.0786613295527881,0.631810773168781,0.687115076039627,0,1.12579149222696,0.687115076039627,0.312884923960373,0.687115076039627,0.687115076039627,"all","log"
"8174",12,1.44778166151097,1.29388257723076,"Exp2","mixed","IP",0,1.41922114757344,0.198549584101349,1.41912654474807,0.334618329414706,0,0.197306107050179,0.334618329414706,0.665381670585294,0.334618329414706,0.334618329414706,"all","log"
"8175",12,0.542862864224572,0.65395491682284,"Exp2","mixed","IP",0,0.593736381688933,0.0793752828020236,0.594214713274798,0.687115076039627,0,1.11668320533771,0.687115076039627,0.312884923960373,0.687115076039627,0.687115076039627,"all","log"
"8176",12,0.599959465297448,0.573898376245779,"Exp2","mixed","IP",0,0.612595720351072,0.078895508642957,0.612937281670675,0.687115076039627,0,1.11812289505061,0.687115076039627,0.312884923960373,0.687115076039627,0.687115076039627,"all","log"
"8177",12,1.31,1.12590233222181,"Exp2","mixed","IP",0,1.32799215900447,0.186534370872184,1.32738812101402,0.334618329414706,0,0.267343792832891,0.334618329414706,0.665381670585294,0.334618329414706,0.334618329414706,"all","log"
"8178",12,1.60005476290647,1.09394882113702,"Exp2","mixed","IP",0,1.51682170454461,0.211526120008714,1.51587283127038,0.334618329414706,0,0.134684377034197,0.334618329414706,0.665381670585294,0.334618329414706,0.334618329414706,"all","log"
"8179",12,1.44778166151097,1.21386086913117,"Exp2","mixed","IP",0,1.41922114757344,0.198549584101349,1.41926570694921,0.334618329414706,0,0.197203264358998,0.334618329414706,0.665381670585294,0.334618329414706,0.334618329414706,"all","log"
"8180",12,1.60005476290647,1.3018797408713,"Exp2","mixed","IP",0,1.51682170454461,0.211526120008714,1.51675797312102,0.334618329414706,0,0.136239197176607,0.334618329414706,0.665381670585294,0.334618329414706,0.334618329414706,"all","log"
"8181",12,1.76834346805288,1.4619119609124,"Exp2","mixed","IP",0,1.62124592055461,0.225514393178279,1.62132957604371,0.334618329414706,0,0.0736173876787064,0.334618329414706,0.665381670585294,0.334618329414706,0.334618329414706,"all","log"
"8182",12,0.599959465297448,0.693933892933273,"Exp2","mixed","IP",0,0.612595720351072,0.078895508642957,0.612229432181351,0.687115076039627,0,1.12668027829209,0.687115076039627,0.312884923960373,0.687115076039627,0.687115076039627,"all","log"
"8183",12,0.599959465297448,0.645984810551454,"Exp2","mixed","IP",0,0.612595720351072,0.078895508642957,0.612513003926237,0.687115076039627,0,1.11921020540944,0.687115076039627,0.312884923960373,0.687115076039627,0.687115076039627,"all","log"
"8184",12,1.76834346805288,1.52598661437514,"Exp2","mixed","IP",0,1.62124592055461,0.225514393178279,1.62074482548362,0.334618329414706,0,0.0677440682065204,0.334618329414706,0.665381670585294,0.334618329414706,0.334618329414706,"all","log"
"8185",12,0.542862864224572,0.709985756004244,"Exp2","mixed","IP",0,0.593736381688933,0.0793752828020236,0.593844741534341,0.687115076039627,0,1.11780560986164,0.687115076039627,0.312884923960373,0.687115076039627,0.687115076039627,"all","log"
"8186",12,0.599959465297448,0.789878086327008,"Exp2","mixed","IP",0,0.612595720351072,0.078895508642957,0.612413845477586,0.687115076039627,0,1.12310976478274,0.687115076039627,0.312884923960373,0.687115076039627,0.687115076039627,"all","log"
"8187",12,0.663061306494331,0.709982956965177,"Exp2","mixed","IP",0,0.632078977193836,0.0786613295527881,0.632129503628844,0.687115076039627,0,1.1264087090481,0.687115076039627,0.312884923960373,0.687115076039627,0.687115076039627,"all","log"
"8188",12,0.4912,0.621971238326296,"Exp2","mixed","IP",0,0.575480295878005,0.0801074847993605,0.575909466377741,0.687115076039627,0,1.11699203862582,0.687115076039627,0.312884923960373,0.687115076039627,0.687115076039627,"all","log"
"8189",12,1.954332247557,1.5819764009957,"Exp2","mixed","IP",0,1.73297845294333,0.240570872476226,1.73303132888806,0.334618329414706,0,0.00802416073590699,0.334618329414706,0.665381670585294,0.334618329414706,0.334618329414706,"all","log"
"8190",12,0.4912,0.733929663274466,"Exp2","mixed","IP",0,0.575480295878005,0.0801074847993605,0.575484542567055,0.687115076039627,0,1.11055605003279,0.687115076039627,0.312884923960373,0.687115076039627,0.687115076039627,"all","log"
"8191",12,1.76834346805288,1.34192682691719,"Exp2","mixed","IP",0,1.62124592055461,0.225514393178279,1.62053066351278,0.334618329414706,0,0.0761752011232003,0.334618329414706,0.665381670585294,0.334618329414706,0.334618329414706,"all","log"
"8192",12,0.663061306494331,0.677850929434499,"Exp2","mixed","IP",0,0.632078977193836,0.0786613295527881,0.631872613016933,0.687115076039627,0,1.12917779420661,0.687115076039627,0.312884923960373,0.687115076039627,0.687115076039627,"all","log"
"8193",12,1.60005476290647,1.26988486622031,"Exp2","mixed","IP",0,1.51682170454461,0.211526120008714,1.5153500079595,0.334618329414706,0,0.137862439711408,0.334618329414706,0.665381670585294,0.334618329414706,0.334618329414706,"all","log"
"8194",12,0.7328,0.741919673817392,"Exp2","mixed","IP",0,0.652207548907921,0.0786656530457783,0.652128521200179,0.687115076039627,0,1.12809895908157,0.687115076039627,0.312884923960373,0.687115076039627,0.687115076039627,"all","log"
"8195",12,1.44778166151097,1.32588709301126,"Exp2","mixed","IP",0,1.41922114757344,0.198549584101349,1.41964868079424,0.334618329414706,0,0.195695275935887,0.334618329414706,0.665381670585294,0.334618329414706,0.334618329414706,"all","log"
"8196",12,0.663061306494331,0.709956210599557,"Exp2","mixed","IP",0,0.632078977193836,0.0786613295527881,0.632212774088323,0.687115076039627,0,1.12657630401293,0.687115076039627,0.312884923960373,0.687115076039627,0.687115076039627,"all","log"
"8197",12,0.4912,0.669908813548318,"Exp2","mixed","IP",0,0.575480295878005,0.0801074847993605,0.576113305482732,0.687115076039627,0,1.10965968969654,0.687115076039627,0.312884923960373,0.687115076039627,0.687115076039627,"all","log"
"8198",12,0.7328,0.686003906213955,"Exp2","mixed","IP",0,0.652207548907921,0.0786656530457783,0.652641142297174,0.687115076039627,0,1.12520508177326,0.687115076039627,0.312884923960373,0.687115076039627,0.687115076039627,"all","log"
"8199",12,0.542862864224572,0.613782807062307,"Exp2","mixed","IP",0,0.593736381688933,0.0793752828020236,0.593984475616695,0.687115076039627,0,1.124508260735,0.687115076039627,0.312884923960373,0.687115076039627,0.687115076039627,"all","log"
"8200",12,1.954332247557,1.34198280768396,"Exp2","mixed","IP",0,1.73297845294333,0.240570872476226,1.73405387085422,0.334618329414706,0,0.0115098755482503,0.334618329414706,0.665381670585294,0.334618329414706,0.334618329414706,"all","log"
"8201",12,0.599959465297448,0.685918380040675,"Exp2","mixed","IP",0,0.612595720351072,0.078895508642957,0.612265064331842,0.687115076039627,0,1.13016083247575,0.687115076039627,0.312884923960373,0.687115076039627,0.687115076039627,"all","log"
"8202",12,1.954332247557,1.47793334556627,"Exp2","mixed","IP",0,1.73297845294333,0.240570872476226,1.7338748997192,0.334618329414706,0,0.00525332056856776,0.334618329414706,0.665381670585294,0.334618329414706,0.334618329414706,"all","log"
"8203",12,0.4912,0.637911761870782,"Exp2","mixed","IP",0,0.575480295878005,0.0801074847993605,0.57578919422148,0.687115076039627,0,1.10730236707706,0.687115076039627,0.312884923960373,0.687115076039627,0.687115076039627,"all","log"
"8204",12,1.76834346805288,1.94988542602732,"Exp2","mixed","IP",0,1.62124592055461,0.225514393178279,1.62269404347977,0.334618329414706,0,0.0745480882847053,0.334618329414706,0.665381670585294,0.334618329414706,0.334618329414706,"all","log"
"8205",12,1.60005476290647,1.61384873996576,"Exp2","mixed","IP",0,1.51682170454461,0.211526120008714,1.5155224418469,0.334618329414706,0,0.131210893179415,0.334618329414706,0.665381670585294,0.334618329414706,0.334618329414706,"all","log"
"8206",12,0.542862864224572,0.573849548576618,"Exp2","mixed","IP",0,0.593736381688933,0.0793752828020236,0.593541994461637,0.687115076039627,0,1.11462737374462,0.687115076039627,0.312884923960373,0.687115076039627,0.687115076039627,"all","log"
"8207",12,0.599959465297448,0.734049710921681,"Exp2","mixed","IP",0,0.612595720351072,0.078895508642957,0.612670097243924,0.687115076039627,0,1.12322534376697,0.687115076039627,0.312884923960373,0.687115076039627,0.687115076039627,"all","log"
"8208",12,1.31,1.32592814557393,"Exp2","mixed","IP",0,1.32799215900447,0.186534370872184,1.32891532607931,0.334618329414706,0,0.264102755305759,0.334618329414706,0.665381670585294,0.334618329414706,0.334618329414706,"all","log"
"8209",12,1.31,1.18990078963907,"Exp2","mixed","IP",0,1.32799215900447,0.186534370872184,1.32807473753445,0.334618329414706,0,0.261410662114373,0.334618329414706,0.665381670585294,0.334618329414706,0.334618329414706,"all","log"
"8210",12,1.954332247557,1.69382970650622,"Exp2","mixed","IP",0,1.73297845294333,0.240570872476226,1.73383049378276,0.334618329414706,0,0.010710514827354,0.334618329414706,0.665381670585294,0.334618329414706,0.334618329414706,"all","log"
"8211",12,1.31,1.05393967761302,"Exp2","mixed","IP",0,1.32799215900447,0.186534370872184,1.32757775909135,0.334618329414706,0,0.267235040247507,0.334618329414706,0.665381670585294,0.334618329414706,0.334618329414706,"all","log"
"8212",12,1.44778166151097,1.54988946908452,"Exp2","mixed","IP",0,1.41922114757344,0.198549584101349,1.42136047111206,0.334618329414706,0,0.202923132676144,0.334618329414706,0.665381670585294,0.334618329414706,0.334618329414706,"all","log"
"8213",12,1.31,1.31802179517945,"Exp2","mixed","IP",0,1.32799215900447,0.186534370872184,1.33023120100867,0.334618329414706,0,0.255235139662885,0.334618329414706,0.665381670585294,0.334618329414706,0.334618329414706,"all","log"
"8214",12,0.7328,0.693890352335075,"Exp2","mixed","IP",0,0.652207548907921,0.0786656530457783,0.652416393210155,0.687115076039627,0,1.13230628918424,0.687115076039627,0.312884923960373,0.687115076039627,0.687115076039627,"all","log"
"8215",12,1.60005476290647,1.53383636199578,"Exp2","mixed","IP",0,1.51682170454461,0.211526120008714,1.51848345258118,0.334618329414706,0,0.137447077239346,0.334618329414706,0.665381670585294,0.334618329414706,0.334618329414706,"all","log"
"8216",13,1.76834346805288,1.15574537864632,"Exp2","mixed","IP",0,1.52773600590423,0.289379837120546,1.52691421903752,0.810619713925744,0,-0.179815238883374,0.810619713925744,0.189380286074256,0.810619713925744,0.810619713925744,"all","log"
"8217",13,0.663061306494331,0.897741311386199,"Exp2","mixed","IP",0,0.566146319088876,0.0738625573341919,0.566503404133543,0.961513130203019,0,1.18383495451986,0.961513130203019,0.0384868697969813,0.961513130203019,0.961513130203019,"all","log"
"8218",13,0.7328,1.01251718541971,"Exp2","mixed","IP",0,0.568337895560037,0.0720124190096551,0.568669934445222,0.961513130203019,0,1.21025149702285,0.961513130203019,0.0384868697969813,0.961513130203019,0.961513130203019,"all","log"
"8219",13,1.60005476290647,1.31131656589059,"Exp2","mixed","IP",0,1.49898016746498,0.284234040827099,1.50092392207173,0.810619713925744,0,-0.159233240954898,0.810619713925744,0.189380286074256,0.810619713925744,0.810619713925744,"all","log"
"8220",13,1.954332247557,1.22140753930762,"Exp2","mixed","IP",0,1.55724240721768,0.294696236891517,1.55583954695677,0.810619713925744,0,-0.196216560171425,0.810619713925744,0.189380286074256,0.810619713925744,0.810619713925744,"all","log"
"8221",13,1.954332247557,1.46133208430729,"Exp2","mixed","IP",0,1.55724240721768,0.294696236891517,1.55742313195782,0.810619713925744,0,-0.194753996217226,0.810619713925744,0.189380286074256,0.810619713925744,0.810619713925744,"all","log"
"8222",13,1.44778166151097,1.65948527940418,"Exp2","mixed","IP",0,1.47095258998992,0.279258306798054,1.47132381767234,0.810619713925744,0,-0.142482398715723,0.810619713925744,0.189380286074256,0.810619713925744,0.810619713925744,"all","log"
"8223",13,1.31,1.61783475415541,"Exp2","mixed","IP",0,1.44363170806303,0.27445267467709,1.44520346999213,0.810619713925744,0,-0.12249533600651,0.810619713925744,0.189380286074256,0.810619713925744,0.810619713925744,"all","log"
"8224",13,1.31,1.46708975686306,"Exp2","mixed","IP",0,1.44363170806303,0.27445267467709,1.44233546558944,0.810619713925744,0,-0.123358837901374,0.810619713925744,0.189380286074256,0.810619713925744,0.810619713925744,"all","log"
"8225",13,0.599959465297448,0.876891506251923,"Exp2","mixed","IP",0,0.563969034014904,0.0758543079724533,0.564137542884433,0.961513130203019,0,1.16843134333949,0.961513130203019,0.0384868697969813,0.961513130203019,0.961513130203019,"all","log"
"8226",13,1.76834346805288,1.72202412264232,"Exp2","mixed","IP",0,1.52773600590423,0.289379837120546,1.528062328085,0.810619713925744,0,-0.172641249453556,0.810619713925744,0.189380286074256,0.810619713925744,0.810619713925744,"all","log"
"8227",13,1.60005476290647,1.61799069348126,"Exp2","mixed","IP",0,1.49898016746498,0.284234040827099,1.49703290301642,0.810619713925744,0,-0.159588092382945,0.810619713925744,0.189380286074256,0.810619713925744,0.810619713925744,"all","log"
"8228",13,0.542862864224572,1.1689854957549,"Exp2","mixed","IP",0,0.561805920559236,0.0779953728563038,0.562116947744015,0.961513130203019,0,1.13518504606779,0.961513130203019,0.0384868697969813,0.961513130203019,0.961513130203019,"all","log"
"8229",13,0.4912,0.824828916060142,"Exp2","mixed","IP",0,0.559656860122913,0.0802937649146971,0.558741071896806,0.961513130203019,0,1.10488257134583,0.961513130203019,0.0384868697969813,0.961513130203019,0.961513130203019,"all","log"
"8230",13,1.76834346805288,1.22021364065222,"Exp2","mixed","IP",0,1.52773600590423,0.289379837120546,1.52514131854317,0.810619713925744,0,-0.17875708146914,0.810619713925744,0.189380286074256,0.810619713925744,0.810619713925744,"all","log"
"8231",13,0.542862864224572,0.761964223818723,"Exp2","mixed","IP",0,0.561805920559236,0.0779953728563038,0.561898866076766,0.961513130203019,0,1.1407581659108,0.961513130203019,0.0384868697969813,0.961513130203019,0.961513130203019,"all","log"
"8232",13,1.60005476290647,0.845551477723347,"Exp2","mixed","IP",0,1.49898016746498,0.284234040827099,1.49966346300469,0.810619713925744,0,-0.162586557622061,0.810619713925744,0.189380286074256,0.810619713925744,0.810619713925744,"all","log"
"8233",13,0.4912,0.751531014555439,"Exp2","mixed","IP",0,0.559656860122913,0.0802937649146971,0.559919318595889,0.961513130203019,0,1.10764247869901,0.961513130203019,0.0384868697969813,0.961513130203019,0.961513130203019,"all","log"
"8234",13,0.599959465297448,0.968296115563135,"Exp2","mixed","IP",0,0.563969034014904,0.0758543079724533,0.563876161333053,0.961513130203019,0,1.16157286522301,0.961513130203019,0.0384868697969813,0.961513130203019,0.961513130203019,"all","log"
"8235",13,1.44778166151097,1.2907314422755,"Exp2","mixed","IP",0,1.47095258998992,0.279258306798054,1.4702858560656,0.810619713925744,0,-0.138237319745501,0.810619713925744,0.189380286074256,0.810619713925744,0.810619713925744,"all","log"
"8236",13,0.599959465297448,0.772631530855506,"Exp2","mixed","IP",0,0.563969034014904,0.0758543079724533,0.564412282618518,0.961513130203019,0,1.16349568471484,0.961513130203019,0.0384868697969813,0.961513130203019,0.961513130203019,"all","log"
"8237",13,0.7328,0.720292931831864,"Exp2","mixed","IP",0,0.568337895560037,0.0720124190096551,0.567819342030371,0.961513130203019,0,1.21306825313639,0.961513130203019,0.0384868697969813,0.961513130203019,0.961513130203019,"all","log"
"8238",13,1.31,1.3253677185221,"Exp2","mixed","IP",0,1.44363170806303,0.27445267467709,1.44306840894055,0.810619713925744,0,-0.119581702962383,0.810619713925744,0.189380286074256,0.810619713925744,0.810619713925744,"all","log"
"8239",13,1.954332247557,1.7948477873615,"Exp2","mixed","IP",0,1.55724240721768,0.294696236891517,1.557611237772,0.810619713925744,0,-0.197432532053858,0.810619713925744,0.189380286074256,0.810619713925744,0.810619713925744,"all","log"
"8240",13,1.60005476290647,0.824815323285293,"Exp2","mixed","IP",0,1.49898016746498,0.284234040827099,1.49887511505308,0.810619713925744,0,-0.161153086869968,0.810619713925744,0.189380286074256,0.810619713925744,0.810619713925744,"all","log"
"8241",13,1.954332247557,1.47810858814046,"Exp2","mixed","IP",0,1.55724240721768,0.294696236891517,1.56009909541263,0.810619713925744,0,-0.187708486393647,0.810619713925744,0.189380286074256,0.810619713925744,0.810619713925744,"all","log"
"8242",13,1.44778166151097,1.51310318501419,"Exp2","mixed","IP",0,1.47095258998992,0.279258306798054,1.46904394671081,0.810619713925744,0,-0.137130500122072,0.810619713925744,0.189380286074256,0.810619713925744,0.810619713925744,"all","log"
"8243",13,1.76834346805288,1.29413492187632,"Exp2","mixed","IP",0,1.52773600590423,0.289379837120546,1.52690724172024,0.810619713925744,0,-0.177162925988783,0.810619713925744,0.189380286074256,0.810619713925744,0.810619713925744,"all","log"
"8244",13,1.44778166151097,1.70092134088191,"Exp2","mixed","IP",0,1.47095258998992,0.279258306798054,1.47218512481983,0.810619713925744,0,-0.139702626573762,0.810619713925744,0.189380286074256,0.810619713925744,0.810619713925744,"all","log"
"8245",13,0.4912,1.04120511269502,"Exp2","mixed","IP",0,0.559656860122913,0.0802937649146971,0.559635739096554,0.961513130203019,0,1.11028175442863,0.961513130203019,0.0384868697969813,0.961513130203019,0.961513130203019,"all","log"
"8246",13,1.954332247557,1.66964210225888,"Exp2","mixed","IP",0,1.55724240721768,0.294696236891517,1.56097415595946,0.810619713925744,0,-0.199709453735576,0.810619713925744,0.189380286074256,0.810619713925744,0.810619713925744,"all","log"
"8247",13,0.599959465297448,1.0541760173619,"Exp2","mixed","IP",0,0.563969034014904,0.0758543079724533,0.56378608635422,0.961513130203019,0,1.16264532787848,0.961513130203019,0.0384868697969813,0.961513130203019,0.961513130203019,"all","log"
"8248",13,1.76834346805288,1.55496741887509,"Exp2","mixed","IP",0,1.52773600590423,0.289379837120546,1.52831351524908,0.810619713925744,0,-0.182089974515926,0.810619713925744,0.189380286074256,0.810619713925744,0.810619713925744,"all","log"
"8249",13,0.4912,0.93658757182493,"Exp2","mixed","IP",0,0.559656860122913,0.0802937649146971,0.559784972240998,0.961513130203019,0,1.10768082498306,0.961513130203019,0.0384868697969813,0.961513130203019,0.961513130203019,"all","log"
"8250",13,0.663061306494331,0.814182375759628,"Exp2","mixed","IP",0,0.566146319088876,0.0738625573341919,0.566623996375789,0.961513130203019,0,1.18634233347204,0.961513130203019,0.0384868697969813,0.961513130203019,0.961513130203019,"all","log"
"8251",13,1.44778166151097,0.99036549459197,"Exp2","mixed","IP",0,1.47095258998992,0.279258306798054,1.47117734843542,0.810619713925744,0,-0.139454503061878,0.810619713925744,0.189380286074256,0.810619713925744,0.810619713925744,"all","log"
"8252",13,1.60005476290647,1.01105331916551,"Exp2","mixed","IP",0,1.49898016746498,0.284234040827099,1.49702620914008,0.810619713925744,0,-0.162897121334297,0.810619713925744,0.189380286074256,0.810619713925744,0.810619713925744,"all","log"
"8253",13,0.599959465297448,1.08551982166318,"Exp2","mixed","IP",0,0.563969034014904,0.0758543079724533,0.563515317578733,0.961513130203019,0,1.16849670273611,0.961513130203019,0.0384868697969813,0.961513130203019,0.961513130203019,"all","log"
"8254",13,0.4912,0.856086255213086,"Exp2","mixed","IP",0,0.559656860122913,0.0802937649146971,0.56010189830323,0.961513130203019,0,1.10993065509454,0.961513130203019,0.0384868697969813,0.961513130203019,0.961513130203019,"all","log"
"8255",13,0.663061306494331,0.856116461378406,"Exp2","mixed","IP",0,0.566146319088876,0.0738625573341919,0.566052424395502,0.961513130203019,0,1.18666475506323,0.961513130203019,0.0384868697969813,0.961513130203019,0.961513130203019,"all","log"
"8256",13,1.76834346805288,1.15521412772432,"Exp2","mixed","IP",0,1.52773600590423,0.289379837120546,1.52681816346041,0.810619713925744,0,-0.174851868230452,0.810619713925744,0.189380286074256,0.810619713925744,0.810619713925744,"all","log"
"8257",13,0.7328,1.04386627579879,"Exp2","mixed","IP",0,0.568337895560037,0.0720124190096551,0.568537212100467,0.961513130203019,0,1.21425390487693,0.961513130203019,0.0384868697969813,0.961513130203019,0.961513130203019,"all","log"
"8258",13,1.954332247557,1.09463037848946,"Exp2","mixed","IP",0,1.55724240721768,0.294696236891517,1.55525069682223,0.810619713925744,0,-0.194810643433298,0.810619713925744,0.189380286074256,0.810619713925744,0.810619713925744,"all","log"
"8259",13,1.44778166151097,1.06423769079993,"Exp2","mixed","IP",0,1.47095258998992,0.279258306798054,1.4697241551612,0.810619713925744,0,-0.139655769558319,0.810619713925744,0.189380286074256,0.810619713925744,0.810619713925744,"all","log"
"8260",13,0.4912,0.824739052719451,"Exp2","mixed","IP",0,0.559656860122913,0.0802937649146971,0.560324731490876,0.961513130203019,0,1.10845167546311,0.961513130203019,0.0384868697969813,0.961513130203019,0.961513130203019,"all","log"
"8261",13,1.954332247557,1.25189537641745,"Exp2","mixed","IP",0,1.55724240721768,0.294696236891517,1.55668945327165,0.810619713925744,0,-0.196474197479181,0.810619713925744,0.189380286074256,0.810619713925744,0.810619713925744,"all","log"
"8262",13,1.31,1.39568200611211,"Exp2","mixed","IP",0,1.44363170806303,0.27445267467709,1.44264291787888,0.810619713925744,0,-0.123734552049305,0.810619713925744,0.189380286074256,0.810619713925744,0.810619713925744,"all","log"
"8263",13,0.663061306494331,1.20031306424244,"Exp2","mixed","IP",0,0.566146319088876,0.0738625573341919,0.56609536107547,0.961513130203019,0,1.18444542610493,0.961513130203019,0.0384868697969813,0.961513130203019,0.961513130203019,"all","log"
"8264",13,0.4912,1.02114519876886,"Exp2","mixed","IP",0,0.559656860122913,0.0802937649146971,0.558974908722657,0.961513130203019,0,1.10959461789516,0.961513130203019,0.0384868697969813,0.961513130203019,0.961513130203019,"all","log"
"8265",13,0.7328,1.01113714127314,"Exp2","mixed","IP",0,0.568337895560037,0.0720124190096551,0.567797355729823,0.961513130203019,0,1.21182204725465,0.961513130203019,0.0384868697969813,0.961513130203019,0.961513130203019,"all","log"
"8266",13,0.542862864224572,0.70991220578253,"Exp2","mixed","IP",0,0.561805920559236,0.0779953728563038,0.561933088980803,0.961513130203019,0,1.13832512305053,0.961513130203019,0.0384868697969813,0.961513130203019,0.961513130203019,"all","log"
"8267",13,0.663061306494331,0.76209977398139,"Exp2","mixed","IP",0,0.566146319088876,0.0738625573341919,0.566123731695197,0.961513130203019,0,1.19188827500815,0.961513130203019,0.0384868697969813,0.961513130203019,0.961513130203019,"all","log"
"8268",13,1.60005476290647,0.970641246667583,"Exp2","mixed","IP",0,1.49898016746498,0.284234040827099,1.49907308611471,0.810619713925744,0,-0.156803010045738,0.810619713925744,0.189380286074256,0.810619713925744,0.810619713925744,"all","log"
"8269",13,1.60005476290647,1.06459261323289,"Exp2","mixed","IP",0,1.49898016746498,0.284234040827099,1.49800614264004,0.810619713925744,0,-0.154776251059669,0.810619713925744,0.189380286074256,0.810619713925744,0.810619713925744,"all","log"
"8270",13,0.7328,0.762088446670532,"Exp2","mixed","IP",0,0.568337895560037,0.0720124190096551,0.568627582140073,0.961513130203019,0,1.21235152309957,0.961513130203019,0.0384868697969813,0.961513130203019,0.961513130203019,"all","log"
"8271",13,1.31,1.18981906507361,"Exp2","mixed","IP",0,1.44363170806303,0.27445267467709,1.44040656041247,0.810619713925744,0,-0.122918488907506,0.810619713925744,0.189380286074256,0.810619713925744,0.810619713925744,"all","log"
"8272",13,0.542862864224572,1.06413763287856,"Exp2","mixed","IP",0,0.561805920559236,0.0779953728563038,0.561953854962809,0.961513130203019,0,1.14035622265055,0.961513130203019,0.0384868697969813,0.961513130203019,0.961513130203019,"all","log"
"8273",13,0.542862864224572,0.949955309979487,"Exp2","mixed","IP",0,0.561805920559236,0.0779953728563038,0.561781384043543,0.961513130203019,0,1.13568201000807,0.961513130203019,0.0384868697969813,0.961513130203019,0.961513130203019,"all","log"
"8274",13,0.599959465297448,0.77240196400453,"Exp2","mixed","IP",0,0.563969034014904,0.0758543079724533,0.564047126974607,0.961513130203019,0,1.1667698748639,0.961513130203019,0.0384868697969813,0.961513130203019,0.961513130203019,"all","log"
"8275",13,1.76834346805288,1.30157356749078,"Exp2","mixed","IP",0,1.52773600590423,0.289379837120546,1.52936575560633,0.810619713925744,0,-0.179212098471852,0.810619713925744,0.189380286074256,0.810619713925744,0.810619713925744,"all","log"
"8276",13,1.31,1.33590287358675,"Exp2","mixed","IP",0,1.44363170806303,0.27445267467709,1.44228786716562,0.810619713925744,0,-0.124102104173836,0.810619713925744,0.189380286074256,0.810619713925744,0.810619713925744,"all","log"
"8277",13,1.954332247557,1.94116305061107,"Exp2","mixed","IP",0,1.55724240721768,0.294696236891517,1.55737143981426,0.810619713925744,0,-0.202668311317644,0.810619713925744,0.189380286074256,0.810619713925744,0.810619713925744,"all","log"
"8278",13,1.76834346805288,1.52367383232377,"Exp2","mixed","IP",0,1.52773600590423,0.289379837120546,1.52798002374917,0.810619713925744,0,-0.173546472959631,0.810619713925744,0.189380286074256,0.810619713925744,0.810619713925744,"all","log"
"8279",13,0.7328,0.678610312535966,"Exp2","mixed","IP",0,0.568337895560037,0.0720124190096551,0.567958223737674,0.961513130203019,0,1.21676374309867,0.961513130203019,0.0384868697969813,0.961513130203019,0.961513130203019,"all","log"
"8280",13,1.76834346805288,1.48173748124282,"Exp2","mixed","IP",0,1.52773600590423,0.289379837120546,1.53094650003812,0.810619713925744,0,-0.180407245014413,0.810619713925744,0.189380286074256,0.810619713925744,0.810619713925744,"all","log"
"8281",13,1.31,1.47150627570772,"Exp2","mixed","IP",0,1.44363170806303,0.27445267467709,1.44450489621129,0.810619713925744,0,-0.129509542276049,0.810619713925744,0.189380286074256,0.810619713925744,0.810619713925744,"all","log"
"8282",13,1.44778166151097,1.06299810531891,"Exp2","mixed","IP",0,1.47095258998992,0.279258306798054,1.46945198104233,0.810619713925744,0,-0.136580557574526,0.810619713925744,0.189380286074256,0.810619713925744,0.810619713925744,"all","log"
"8283",13,1.60005476290647,1.44029613368548,"Exp2","mixed","IP",0,1.49898016746498,0.284234040827099,1.49862709231425,0.810619713925744,0,-0.158738815282874,0.810619713925744,0.189380286074256,0.810619713925744,0.810619713925744,"all","log"
"8284",13,0.7328,0.970709210538189,"Exp2","mixed","IP",0,0.568337895560037,0.0720124190096551,0.568530281908445,0.961513130203019,0,1.21318208799363,0.961513130203019,0.0384868697969813,0.961513130203019,0.961513130203019,"all","log"
"8285",13,0.663061306494331,0.863777122303873,"Exp2","mixed","IP",0,0.566146319088876,0.0738625573341919,0.56631696682742,0.961513130203019,0,1.19144754511666,0.961513130203019,0.0384868697969813,0.961513130203019,0.961513130203019,"all","log"
"8286",13,0.663061306494331,1.02290433028065,"Exp2","mixed","IP",0,0.566146319088876,0.0738625573341919,0.565700042577005,0.961513130203019,0,1.1927385361058,0.961513130203019,0.0384868697969813,0.961513130203019,0.961513130203019,"all","log"
"8287",13,1.76834346805288,0.957744724681106,"Exp2","mixed","IP",0,1.52773600590423,0.289379837120546,1.5294009797691,0.810619713925744,0,-0.183598974820673,0.810619713925744,0.189380286074256,0.810619713925744,0.810619713925744,"all","log"
"8288",13,0.4912,1.17938472308197,"Exp2","mixed","IP",0,0.559656860122913,0.0802937649146971,0.559652420910964,0.961513130203019,0,1.11004320683037,0.961513130203019,0.0384868697969813,0.961513130203019,0.961513130203019,"all","log"
"8289",13,1.31,1.18666554148695,"Exp2","mixed","IP",0,1.44363170806303,0.27445267467709,1.44414120623298,0.810619713925744,0,-0.126698438250457,0.810619713925744,0.189380286074256,0.810619713925744,0.810619713925744,"all","log"
"8290",13,1.44778166151097,1.42992031613721,"Exp2","mixed","IP",0,1.47095258998992,0.279258306798054,1.47242062367171,0.810619713925744,0,-0.135213714060149,0.810619713925744,0.189380286074256,0.810619713925744,0.810619713925744,"all","log"
"8291",13,0.599959465297448,0.949884325491439,"Exp2","mixed","IP",0,0.563969034014904,0.0758543079724533,0.563205537666074,0.961513130203019,0,1.16303696326844,0.961513130203019,0.0384868697969813,0.961513130203019,0.961513130203019,"all","log"
"8292",13,0.542862864224572,1.11682737856609,"Exp2","mixed","IP",0,0.561805920559236,0.0779953728563038,0.561515443789887,0.961513130203019,0,1.13554756194861,0.961513130203019,0.0384868697969813,0.961513130203019,0.961513130203019,"all","log"
"8293",13,0.4912,1.04381265985648,"Exp2","mixed","IP",0,0.559656860122913,0.0802937649146971,0.55954032192802,0.961513130203019,0,1.10933235290678,0.961513130203019,0.0384868697969813,0.961513130203019,0.961513130203019,"all","log"
"8294",13,0.7328,0.678580483947371,"Exp2","mixed","IP",0,0.568337895560037,0.0720124190096551,0.5684928071439,0.961513130203019,0,1.21297167319624,0.961513130203019,0.0384868697969813,0.961513130203019,0.961513130203019,"all","log"
"8295",13,0.599959465297448,1.00167770324333,"Exp2","mixed","IP",0,0.563969034014904,0.0758543079724533,0.563747394785777,0.961513130203019,0,1.16069947930975,0.961513130203019,0.0384868697969813,0.961513130203019,0.961513130203019,"all","log"
"8296",13,0.542862864224572,1.06458053076676,"Exp2","mixed","IP",0,0.561805920559236,0.0779953728563038,0.561352412340858,0.961513130203019,0,1.13419304207611,0.961513130203019,0.0384868697969813,0.961513130203019,0.961513130203019,"all","log"
"8297",13,0.7328,0.811807416066586,"Exp2","mixed","IP",0,0.568337895560037,0.0720124190096551,0.568961381888921,0.961513130203019,0,1.2152872439801,0.961513130203019,0.0384868697969813,0.961513130203019,0.961513130203019,"all","log"
"8298",13,1.60005476290647,1.28002637753343,"Exp2","mixed","IP",0,1.49898016746498,0.284234040827099,1.49931580172137,0.810619713925744,0,-0.15766483655966,0.810619713925744,0.189380286074256,0.810619713925744,0.810619713925744,"all","log"
"8299",13,0.599959465297448,1.22117759487992,"Exp2","mixed","IP",0,0.563969034014904,0.0758543079724533,0.564220532416878,0.961513130203019,0,1.15493733306374,0.961513130203019,0.0384868697969813,0.961513130203019,0.961513130203019,"all","log"
"8300",13,1.954332247557,1.26289155307313,"Exp2","mixed","IP",0,1.55724240721768,0.294696236891517,1.5592659266564,0.810619713925744,0,-0.196267864512245,0.810619713925744,0.189380286074256,0.810619713925744,0.810619713925744,"all","log"
"8301",13,0.542862864224572,0.949943227513359,"Exp2","mixed","IP",0,0.561805920559236,0.0779953728563038,0.561196158529308,0.961513130203019,0,1.1379563071512,0.961513130203019,0.0384868697969813,0.961513130203019,0.961513130203019,"all","log"
"8302",13,0.4912,0.915878225356209,"Exp2","mixed","IP",0,0.559656860122913,0.0802937649146971,0.559421888426165,0.961513130203019,0,1.10900015021494,0.961513130203019,0.0384868697969813,0.961513130203019,0.961513130203019,"all","log"
"8303",13,1.60005476290647,1.3535345894561,"Exp2","mixed","IP",0,1.49898016746498,0.284234040827099,1.4991002029391,0.810619713925744,0,-0.156888370926954,0.810619713925744,0.189380286074256,0.810619713925744,0.810619713925744,"all","log"
"8304",13,1.31,1.50294334154023,"Exp2","mixed","IP",0,1.44363170806303,0.27445267467709,1.44498811538031,0.810619713925744,0,-0.12168621131122,0.810619713925744,0.189380286074256,0.810619713925744,0.810619713925744,"all","log"
"8305",13,0.663061306494331,1.01255758616571,"Exp2","mixed","IP",0,0.566146319088876,0.0738625573341919,0.566242926673833,0.961513130203019,0,1.19152315484356,0.961513130203019,0.0384868697969813,0.961513130203019,0.961513130203019,"all","log"
"8306",13,1.31,1.16777158551486,"Exp2","mixed","IP",0,1.44363170806303,0.27445267467709,1.44287201321766,0.810619713925744,0,-0.123593956230586,0.810619713925744,0.189380286074256,0.810619713925744,0.810619713925744,"all","log"
"8307",13,1.954332247557,1.26294818963106,"Exp2","mixed","IP",0,1.55724240721768,0.294696236891517,1.55663304839443,0.810619713925744,0,-0.198815807211803,0.810619713925744,0.189380286074256,0.810619713925744,0.810619713925744,"all","log"
"8308",13,1.954332247557,1.52370554879599,"Exp2","mixed","IP",0,1.55724240721768,0.294696236891517,1.55794901256062,0.810619713925744,0,-0.196323801419863,0.810619713925744,0.189380286074256,0.810619713925744,0.810619713925744,"all","log"
"8309",13,1.76834346805288,1.57579721242473,"Exp2","mixed","IP",0,1.52773600590423,0.289379837120546,1.52639537152432,0.810619713925744,0,-0.175063447245767,0.810619713925744,0.189380286074256,0.810619713925744,0.810619713925744,"all","log"
"8310",13,0.542862864224572,0.689054471531563,"Exp2","mixed","IP",0,0.561805920559236,0.0779953728563038,0.561750146928398,0.961513130203019,0,1.13977583831381,0.961513130203019,0.0384868697969813,0.961513130203019,0.961513130203019,"all","log"
"8311",13,1.44778166151097,1.42980855332826,"Exp2","mixed","IP",0,1.47095258998992,0.279258306798054,1.47274984901579,0.810619713925744,0,-0.14262110727608,0.810619713925744,0.189380286074256,0.810619713925744,0.810619713925744,"all","log"
"8312",13,1.60005476290647,1.14809302441427,"Exp2","mixed","IP",0,1.49898016746498,0.284234040827099,1.49970562725388,0.810619713925744,0,-0.161349748179784,0.810619713925744,0.189380286074256,0.810619713925744,0.810619713925744,"all","log"
"8313",13,1.44778166151097,0.811797221485904,"Exp2","mixed","IP",0,1.47095258998992,0.279258306798054,1.47085249115721,0.810619713925744,0,-0.143380986258778,0.810619713925744,0.189380286074256,0.810619713925744,0.810619713925744,"all","log"
"8314",13,0.542862864224572,0.926365428138524,"Exp2","mixed","IP",0,0.561805920559236,0.0779953728563038,0.562078410713741,0.961513130203019,0,1.13867951464177,0.961513130203019,0.0384868697969813,0.961513130203019,0.961513130203019,"all","log"
"8315",13,1.954332247557,1.70124718988154,"Exp2","mixed","IP",0,1.55724240721768,0.294696236891517,1.55654148862567,0.810619713925744,0,-0.194232992970934,0.810619713925744,0.189380286074256,0.810619713925744,0.810619713925744,"all","log"
"8316",13,1.76834346805288,1.19721353417481,"Exp2","mixed","IP",0,1.52773600590423,0.289379837120546,1.52820285806928,0.810619713925744,0,-0.17980315353908,0.810619713925744,0.189380286074256,0.810619713925744,0.810619713925744,"all","log"
"8317",13,1.954332247557,1.8055415247909,"Exp2","mixed","IP",0,1.55724240721768,0.294696236891517,1.5563976073079,0.810619713925744,0,-0.195021848435072,0.810619713925744,0.189380286074256,0.810619713925744,0.810619713925744,"all","log"
"8318",13,1.60005476290647,1.40887719155035,"Exp2","mixed","IP",0,1.49898016746498,0.284234040827099,1.49810828745124,0.810619713925744,0,-0.154799713959223,0.810619713925744,0.189380286074256,0.810619713925744,0.810619713925744,"all","log"
"8319",13,1.44778166151097,1.17939680554628,"Exp2","mixed","IP",0,1.47095258998992,0.279258306798054,1.47240025884986,0.810619713925744,0,-0.140003301889541,0.810619713925744,0.189380286074256,0.810619713925744,0.810619713925744,"all","log"
"8320",13,0.663061306494331,1.17942210320871,"Exp2","mixed","IP",0,0.566146319088876,0.0738625573341919,0.565969838498478,0.961513130203019,0,1.18671379183979,0.961513130203019,0.0384868697969813,0.961513130203019,0.961513130203019,"all","log"
"8321",13,0.599959465297448,1.2177843098616,"Exp2","mixed","IP",0,0.563969034014904,0.0758543079724533,0.563952349758909,0.961513130203019,0,1.1648418009403,0.961513130203019,0.0384868697969813,0.961513130203019,0.961513130203019,"all","log"
"8322",13,0.663061306494331,0.897616710957664,"Exp2","mixed","IP",0,0.566146319088876,0.0738625573341919,0.566228788470361,0.961513130203019,0,1.19118590570706,0.961513130203019,0.0384868697969813,0.961513130203019,0.961513130203019,"all","log"
"8323",13,1.31,0.853421316340246,"Exp2","mixed","IP",0,1.44363170806303,0.27445267467709,1.44407793886321,0.810619713925744,0,-0.122292577358139,0.810619713925744,0.189380286074256,0.810619713925744,0.810619713925744,"all","log"
"8324",13,1.31,1.08231154940222,"Exp2","mixed","IP",0,1.44363170806303,0.27445267467709,1.44569259074782,0.810619713925744,0,-0.124753658619578,0.810619713925744,0.189380286074256,0.810619713925744,0.810619713925744,"all","log"
"8325",13,1.31,1.34657962005076,"Exp2","mixed","IP",0,1.44363170806303,0.27445267467709,1.44282157554351,0.810619713925744,0,-0.125244652015712,0.810619713925744,0.189380286074256,0.810619713925744,0.810619713925744,"all","log"
"8326",13,1.954332247557,1.75337283544468,"Exp2","mixed","IP",0,1.55724240721768,0.294696236891517,1.55963579591659,0.810619713925744,0,-0.196057805467622,0.810619713925744,0.189380286074256,0.810619713925744,0.810619713925744,"all","log"
"8327",13,0.7328,1.05234061528427,"Exp2","mixed","IP",0,0.568337895560037,0.0720124190096551,0.56843984362429,0.961513130203019,0,1.21545936583824,0.961513130203019,0.0384868697969813,0.961513130203019,0.961513130203019,"all","log"
"8328",13,0.4912,0.92675659796987,"Exp2","mixed","IP",0,0.559656860122913,0.0802937649146971,0.559249539240317,0.961513130203019,0,1.10893030746384,0.961513130203019,0.0384868697969813,0.961513130203019,0.961513130203019,"all","log"
"8329",13,1.44778166151097,1.4404139377275,"Exp2","mixed","IP",0,1.47095258998992,0.279258306798054,1.47074673989087,0.810619713925744,0,-0.140530168875829,0.810619713925744,0.189380286074256,0.810619713925744,0.810619713925744,"all","log"
"8330",13,0.7328,1.06199677096083,"Exp2","mixed","IP",0,0.568337895560037,0.0720124190096551,0.568266816381701,0.961513130203019,0,1.21391692360379,0.961513130203019,0.0384868697969813,0.961513130203019,0.961513130203019,"all","log"
"8331",13,0.4912,0.832665905471003,"Exp2","mixed","IP",0,0.559656860122913,0.0802937649146971,0.560200954053486,0.961513130203019,0,1.11144828143656,0.961513130203019,0.0384868697969813,0.961513130203019,0.961513130203019,"all","log"
"8332",13,0.542862864224572,0.91873723883873,"Exp2","mixed","IP",0,0.561805920559236,0.0779953728563038,0.561124615372887,0.961513130203019,0,1.13986878793923,0.961513130203019,0.0384868697969813,0.961513130203019,0.961513130203019,"all","log"
"8333",13,1.60005476290647,1.50292521784286,"Exp2","mixed","IP",0,1.49898016746498,0.284234040827099,1.49977377251756,0.810619713925744,0,-0.15312783085351,0.810619713925744,0.189380286074256,0.810619713925744,0.810619713925744,"all","log"
"8334",13,1.31,1.42564916445917,"Exp2","mixed","IP",0,1.44363170806303,0.27445267467709,1.44146962682362,0.810619713925744,0,-0.124021475224915,0.810619713925744,0.189380286074256,0.810619713925744,0.810619713925744,"all","log"
"8335",13,1.76834346805288,1.38810894306334,"Exp2","mixed","IP",0,1.52773600590423,0.289379837120546,1.52694708354406,0.810619713925744,0,-0.176669512153427,0.810619713925744,0.189380286074256,0.810619713925744,0.810619713925744,"all","log"
"8336",13,0.599959465297448,0.970896488759536,"Exp2","mixed","IP",0,0.563969034014904,0.0758543079724533,0.563899084384941,0.961513130203019,0,1.16151378157909,0.961513130203019,0.0384868697969813,0.961513130203019,0.961513130203019,"all","log"
"8337",13,1.60005476290647,1.33601274851208,"Exp2","mixed","IP",0,1.49898016746498,0.284234040827099,1.49838853516792,0.810619713925744,0,-0.158678833148298,0.810619713925744,0.189380286074256,0.810619713925744,0.810619713925744,"all","log"
"8338",13,1.44778166151097,1.25906480959202,"Exp2","mixed","IP",0,1.47095258998992,0.279258306798054,1.47075221059773,0.810619713925744,0,-0.15125408204625,0.810619713925744,0.189380286074256,0.810619713925744,0.810619713925744,"all","log"
"8339",13,1.76834346805288,1.2107908275957,"Exp2","mixed","IP",0,1.52773600590423,0.289379837120546,1.52839342619522,0.810619713925744,0,-0.180005849857337,0.810619713925744,0.189380286074256,0.810619713925744,0.810619713925744,"all","log"
"8340",13,0.663061306494331,1.14469671878032,"Exp2","mixed","IP",0,0.566146319088876,0.0738625573341919,0.565459225011417,0.961513130203019,0,1.18684440084429,0.961513130203019,0.0384868697969813,0.961513130203019,0.961513130203019,"all","log"
"8341",14,1.44778166151097,1.24142239011417,"Exp2","mixed","IP",0,1.48411100675672,0.246859456099849,1.48434910241314,0.706762517456825,0,-0.0186686983236548,0.706762517456825,0.293237482543175,0.706762517456825,0.706762517456825,"all","log"
"8342",14,1.76834346805288,1.60330697914105,"Exp2","mixed","IP",0,1.57374548114528,0.25990184588294,1.57268637161894,0.706762517456825,0,-0.0673259063705065,0.706762517456825,0.293237482543175,0.706762517456825,0.706762517456825,"all","log"
"8343",14,0.7328,0.593609920200834,"Exp2","mixed","IP",0,0.673920816646508,0.119479710436956,0.673378562532081,0.806639771617254,0,0.710519120996254,0.806639771617254,0.193360228382746,0.806639771617254,0.806639771617254,"all","log"
"8344",14,1.60005476290647,1.42919902889662,"Exp2","mixed","IP",0,1.52819532808388,0.253215827857414,1.53012053990876,0.706762517456825,0,-0.0372949800088555,0.706762517456825,0.293237482543175,0.706762517456825,0.706762517456825,"all","log"
"8345",14,0.663061306494331,0.657382534118369,"Exp2","mixed","IP",0,0.660946434512914,0.120681323230852,0.661338229539026,0.806639771617254,0,0.692928837927707,0.806639771617254,0.193360228382746,0.806639771617254,0.806639771617254,"all","log"
"8346",14,0.663061306494331,0.667794705374945,"Exp2","mixed","IP",0,0.660946434512914,0.120681323230852,0.661395812871936,0.806639771617254,0,0.701263847785072,0.806639771617254,0.193360228382746,0.806639771617254,0.806639771617254,"all","log"
"8347",14,1.31,1.35628060418276,"Exp2","mixed","IP",0,1.44144163150871,0.240835959026086,1.44293122899948,0.706762517456825,0,0.00839303761458263,0.706762517456825,0.293237482543175,0.706762517456825,0.706762517456825,"all","log"
"8348",14,1.44778166151097,1.1165726146719,"Exp2","mixed","IP",0,1.48411100675672,0.246859456099849,1.48445506932768,0.706762517456825,0,-0.021020869626469,0.706762517456825,0.293237482543175,0.706762517456825,0.706762517456825,"all","log"
"8349",14,1.31,0.96833821338987,"Exp2","mixed","IP",0,1.44144163150871,0.240835959026086,1.4386045443621,0.706762517456825,0,0.00796191168222274,0.706762517456825,0.293237482543175,0.706762517456825,0.706762517456825,"all","log"
"8350",14,0.7328,0.709824355728415,"Exp2","mixed","IP",0,0.673920816646508,0.119479710436956,0.674088903276044,0.806639771617254,0,0.709710601675384,0.806639771617254,0.193360228382746,0.806639771617254,0.806639771617254,"all","log"
"8351",14,0.4912,0.574136890771115,"Exp2","mixed","IP",0,0.62377342642504,0.126033180984281,0.623568054218163,0.806639771617254,0,0.661915996306748,0.806639771617254,0.193360228382746,0.806639771617254,0.806639771617254,"all","log"
"8352",14,1.44778166151097,0.99129732097208,"Exp2","mixed","IP",0,1.48411100675672,0.246859456099849,1.4835995293569,0.706762517456825,0,-0.0148966149719579,0.706762517456825,0.293237482543175,0.706762517456825,0.706762517456825,"all","log"
"8353",14,0.542862864224572,0.709713728532734,"Exp2","mixed","IP",0,0.635880196693519,0.123945898730639,0.636120014833822,0.806639771617254,0,0.675966278214729,0.806639771617254,0.193360228382746,0.806639771617254,0.806639771617254,"all","log"
"8354",14,0.7328,0.655964769202001,"Exp2","mixed","IP",0,0.673920816646508,0.119479710436956,0.673845232125754,0.806639771617254,0,0.704489568037138,0.806639771617254,0.193360228382746,0.806639771617254,0.806639771617254,"all","log"
"8355",14,0.7328,0.699398214484063,"Exp2","mixed","IP",0,0.673920816646508,0.119479710436956,0.674512195667161,0.806639771617254,0,0.70035128773326,0.806639771617254,0.193360228382746,0.806639771617254,0.806639771617254,"all","log"
"8356",14,1.60005476290647,0.876237486006175,"Exp2","mixed","IP",0,1.52819532808388,0.253215827857414,1.52939802251374,0.706762517456825,0,-0.0453678516662315,0.706762517456825,0.293237482543175,0.706762517456825,0.706762517456825,"all","log"
"8357",14,0.542862864224572,0.887026091781991,"Exp2","mixed","IP",0,0.635880196693519,0.123945898730639,0.636197244138139,0.806639771617254,0,0.676491148243558,0.806639771617254,0.193360228382746,0.806639771617254,0.806639771617254,"all","log"
"8358",14,1.76834346805288,1.25184890892524,"Exp2","mixed","IP",0,1.57374548114528,0.25990184588294,1.57326561116964,0.706762517456825,0,-0.0675116744997777,0.706762517456825,0.293237482543175,0.706762517456825,0.706762517456825,"all","log"
"8359",14,1.44778166151097,1.447870860683,"Exp2","mixed","IP",0,1.48411100675672,0.246859456099849,1.48381723372459,0.706762517456825,0,-0.0213535985740386,0.706762517456825,0.293237482543175,0.706762517456825,0.706762517456825,"all","log"
"8360",14,0.599959465297448,0.760563349172116,"Exp2","mixed","IP",0,0.648268748544957,0.122166023758365,0.649149988901595,0.806639771617254,0,0.684241775202959,0.806639771617254,0.193360228382746,0.806639771617254,0.806639771617254,"all","log"
"8361",14,1.954332247557,1.58438708569065,"Exp2","mixed","IP",0,1.62081430709555,0.266915712659752,1.62063178633752,0.706762517456825,0,-0.0934910063429891,0.706762517456825,0.293237482543175,0.706762517456825,0.706762517456825,"all","log"
"8362",14,1.954332247557,1.63317292389911,"Exp2","mixed","IP",0,1.62081430709555,0.266915712659752,1.62140469656725,0.706762517456825,0,-0.0939442943597071,0.706762517456825,0.293237482543175,0.706762517456825,0.706762517456825,"all","log"
"8363",14,0.599959465297448,0.531477458292102,"Exp2","mixed","IP",0,0.648268748544957,0.122166023758365,0.647529209062024,0.806639771617254,0,0.689359352697892,0.806639771617254,0.193360228382746,0.806639771617254,0.806639771617254,"all","log"
"8364",14,0.542862864224572,0.656421247973412,"Exp2","mixed","IP",0,0.635880196693519,0.123945898730639,0.636001782226942,0.806639771617254,0,0.669082529883874,0.806639771617254,0.193360228382746,0.806639771617254,0.806639771617254,"all","log"
"8365",14,0.599959465297448,0.574031927083524,"Exp2","mixed","IP",0,0.648268748544957,0.122166023758365,0.649594826351662,0.806639771617254,0,0.695357837485886,0.806639771617254,0.193360228382746,0.806639771617254,0.806639771617254,"all","log"
"8366",14,0.599959465297448,0.552436214737099,"Exp2","mixed","IP",0,0.648268748544957,0.122166023758365,0.648005480921536,0.806639771617254,0,0.692580483013852,0.806639771617254,0.193360228382746,0.806639771617254,0.806639771617254,"all","log"
"8367",14,0.4912,0.74926653791681,"Exp2","mixed","IP",0,0.62377342642504,0.126033180984281,0.623236502827774,0.806639771617254,0,0.661198674516839,0.806639771617254,0.193360228382746,0.806639771617254,0.806639771617254,"all","log"
"8368",14,1.60005476290647,1.00944320161852,"Exp2","mixed","IP",0,1.52819532808388,0.253215827857414,1.52855914457685,0.706762517456825,0,-0.0421271426125669,0.706762517456825,0.293237482543175,0.706762517456825,0.706762517456825,"all","log"
"8369",14,1.76834346805288,1.21015906906996,"Exp2","mixed","IP",0,1.57374548114528,0.25990184588294,1.5730123067064,0.706762517456825,0,-0.0717038865699587,0.706762517456825,0.293237482543175,0.706762517456825,0.706762517456825,"all","log"
"8370",14,0.4912,0.532389660698755,"Exp2","mixed","IP",0,0.62377342642504,0.126033180984281,0.623657368869971,0.806639771617254,0,0.658556971581376,0.806639771617254,0.193360228382746,0.806639771617254,0.806639771617254,"all","log"
"8371",14,1.60005476290647,1.38765757296005,"Exp2","mixed","IP",0,1.52819532808388,0.253215827857414,1.52974435665508,0.706762517456825,0,-0.0420157358615595,0.706762517456825,0.293237482543175,0.706762517456825,0.706762517456825,"all","log"
"8372",14,1.76834346805288,1.61417072079439,"Exp2","mixed","IP",0,1.57374548114528,0.25990184588294,1.57204048226359,0.706762517456825,0,-0.0725000486726787,0.706762517456825,0.293237482543175,0.706762517456825,0.706762517456825,"all","log"
"8373",14,0.4912,0.728797486157418,"Exp2","mixed","IP",0,0.62377342642504,0.126033180984281,0.624073595354072,0.806639771617254,0,0.661599678263646,0.806639771617254,0.193360228382746,0.806639771617254,0.806639771617254,"all","log"
"8374",14,1.954332247557,1.65557134415849,"Exp2","mixed","IP",0,1.62081430709555,0.266915712659752,1.62234942052271,0.706762517456825,0,-0.0888140068900785,0.706762517456825,0.293237482543175,0.706762517456825,0.706762517456825,"all","log"
"8375",14,1.31,1.03015238613079,"Exp2","mixed","IP",0,1.44144163150871,0.240835959026086,1.44065513388981,0.706762517456825,0,0.00392372204638579,0.706762517456825,0.293237482543175,0.706762517456825,0.706762517456825,"all","log"
"8376",14,0.542862864224572,0.853996888846268,"Exp2","mixed","IP",0,0.635880196693519,0.123945898730639,0.636937571170015,0.806639771617254,0,0.676286135083031,0.806639771617254,0.193360228382746,0.806639771617254,0.806639771617254,"all","log"
"8377",14,0.663061306494331,0.583046344488139,"Exp2","mixed","IP",0,0.660946434512914,0.120681323230852,0.660871195655703,0.806639771617254,0,0.701717367995638,0.806639771617254,0.193360228382746,0.806639771617254,0.806639771617254,"all","log"
"8378",14,0.599959465297448,0.625753350436753,"Exp2","mixed","IP",0,0.648268748544957,0.122166023758365,0.64794953139283,0.806639771617254,0,0.688502331151871,0.806639771617254,0.193360228382746,0.806639771617254,0.806639771617254,"all","log"
"8379",14,0.599959465297448,0.864774545172622,"Exp2","mixed","IP",0,0.648268748544957,0.122166023758365,0.647680111569123,0.806639771617254,0,0.681973688363484,0.806639771617254,0.193360228382746,0.806639771617254,0.806639771617254,"all","log"
"8380",14,1.76834346805288,1.26259182906779,"Exp2","mixed","IP",0,1.57374548114528,0.25990184588294,1.57317783472269,0.706762517456825,0,-0.0661940583828873,0.706762517456825,0.293237482543175,0.706762517456825,0.706762517456825,"all","log"
"8381",14,1.60005476290647,0.834930499313487,"Exp2","mixed","IP",0,1.52819532808388,0.253215827857414,1.52612152765529,0.706762517456825,0,-0.0458732310302491,0.706762517456825,0.293237482543175,0.706762517456825,0.706762517456825,"all","log"
"8382",14,1.60005476290647,1.00190922528873,"Exp2","mixed","IP",0,1.52819532808388,0.253215827857414,1.52934361711962,0.706762517456825,0,-0.0427645577840662,0.706762517456825,0.293237482543175,0.706762517456825,0.706762517456825,"all","log"
"8383",14,1.31,0.772319659735331,"Exp2","mixed","IP",0,1.44144163150871,0.240835959026086,1.44028565970558,0.706762517456825,0,0.00170713623764227,0.706762517456825,0.293237482543175,0.706762517456825,0.706762517456825,"all","log"
"8384",14,0.663061306494331,0.968079957409827,"Exp2","mixed","IP",0,0.660946434512914,0.120681323230852,0.661034381135494,0.806639771617254,0,0.707675579371441,0.806639771617254,0.193360228382746,0.806639771617254,0.806639771617254,"all","log"
"8385",14,1.76834346805288,1.22070527669075,"Exp2","mixed","IP",0,1.57374548114528,0.25990184588294,1.57179711678275,0.706762517456825,0,-0.0654850988082738,0.706762517456825,0.293237482543175,0.706762517456825,0.706762517456825,"all","log"
"8386",14,0.542862864224572,0.62579903607093,"Exp2","mixed","IP",0,0.635880196693519,0.123945898730639,0.63616120587191,0.806639771617254,0,0.669899026865439,0.806639771617254,0.193360228382746,0.806639771617254,0.806639771617254,"all","log"
"8387",14,1.954332247557,1.25232841929574,"Exp2","mixed","IP",0,1.62081430709555,0.266915712659752,1.6182417108838,0.706762517456825,0,-0.0960817673721948,0.706762517456825,0.293237482543175,0.706762517456825,0.706762517456825,"all","log"
"8388",14,0.4912,0.760894475625719,"Exp2","mixed","IP",0,0.62377342642504,0.126033180984281,0.622717500996617,0.806639771617254,0,0.65838416787311,0.806639771617254,0.193360228382746,0.806639771617254,0.806639771617254,"all","log"
"8389",14,0.7328,0.688946021102311,"Exp2","mixed","IP",0,0.673920816646508,0.119479710436956,0.674014965414362,0.806639771617254,0,0.705549453442045,0.806639771617254,0.193360228382746,0.806639771617254,0.806639771617254,"all","log"
"8390",14,1.60005476290647,1.05143056444376,"Exp2","mixed","IP",0,1.52819532808388,0.253215827857414,1.52981215291565,0.706762517456825,0,-0.0382505565251524,0.706762517456825,0.293237482543175,0.706762517456825,0.706762517456825,"all","log"
"8391",14,0.663061306494331,0.791596354210924,"Exp2","mixed","IP",0,0.660946434512914,0.120681323230852,0.660525608447297,0.806639771617254,0,0.702266372365904,0.806639771617254,0.193360228382746,0.806639771617254,0.806639771617254,"all","log"
"8392",14,1.31,0.905140634350573,"Exp2","mixed","IP",0,1.44144163150871,0.240835959026086,1.44145990606376,0.706762517456825,0,0.00671053692944134,0.706762517456825,0.293237482543175,0.706762517456825,0.706762517456825,"all","log"
"8393",14,0.7328,0.95920561744515,"Exp2","mixed","IP",0,0.673920816646508,0.119479710436956,0.673838705160075,0.806639771617254,0,0.70608352688384,0.806639771617254,0.193360228382746,0.806639771617254,0.806639771617254,"all","log"
"8394",14,0.599959465297448,0.793215740021878,"Exp2","mixed","IP",0,0.648268748544957,0.122166023758365,0.647929425309454,0.806639771617254,0,0.689495316247135,0.806639771617254,0.193360228382746,0.806639771617254,0.806639771617254,"all","log"
"8395",14,0.542862864224572,0.562072485354292,"Exp2","mixed","IP",0,0.635880196693519,0.123945898730639,0.635800538236645,0.806639771617254,0,0.676960039963547,0.806639771617254,0.193360228382746,0.806639771617254,0.806639771617254,"all","log"
"8396",14,1.31,0.728589824186201,"Exp2","mixed","IP",0,1.44144163150871,0.240835959026086,1.44289305962762,0.706762517456825,0,0.0137651236166967,0.706762517456825,0.293237482543175,0.706762517456825,0.706762517456825,"all","log"
"8397",14,0.663061306494331,0.563355081204463,"Exp2","mixed","IP",0,0.660946434512914,0.120681323230852,0.660894956971317,0.806639771617254,0,0.70241472753499,0.806639771617254,0.193360228382746,0.806639771617254,0.806639771617254,"all","log"
"8398",14,1.76834346805288,1.33562880988939,"Exp2","mixed","IP",0,1.57374548114528,0.25990184588294,1.57343253155135,0.706762517456825,0,-0.0676787243656277,0.706762517456825,0.293237482543175,0.706762517456825,0.706762517456825,"all","log"
"8399",14,0.542862864224572,0.624287256917341,"Exp2","mixed","IP",0,0.635880196693519,0.123945898730639,0.635404048593251,0.806639771617254,0,0.680413564176899,0.806639771617254,0.193360228382746,0.806639771617254,0.806639771617254,"all","log"
"8400",14,0.663061306494331,0.688756482357348,"Exp2","mixed","IP",0,0.660946434512914,0.120681323230852,0.660853146558454,0.806639771617254,0,0.694181463066706,0.806639771617254,0.193360228382746,0.806639771617254,0.806639771617254,"all","log"
"8401",14,0.4912,0.615904131906973,"Exp2","mixed","IP",0,0.62377342642504,0.126033180984281,0.622573664752215,0.806639771617254,0,0.663797031509368,0.806639771617254,0.193360228382746,0.806639771617254,0.806639771617254,"all","log"
"8402",14,1.44778166151097,1.18687940691689,"Exp2","mixed","IP",0,1.48411100675672,0.246859456099849,1.48460709175702,0.706762517456825,0,-0.0250159123996752,0.706762517456825,0.293237482543175,0.706762517456825,0.706762517456825,"all","log"
"8403",14,1.60005476290647,1.47135025589614,"Exp2","mixed","IP",0,1.52819532808388,0.253215827857414,1.52730400327585,0.706762517456825,0,-0.0437786776997905,0.706762517456825,0.293237482543175,0.706762517456825,0.706762517456825,"all","log"
"8404",14,0.542862864224572,0.501158055301858,"Exp2","mixed","IP",0,0.635880196693519,0.123945898730639,0.635502954045994,0.806639771617254,0,0.671784660135359,0.806639771617254,0.193360228382746,0.806639771617254,0.806639771617254,"all","log"
"8405",14,1.31,0.761833107736493,"Exp2","mixed","IP",0,1.44144163150871,0.240835959026086,1.44113405456256,0.706762517456825,0,0.00857189555115405,0.706762517456825,0.293237482543175,0.706762517456825,0.706762517456825,"all","log"
"8406",14,1.954332247557,0.949681861859062,"Exp2","mixed","IP",0,1.62081430709555,0.266915712659752,1.62087440200834,0.706762517456825,0,-0.0934176010289451,0.706762517456825,0.293237482543175,0.706762517456825,0.706762517456825,"all","log"
"8407",14,1.44778166151097,1.471143726626,"Exp2","mixed","IP",0,1.48411100675672,0.246859456099849,1.48474343471746,0.706762517456825,0,-0.0203336269820418,0.706762517456825,0.293237482543175,0.706762517456825,0.706762517456825,"all","log"
"8408",14,1.954332247557,1.69912183527867,"Exp2","mixed","IP",0,1.62081430709555,0.266915712659752,1.61991356034322,0.706762517456825,0,-0.097084125589798,0.706762517456825,0.293237482543175,0.706762517456825,0.706762517456825,"all","log"
"8409",14,1.44778166151097,1.02267617758389,"Exp2","mixed","IP",0,1.48411100675672,0.246859456099849,1.48578803209673,0.706762517456825,0,-0.0144265033255313,0.706762517456825,0.293237482543175,0.706762517456825,0.706762517456825,"all","log"
"8410",14,1.44778166151097,1.14572948818841,"Exp2","mixed","IP",0,1.48411100675672,0.246859456099849,1.48374472598724,0.706762517456825,0,-0.0213797549447115,0.706762517456825,0.293237482543175,0.706762517456825,0.706762517456825,"all","log"
"8411",14,1.76834346805288,1.57296114644487,"Exp2","mixed","IP",0,1.57374548114528,0.25990184588294,1.57293367328112,0.706762517456825,0,-0.0631083544981728,0.706762517456825,0.293237482543175,0.706762517456825,0.706762517456825,"all","log"
"8412",14,1.954332247557,1.08411202797015,"Exp2","mixed","IP",0,1.62081430709555,0.266915712659752,1.62053244788882,0.706762517456825,0,-0.0993446051313167,0.706762517456825,0.293237482543175,0.706762517456825,0.706762517456825,"all","log"
"8413",14,0.663061306494331,0.875122530002045,"Exp2","mixed","IP",0,0.660946434512914,0.120681323230852,0.661136613566295,0.806639771617254,0,0.700960049603572,0.806639771617254,0.193360228382746,0.806639771617254,0.806639771617254,"all","log"
"8414",14,1.31,1.31484486706722,"Exp2","mixed","IP",0,1.44144163150871,0.240835959026086,1.44030021800626,0.706762517456825,0,0.00414251270411861,0.706762517456825,0.293237482543175,0.706762517456825,0.706762517456825,"all","log"
"8415",14,0.7328,0.707914998291017,"Exp2","mixed","IP",0,0.673920816646508,0.119479710436956,0.673460292545907,0.806639771617254,0,0.710622942216117,0.806639771617254,0.193360228382746,0.806639771617254,0.806639771617254,"all","log"
"8416",14,1.76834346805288,0.876578806775797,"Exp2","mixed","IP",0,1.57374548114528,0.25990184588294,1.57583030717949,0.706762517456825,0,-0.066811951259757,0.706762517456825,0.293237482543175,0.706762517456825,0.706762517456825,"all","log"
"8417",14,0.542862864224572,0.511612891654295,"Exp2","mixed","IP",0,0.635880196693519,0.123945898730639,0.635672289736654,0.806639771617254,0,0.679456159390238,0.806639771617254,0.193360228382746,0.806639771617254,0.806639771617254,"all","log"
"8418",14,1.31,0.811560598594951,"Exp2","mixed","IP",0,1.44144163150871,0.240835959026086,1.44073125192809,0.706762517456825,0,0.00484364627037295,0.706762517456825,0.293237482543175,0.706762517456825,0.706762517456825,"all","log"
"8419",14,0.4912,0.657656647919794,"Exp2","mixed","IP",0,0.62377342642504,0.126033180984281,0.622837060920868,0.806639771617254,0,0.656695940780421,0.806639771617254,0.193360228382746,0.806639771617254,0.806639771617254,"all","log"
"8420",14,0.663061306494331,0.583568519954497,"Exp2","mixed","IP",0,0.660946434512914,0.120681323230852,0.661753732915885,0.806639771617254,0,0.697721473125083,0.806639771617254,0.193360228382746,0.806639771617254,0.806639771617254,"all","log"
"8421",14,1.44778166151097,1.03009310807647,"Exp2","mixed","IP",0,1.48411100675672,0.246859456099849,1.4819581728817,0.706762517456825,0,-0.0183657507037849,0.706762517456825,0.293237482543175,0.706762517456825,0.706762517456825,"all","log"
"8422",14,1.31,1.13731011672462,"Exp2","mixed","IP",0,1.44144163150871,0.240835959026086,1.44064840558196,0.706762517456825,0,0.00754865570306428,0.706762517456825,0.293237482543175,0.706762517456825,0.706762517456825,"all","log"
"8423",14,1.60005476290647,1.15419794339141,"Exp2","mixed","IP",0,1.52819532808388,0.253215827857414,1.52812262250872,0.706762517456825,0,-0.0370100021756236,0.706762517456825,0.293237482543175,0.706762517456825,0.706762517456825,"all","log"
"8424",14,1.76834346805288,1.34228418729617,"Exp2","mixed","IP",0,1.57374548114528,0.25990184588294,1.57402344484144,0.706762517456825,0,-0.0685945619646732,0.706762517456825,0.293237482543175,0.706762517456825,0.706762517456825,"all","log"
"8425",14,0.542862864224572,0.741072196515233,"Exp2","mixed","IP",0,0.635880196693519,0.123945898730639,0.635204969517693,0.806639771617254,0,0.673289406368184,0.806639771617254,0.193360228382746,0.806639771617254,0.806639771617254,"all","log"
"8426",14,1.44778166151097,1.1150766933406,"Exp2","mixed","IP",0,1.48411100675672,0.246859456099849,1.48427224604453,0.706762517456825,0,-0.0198535492400354,0.706762517456825,0.293237482543175,0.706762517456825,0.706762517456825,"all","log"
"8427",14,1.60005476290647,1.70088733960438,"Exp2","mixed","IP",0,1.52819532808388,0.253215827857414,1.52795756866605,0.706762517456825,0,-0.0441296934288756,0.706762517456825,0.293237482543175,0.706762517456825,0.706762517456825,"all","log"
"8428",14,1.44778166151097,1.17928501983079,"Exp2","mixed","IP",0,1.48411100675672,0.246859456099849,1.48619362608544,0.706762517456825,0,-0.013992106067857,0.706762517456825,0.293237482543175,0.706762517456825,0.706762517456825,"all","log"
"8429",14,0.599959465297448,0.625866620603119,"Exp2","mixed","IP",0,0.648268748544957,0.122166023758365,0.648805158680919,0.806639771617254,0,0.684090673212585,0.806639771617254,0.193360228382746,0.806639771617254,0.806639771617254,"all","log"
"8430",14,0.599959465297448,0.801470869744662,"Exp2","mixed","IP",0,0.648268748544957,0.122166023758365,0.648990551543243,0.806639771617254,0,0.689628435540335,0.806639771617254,0.193360228382746,0.806639771617254,0.806639771617254,"all","log"
"8431",14,0.7328,0.771448234589116,"Exp2","mixed","IP",0,0.673920816646508,0.119479710436956,0.67416845266761,0.806639771617254,0,0.706984750960362,0.806639771617254,0.193360228382746,0.806639771617254,0.806639771617254,"all","log"
"8432",14,1.954332247557,1.3011357788364,"Exp2","mixed","IP",0,1.62081430709555,0.266915712659752,1.62298433840866,0.706762517456825,0,-0.0982399746919061,0.706762517456825,0.293237482543175,0.706762517456825,0.706762517456825,"all","log"
"8433",14,0.599959465297448,0.6867946430757,"Exp2","mixed","IP",0,0.648268748544957,0.122166023758365,0.648568353447467,0.806639771617254,0,0.691613564999817,0.806639771617254,0.193360228382746,0.806639771617254,0.806639771617254,"all","log"
"8434",14,0.542862864224572,0.594959723015563,"Exp2","mixed","IP",0,0.635880196693519,0.123945898730639,0.635658607089564,0.806639771617254,0,0.674054768152511,0.806639771617254,0.193360228382746,0.806639771617254,0.806639771617254,"all","log"
"8435",14,0.7328,0.70745134574463,"Exp2","mixed","IP",0,0.673920816646508,0.119479710436956,0.674501095400623,0.806639771617254,0,0.706493727783012,0.806639771617254,0.193360228382746,0.806639771617254,0.806639771617254,"all","log"
"8436",14,1.954332247557,1.3147278212291,"Exp2","mixed","IP",0,1.62081430709555,0.266915712659752,1.61942691424437,0.706762517456825,0,-0.104264115250278,0.706762517456825,0.293237482543175,0.706762517456825,0.706762517456825,"all","log"
"8437",14,0.4912,0.759707781848192,"Exp2","mixed","IP",0,0.62377342642504,0.126033180984281,0.623506697022441,0.806639771617254,0,0.661856459816924,0.806639771617254,0.193360228382746,0.806639771617254,0.806639771617254,"all","log"
"8438",14,0.4912,0.574317367903859,"Exp2","mixed","IP",0,0.62377342642504,0.126033180984281,0.623415378455445,0.806639771617254,0,0.655575148960858,0.806639771617254,0.193360228382746,0.806639771617254,0.806639771617254,"all","log"
"8439",14,0.663061306494331,0.657743488382039,"Exp2","mixed","IP",0,0.660946434512914,0.120681323230852,0.660368895220032,0.806639771617254,0,0.703326330943786,0.806639771617254,0.193360228382746,0.806639771617254,0.806639771617254,"all","log"
"8440",14,0.7328,0.647197280761247,"Exp2","mixed","IP",0,0.673920816646508,0.119479710436956,0.674003880633485,0.806639771617254,0,0.71030004467858,0.806639771617254,0.193360228382746,0.806639771617254,0.806639771617254,"all","log"
"8441",14,1.60005476290647,1.60684591670542,"Exp2","mixed","IP",0,1.52819532808388,0.253215827857414,1.52887427350717,0.706762517456825,0,-0.0454417418326737,0.706762517456825,0.293237482543175,0.706762517456825,0.706762517456825,"all","log"
"8442",14,1.954332247557,1.09250496972891,"Exp2","mixed","IP",0,1.62081430709555,0.266915712659752,1.62090932440742,0.706762517456825,0,-0.0943447222218086,0.706762517456825,0.293237482543175,0.706762517456825,0.706762517456825,"all","log"
"8443",14,0.4912,0.678342423265349,"Exp2","mixed","IP",0,0.62377342642504,0.126033180984281,0.623191467988763,0.806639771617254,0,0.658198206891789,0.806639771617254,0.193360228382746,0.806639771617254,0.806639771617254,"all","log"
"8444",14,1.60005476290647,0.834331300133272,"Exp2","mixed","IP",0,1.52819532808388,0.253215827857414,1.53060390908638,0.706762517456825,0,-0.0505075857509305,0.706762517456825,0.293237482543175,0.706762517456825,0.706762517456825,"all","log"
"8445",14,1.31,1.15814012274677,"Exp2","mixed","IP",0,1.44144163150871,0.240835959026086,1.44127799978565,0.706762517456825,0,0.00617316055070739,0.706762517456825,0.293237482543175,0.706762517456825,0.706762517456825,"all","log"
"8446",14,0.599959465297448,0.709772251451795,"Exp2","mixed","IP",0,0.648268748544957,0.122166023758365,0.649376257514481,0.806639771617254,0,0.689267059640617,0.806639771617254,0.193360228382746,0.806639771617254,0.806639771617254,"all","log"
"8447",14,0.663061306494331,0.843085196154789,"Exp2","mixed","IP",0,0.660946434512914,0.120681323230852,0.661443482593321,0.806639771617254,0,0.697086178422512,0.806639771617254,0.193360228382746,0.806639771617254,0.806639771617254,"all","log"
"8448",14,0.542862864224572,1.17926689660453,"Exp2","mixed","IP",0,0.635880196693519,0.123945898730639,0.636062568296082,0.806639771617254,0,0.672188612192054,0.806639771617254,0.193360228382746,0.806639771617254,0.806639771617254,"all","log"
"8449",14,0.7328,0.897646302577414,"Exp2","mixed","IP",0,0.673920816646508,0.119479710436956,0.674658159995823,0.806639771617254,0,0.710152080355898,0.806639771617254,0.193360228382746,0.806639771617254,0.806639771617254,"all","log"
"8450",14,0.599959465297448,0.666577051086279,"Exp2","mixed","IP",0,0.648268748544957,0.122166023758365,0.647003848319662,0.806639771617254,0,0.690809814449624,0.806639771617254,0.193360228382746,0.806639771617254,0.806639771617254,"all","log"
"8451",14,1.954332247557,1.72914484800094,"Exp2","mixed","IP",0,1.62081430709555,0.266915712659752,1.62025592871935,0.706762517456825,0,-0.0989702505632105,0.706762517456825,0.293237482543175,0.706762517456825,0.706762517456825,"all","log"
"8452",14,0.4912,0.728551689895539,"Exp2","mixed","IP",0,0.62377342642504,0.126033180984281,0.623584911974571,0.806639771617254,0,0.661303011771232,0.806639771617254,0.193360228382746,0.806639771617254,0.806639771617254,"all","log"
"8453",14,0.7328,0.615982288320083,"Exp2","mixed","IP",0,0.673920816646508,0.119479710436956,0.673693784408423,0.806639771617254,0,0.703473194071019,0.806639771617254,0.193360228382746,0.806639771617254,0.806639771617254,"all","log"
"8454",14,1.60005476290647,1.2938581706494,"Exp2","mixed","IP",0,1.52819532808388,0.253215827857414,1.53007509124351,0.706762517456825,0,-0.0413072666428239,0.706762517456825,0.293237482543175,0.706762517456825,0.706762517456825,"all","log"
"8455",14,1.954332247557,1.83636676502283,"Exp2","mixed","IP",0,1.62081430709555,0.266915712659752,1.62100105763658,0.706762517456825,0,-0.0875341380778177,0.706762517456825,0.293237482543175,0.706762517456825,0.706762517456825,"all","log"
"8456",14,0.599959465297448,0.824539094253851,"Exp2","mixed","IP",0,0.648268748544957,0.122166023758365,0.647964183051862,0.806639771617254,0,0.690457844046137,0.806639771617254,0.193360228382746,0.806639771617254,0.806639771617254,"all","log"
"8457",14,0.663061306494331,0.58402009035126,"Exp2","mixed","IP",0,0.660946434512914,0.120681323230852,0.660791087080368,0.806639771617254,0,0.698101869649083,0.806639771617254,0.193360228382746,0.806639771617254,0.806639771617254,"all","log"
"8458",14,1.76834346805288,1.68976458683755,"Exp2","mixed","IP",0,1.57374548114528,0.25990184588294,1.57076760317363,0.706762517456825,0,-0.0700114197869882,0.706762517456825,0.293237482543175,0.706762517456825,0.706762517456825,"all","log"
"8459",14,1.44778166151097,1.31471309610788,"Exp2","mixed","IP",0,1.48411100675672,0.246859456099849,1.48284393708458,0.706762517456825,0,-0.0151875742805081,0.706762517456825,0.293237482543175,0.706762517456825,0.706762517456825,"all","log"
"8460",14,1.60005476290647,1.09317439641018,"Exp2","mixed","IP",0,1.52819532808388,0.253215827857414,1.52669712943689,0.706762517456825,0,-0.0480921065000438,0.706762517456825,0.293237482543175,0.706762517456825,0.706762517456825,"all","log"
"8461",14,0.7328,0.897427313590015,"Exp2","mixed","IP",0,0.673920816646508,0.119479710436956,0.672737367866186,0.806639771617254,0,0.708984917401307,0.806639771617254,0.193360228382746,0.806639771617254,0.806639771617254,"all","log"
"8462",14,1.31,1.00919325211908,"Exp2","mixed","IP",0,1.44144163150871,0.240835959026086,1.44076548087885,0.706762517456825,0,0.00688339667944714,0.706762517456825,0.293237482543175,0.706762517456825,0.706762517456825,"all","log"
"8463",14,1.31,1.26265865846653,"Exp2","mixed","IP",0,1.44144163150871,0.240835959026086,1.44296562841395,0.706762517456825,0,0.00178780148916862,0.706762517456825,0.293237482543175,0.706762517456825,0.706762517456825,"all","log"
"8464",14,0.542862864224572,0.749228781192869,"Exp2","mixed","IP",0,0.635880196693519,0.123945898730639,0.636123114804556,0.806639771617254,0,0.674352234126212,0.806639771617254,0.193360228382746,0.806639771617254,0.806639771617254,"all","log"
"8465",14,1.954332247557,1.1480375566116,"Exp2","mixed","IP",0,1.62081430709555,0.266915712659752,1.62197155468376,0.706762517456825,0,-0.0974708803157871,0.706762517456825,0.293237482543175,0.706762517456825,0.706762517456825,"all","log"
"8466",14,0.663061306494331,0.686905270271382,"Exp2","mixed","IP",0,0.660946434512914,0.120681323230852,0.66072205221621,0.806639771617254,0,0.692436937658544,0.806639771617254,0.193360228382746,0.806639771617254,0.806639771617254,"all","log"
"8467",14,1.76834346805288,1.35669328515542,"Exp2","mixed","IP",0,1.57374548114528,0.25990184588294,1.57304255030424,0.706762517456825,0,-0.0716282824585925,0.706762517456825,0.293237482543175,0.706762517456825,0.706762517456825,"all","log"
"8468",14,0.4912,0.603657361521982,"Exp2","mixed","IP",0,0.62377342642504,0.126033180984281,0.623959192625608,0.806639771617254,0,0.65831874366586,0.806639771617254,0.193360228382746,0.806639771617254,0.806639771617254,"all","log"
"8469",14,1.44778166151097,1.09275076598897,"Exp2","mixed","IP",0,1.48411100675672,0.246859456099849,1.48417037489902,0.706762517456825,0,-0.016647699164016,0.706762517456825,0.293237482543175,0.706762517456825,0.706762517456825,"all","log"
"8470",14,0.4912,0.87431944452328,"Exp2","mixed","IP",0,0.62377342642504,0.126033180984281,0.623120273990665,0.806639771617254,0,0.658759661671651,0.806639771617254,0.193360228382746,0.806639771617254,0.806639771617254,"all","log"
"8471",14,1.76834346805288,1.00156941478963,"Exp2","mixed","IP",0,1.57374548114528,0.25990184588294,1.5736278400678,0.706762517456825,0,-0.0717122733352002,0.706762517456825,0.293237482543175,0.706762517456825,0.706762517456825,"all","log"
"8472",14,0.542862864224572,0.75165276275402,"Exp2","mixed","IP",0,0.635880196693519,0.123945898730639,0.635200087464575,0.806639771617254,0,0.672970588771476,0.806639771617254,0.193360228382746,0.806639771617254,0.806639771617254,"all","log"
"8473",14,1.31,0.876696607747363,"Exp2","mixed","IP",0,1.44144163150871,0.240835959026086,1.44140386193626,0.706762517456825,0,0.0101609024176339,0.706762517456825,0.293237482543175,0.706762517456825,0.706762517456825,"all","log"
"8474",14,0.663061306494331,0.730621890968905,"Exp2","mixed","IP",0,0.660946434512914,0.120681323230852,0.661020879308559,0.806639771617254,0,0.698697039982791,0.806639771617254,0.193360228382746,0.806639771617254,0.806639771617254,"all","log"
"8475",14,0.4912,0.697816585394321,"Exp2","mixed","IP",0,0.62377342642504,0.126033180984281,0.623378659380571,0.806639771617254,0,0.655694774304465,0.806639771617254,0.193360228382746,0.806639771617254,0.806639771617254,"all","log"
"8476",14,0.7328,0.573001168570045,"Exp2","mixed","IP",0,0.673920816646508,0.119479710436956,0.67368299228005,0.806639771617254,0,0.710994137177187,0.806639771617254,0.193360228382746,0.806639771617254,0.806639771617254,"all","log"
"8477",14,1.954332247557,1.34383221290227,"Exp2","mixed","IP",0,1.62081430709555,0.266915712659752,1.62307666929371,0.706762517456825,0,-0.0950306884251188,0.706762517456825,0.293237482543175,0.706762517456825,0.706762517456825,"all","log"
"8478",14,1.76834346805288,1.07471702280782,"Exp2","mixed","IP",0,1.57374548114528,0.25990184588294,1.57353666209225,0.706762517456825,0,-0.0751281767608204,0.706762517456825,0.293237482543175,0.706762517456825,0.706762517456825,"all","log"
"8479",14,1.44778166151097,1.18954842960375,"Exp2","mixed","IP",0,1.48411100675672,0.246859456099849,1.48299176878612,0.706762517456825,0,-0.0189090723808583,0.706762517456825,0.293237482543175,0.706762517456825,0.706762517456825,"all","log"
"8480",14,0.599959465297448,0.655661582724861,"Exp2","mixed","IP",0,0.648268748544957,0.122166023758365,0.648888999389591,0.806639771617254,0,0.686374662460841,0.806639771617254,0.193360228382746,0.806639771617254,0.806639771617254,"all","log"
"8481",15,1.44778166151097,1.14479753185424,"Exp2","mixed","IP",0,1.45164439119921,0.194519231303001,1.45156676681662,0.930277157834543,0,0.218839560854219,0.930277157834543,0.0697228421654572,0.930277157834543,0.930277157834543,"all","log"
"8482",15,0.599959465297448,0.980827898110874,"Exp2","mixed","IP",0,0.644906774594435,0.0904511648641104,0.644320937680654,0.960424173441538,0,0.991213768286112,0.960424173441538,0.0395758265584625,0.960424173441538,0.960424173441538,"all","log"
"8483",15,0.663061306494331,1.13540643527176,"Exp2","mixed","IP",0,0.647468309506608,0.0884296824998774,0.647228935056627,0.960424173441538,0,1.01066620817514,0.960424173441538,0.0395758265584625,0.960424173441538,0.960424173441538,"all","log"
"8484",15,0.542862864224572,1.14539938968392,"Exp2","mixed","IP",0,0.64236554416855,0.0926358009124481,0.641147275766057,0.960424173441538,0,0.963455240771741,0.960424173441538,0.0395758265584625,0.960424173441538,0.960424173441538,"all","log"
"8485",15,1.60005476290647,1.3875599460207,"Exp2","mixed","IP",0,1.4617760279796,0.195374621400675,1.46227992331194,0.930277157834543,0,0.213005092110446,0.930277157834543,0.0697228421654572,0.930277157834543,0.930277157834543,"all","log"
"8486",15,1.60005476290647,1.11626818694276,"Exp2","mixed","IP",0,1.4617760279796,0.195374621400675,1.46129559409468,0.930277157834543,0,0.209421568493441,0.930277157834543,0.0697228421654572,0.930277157834543,0.930277157834543,"all","log"
"8487",15,0.4912,1.04322175176094,"Exp2","mixed","IP",0,0.639844402486037,0.0949927183241537,0.639964988335617,0.960424173441538,0,0.941356160826575,0.960424173441538,0.0395758265584625,0.960424173441538,0.960424173441538,"all","log"
"8488",15,1.31,1.16853542390163,"Exp2","mixed","IP",0,1.44163208743613,0.193730983147588,1.44304790310117,0.930277157834543,0,0.223149272373783,0.930277157834543,0.0697228421654572,0.930277157834543,0.930277157834543,"all","log"
"8489",15,1.76834346805288,1.32484364156426,"Exp2","mixed","IP",0,1.47202883626356,0.196292561851948,1.47322556470832,0.930277157834543,0,0.209680155668091,0.930277157834543,0.0697228421654572,0.930277157834543,0.930277157834543,"all","log"
"8490",15,1.44778166151097,1.3348520766358,"Exp2","mixed","IP",0,1.45164439119921,0.194519231303001,1.45219386955785,0.930277157834543,0,0.217818868276652,0.930277157834543,0.0697228421654572,0.930277157834543,0.930277157834543,"all","log"
"8491",15,1.44778166151097,1.41902306467182,"Exp2","mixed","IP",0,1.45164439119921,0.194519231303001,1.45092050937819,0.930277157834543,0,0.220420593241979,0.930277157834543,0.0697228421654572,0.930277157834543,0.930277157834543,"all","log"
"8492",15,0.663061306494331,0.730608337052217,"Exp2","mixed","IP",0,0.647468309506608,0.0884296824998774,0.648080627189603,0.960424173441538,0,1.0115221382542,0.960424173441538,0.0395758265584625,0.960424173441538,0.960424173441538,"all","log"
"8493",15,0.7328,0.793256677638965,"Exp2","mixed","IP",0,0.650050367416246,0.0865625858709175,0.650088982494027,0.960424173441538,0,1.0261878832383,0.960424173441538,0.0395758265584625,0.960424173441538,0.960424173441538,"all","log"
"8494",15,0.7328,0.814087226341144,"Exp2","mixed","IP",0,0.650050367416246,0.0865625858709175,0.650146244607578,0.960424173441538,0,1.03040772816683,0.960424173441538,0.0395758265584625,0.960424173441538,0.960424173441538,"all","log"
"8495",15,1.31,1.17904414857458,"Exp2","mixed","IP",0,1.44163208743613,0.193730983147588,1.44165649621019,0.930277157834543,0,0.225478029386431,0.930277157834543,0.0697228421654572,0.930277157834543,0.930277157834543,"all","log"
"8496",15,1.954332247557,1.52315504144644,"Exp2","mixed","IP",0,1.48240468753176,0.197268888603743,1.48373188633597,0.930277157834543,0,0.209062514531918,0.930277157834543,0.0697228421654572,0.930277157834543,0.930277157834543,"all","log"
"8497",15,0.599959465297448,0.782458351362038,"Exp2","mixed","IP",0,0.644906774594435,0.0904511648641104,0.64509899601031,0.960424173441538,0,0.990891608891006,0.960424173441538,0.0395758265584625,0.960424173441538,0.960424173441538,"all","log"
"8498",15,0.663061306494331,0.907780707775601,"Exp2","mixed","IP",0,0.647468309506608,0.0884296824998774,0.647798546682506,0.960424173441538,0,1.01031184933626,0.960424173441538,0.0395758265584625,0.960424173441538,0.960424173441538,"all","log"
"8499",15,0.4912,0.657410493470707,"Exp2","mixed","IP",0,0.639844402486037,0.0949927183241537,0.640657226079101,0.960424173441538,0,0.94423777837213,0.960424173441538,0.0395758265584625,0.960424173441538,0.960424173441538,"all","log"
"8500",15,1.76834346805288,1.32490594177943,"Exp2","mixed","IP",0,1.47202883626356,0.196292561851948,1.47269813834643,0.930277157834543,0,0.200530805722566,0.930277157834543,0.0697228421654572,0.930277157834543,0.930277157834543,"all","log"
"8501",15,0.7328,1.03296600371687,"Exp2","mixed","IP",0,0.650050367416246,0.0865625858709175,0.649340338786144,0.960424173441538,0,1.03693599094666,0.960424173441538,0.0395758265584625,0.960424173441538,0.960424173441538,"all","log"
"8502",15,1.31,1.12677464615354,"Exp2","mixed","IP",0,1.44163208743613,0.193730983147588,1.4407828964654,0.930277157834543,0,0.223882519505066,0.930277157834543,0.0697228421654572,0.930277157834543,0.930277157834543,"all","log"
"8503",15,1.954332247557,1.11624930809012,"Exp2","mixed","IP",0,1.48240468753176,0.197268888603743,1.48276478946435,0.930277157834543,0,0.205925537856014,0.930277157834543,0.0697228421654572,0.930277157834543,0.930277157834543,"all","log"
"8504",15,0.599959465297448,0.855831013122042,"Exp2","mixed","IP",0,0.644906774594435,0.0904511648641104,0.645198122019718,0.960424173441538,0,0.987548853227607,0.960424173441538,0.0395758265584625,0.960424173441538,0.960424173441538,"all","log"
"8505",15,1.954332247557,1.0091567496047,"Exp2","mixed","IP",0,1.48240468753176,0.197268888603743,1.48234793202764,0.930277157834543,0,0.204502266887603,0.930277157834543,0.0697228421654572,0.930277157834543,0.930277157834543,"all","log"
"8506",15,1.31,1.21035963459599,"Exp2","mixed","IP",0,1.44163208743613,0.193730983147588,1.44210705771608,0.930277157834543,0,0.219343586167568,0.930277157834543,0.0697228421654572,0.930277157834543,0.930277157834543,"all","log"
"8507",15,1.60005476290647,1.25198939310576,"Exp2","mixed","IP",0,1.4617760279796,0.195374621400675,1.46168288339463,0.930277157834543,0,0.215500422954952,0.930277157834543,0.0697228421654572,0.930277157834543,0.930277157834543,"all","log"
"8508",15,0.542862864224572,0.668009836636884,"Exp2","mixed","IP",0,0.64236554416855,0.0926358009124481,0.642431421061232,0.960424173441538,0,0.968300308541436,0.960424173441538,0.0395758265584625,0.960424173441538,0.960424173441538,"all","log"
"8509",15,1.76834346805288,1.08336121362299,"Exp2","mixed","IP",0,1.47202883626356,0.196292561851948,1.47152919905456,0.930277157834543,0,0.210871899306376,0.930277157834543,0.0697228421654572,0.930277157834543,0.930277157834543,"all","log"
"8510",15,0.4912,0.730539240450526,"Exp2","mixed","IP",0,0.639844402486037,0.0949927183241537,0.640296297173299,0.960424173441538,0,0.945444359153744,0.960424173441538,0.0395758265584625,0.960424173441538,0.960424173441538,"all","log"
"8511",15,0.7328,0.709840843717757,"Exp2","mixed","IP",0,0.650050367416246,0.0865625858709175,0.650656910200347,0.960424173441538,0,1.02806374255495,0.960424173441538,0.0395758265584625,0.960424173441538,0.960424173441538,"all","log"
"8512",15,1.954332247557,1.47108905305868,"Exp2","mixed","IP",0,1.48240468753176,0.197268888603743,1.48146815280257,0.930277157834543,0,0.205335410124853,0.930277157834543,0.0697228421654572,0.930277157834543,0.930277157834543,"all","log"
"8513",15,0.542862864224572,0.907888694813664,"Exp2","mixed","IP",0,0.64236554416855,0.0926358009124481,0.64236842515312,0.960424173441538,0,0.965042760016085,0.960424173441538,0.0395758265584625,0.960424173441538,0.960424173441538,"all","log"
"8514",15,0.542862864224572,0.876425576163456,"Exp2","mixed","IP",0,0.64236554416855,0.0926358009124481,0.642415571404781,0.960424173441538,0,0.969435018773316,0.960424173441538,0.0395758265584625,0.960424173441538,0.960424173441538,"all","log"
"8515",15,0.663061306494331,1.05392757165828,"Exp2","mixed","IP",0,0.647468309506608,0.0884296824998774,0.647502241805014,0.960424173441538,0,1.01519411765406,0.960424173441538,0.0395758265584625,0.960424173441538,0.960424173441538,"all","log"
"8516",15,0.7328,0.90772897971874,"Exp2","mixed","IP",0,0.650050367416246,0.0865625858709175,0.649889863981065,0.960424173441538,0,1.03280406609441,0.960424173441538,0.0395758265584625,0.960424173441538,0.960424173441538,"all","log"
"8517",15,0.599959465297448,0.939136594542106,"Exp2","mixed","IP",0,0.644906774594435,0.0904511648641104,0.644783034270355,0.960424173441538,0,0.990462912207989,0.960424173441538,0.0395758265584625,0.960424173441538,0.960424173441538,"all","log"
"8518",15,1.76834346805288,1.02275292188006,"Exp2","mixed","IP",0,1.47202883626356,0.196292561851948,1.47165154867466,0.930277157834543,0,0.210235001249779,0.930277157834543,0.0697228421654572,0.930277157834543,0.930277157834543,"all","log"
"8519",15,1.44778166151097,1.07291101339433,"Exp2","mixed","IP",0,1.45164439119921,0.194519231303001,1.45148831360418,0.930277157834543,0,0.219327232893361,0.930277157834543,0.0697228421654572,0.930277157834543,0.930277157834543,"all","log"
"8520",15,0.7328,0.887023786599457,"Exp2","mixed","IP",0,0.650050367416246,0.0865625858709175,0.649816971689261,0.960424173441538,0,1.0284592266036,0.960424173441538,0.0395758265584625,0.960424173441538,0.960424173441538,"all","log"
"8521",15,0.542862864224572,0.907907196089582,"Exp2","mixed","IP",0,0.64236554416855,0.0926358009124481,0.641599841888852,0.960424173441538,0,0.963585489943812,0.960424173441538,0.0395758265584625,0.960424173441538,0.960424173441538,"all","log"
"8522",15,0.7328,0.980897749867836,"Exp2","mixed","IP",0,0.650050367416246,0.0865625858709175,0.649294357381567,0.960424173441538,0,1.02864115974063,0.960424173441538,0.0395758265584625,0.960424173441538,0.960424173441538,"all","log"
"8523",15,0.542862864224572,0.667826334187339,"Exp2","mixed","IP",0,0.64236554416855,0.0926358009124481,0.641646298657627,0.960424173441538,0,0.969514146706648,0.960424173441538,0.0395758265584625,0.960424173441538,0.960424173441538,"all","log"
"8524",15,0.4912,0.772237340407628,"Exp2","mixed","IP",0,0.639844402486037,0.0949927183241537,0.639564159140227,0.960424173441538,0,0.94154905118598,0.960424173441538,0.0395758265584625,0.960424173441538,0.960424173441538,"all","log"
"8525",15,0.4912,0.90788982754475,"Exp2","mixed","IP",0,0.639844402486037,0.0949927183241537,0.639779591120351,0.960424173441538,0,0.942985630373247,0.960424173441538,0.0395758265584625,0.960424173441538,0.960424173441538,"all","log"
"8526",15,1.76834346805288,1.1788772595155,"Exp2","mixed","IP",0,1.47202883626356,0.196292561851948,1.47237992105412,0.930277157834543,0,0.214078822469729,0.930277157834543,0.0697228421654572,0.930277157834543,0.930277157834543,"all","log"
"8527",15,1.31,1.09549729541504,"Exp2","mixed","IP",0,1.44163208743613,0.193730983147588,1.44295053364823,0.930277157834543,0,0.230155105301513,0.930277157834543,0.0697228421654572,0.930277157834543,0.930277157834543,"all","log"
"8528",15,0.663061306494331,1.0121762333365,"Exp2","mixed","IP",0,0.647468309506608,0.0884296824998774,0.64701747834095,0.960424173441538,0,1.01380685016312,0.960424173441538,0.0395758265584625,0.960424173441538,0.960424173441538,"all","log"
"8529",15,1.954332247557,0.959985266943477,"Exp2","mixed","IP",0,1.48240468753176,0.197268888603743,1.48249643290399,0.930277157834543,0,0.209818181324474,0.930277157834543,0.0697228421654572,0.930277157834543,0.930277157834543,"all","log"
"8530",15,1.954332247557,1.27279162352806,"Exp2","mixed","IP",0,1.48240468753176,0.197268888603743,1.48176033068004,0.930277157834543,0,0.207114760696604,0.930277157834543,0.0697228421654572,0.930277157834543,0.930277157834543,"all","log"
"8531",15,0.4912,0.605449093927746,"Exp2","mixed","IP",0,0.639844402486037,0.0949927183241537,0.6393536117247,0.960424173441538,0,0.943119776773755,0.960424173441538,0.0395758265584625,0.960424173441538,0.960424173441538,"all","log"
"8532",15,1.31,1.12686262160787,"Exp2","mixed","IP",0,1.44163208743613,0.193730983147588,1.4401495087411,0.930277157834543,0,0.226204912876575,0.930277157834543,0.0697228421654572,0.930277157834543,0.930277157834543,"all","log"
"8533",15,0.599959465297448,0.824377333898155,"Exp2","mixed","IP",0,0.644906774594435,0.0904511648641104,0.644703003208263,0.960424173441538,0,0.989937329648684,0.960424173441538,0.0395758265584625,0.960424173441538,0.960424173441538,"all","log"
"8534",15,1.44778166151097,1.38787748832692,"Exp2","mixed","IP",0,1.45164439119921,0.194519231303001,1.4526462715479,0.930277157834543,0,0.216907998488448,0.930277157834543,0.0697228421654572,0.930277157834543,0.930277157834543,"all","log"
"8535",15,1.76834346805288,1.3354660169316,"Exp2","mixed","IP",0,1.47202883626356,0.196292561851948,1.47165574627438,0.930277157834543,0,0.215275326671245,0.930277157834543,0.0697228421654572,0.930277157834543,0.930277157834543,"all","log"
"8536",15,0.663061306494331,0.730693669467655,"Exp2","mixed","IP",0,0.647468309506608,0.0884296824998774,0.647348569387663,0.960424173441538,0,1.00798168357901,0.960424173441538,0.0395758265584625,0.960424173441538,0.960424173441538,"all","log"
"8537",15,1.31,0.989354720807569,"Exp2","mixed","IP",0,1.44163208743613,0.193730983147588,1.44241528623125,0.930277157834543,0,0.229475736115115,0.930277157834543,0.0697228421654572,0.930277157834543,0.930277157834543,"all","log"
"8538",15,1.60005476290647,1.23097647468421,"Exp2","mixed","IP",0,1.4617760279796,0.195374621400675,1.46275527146327,0.930277157834543,0,0.21379190139943,0.930277157834543,0.0697228421654572,0.930277157834543,0.930277157834543,"all","log"
"8539",15,1.954332247557,1.31457732136187,"Exp2","mixed","IP",0,1.48240468753176,0.197268888603743,1.48206211685667,0.930277157834543,0,0.2063567951897,0.930277157834543,0.0697228421654572,0.930277157834543,0.930277157834543,"all","log"
"8540",15,1.60005476290647,1.43979886470061,"Exp2","mixed","IP",0,1.4617760279796,0.195374621400675,1.46279391722274,0.930277157834543,0,0.217978084810589,0.930277157834543,0.0697228421654572,0.930277157834543,0.930277157834543,"all","log"
"8541",15,1.44778166151097,1.3664703794575,"Exp2","mixed","IP",0,1.45164439119921,0.194519231303001,1.45152825629137,0.930277157834543,0,0.218934021553912,0.930277157834543,0.0697228421654572,0.930277157834543,0.930277157834543,"all","log"
"8542",15,0.599959465297448,0.970267445381069,"Exp2","mixed","IP",0,0.644906774594435,0.0904511648641104,0.644591863718402,0.960424173441538,0,0.990708149564751,0.960424173441538,0.0395758265584625,0.960424173441538,0.960424173441538,"all","log"
"8543",15,1.60005476290647,0.991369849565672,"Exp2","mixed","IP",0,1.4617760279796,0.195374621400675,1.46079630854043,0.930277157834543,0,0.213704498180819,0.930277157834543,0.0697228421654572,0.930277157834543,0.930277157834543,"all","log"
"8544",15,0.663061306494331,0.991240340635159,"Exp2","mixed","IP",0,0.647468309506608,0.0884296824998774,0.647596555470388,0.960424173441538,0,1.0071475572119,0.960424173441538,0.0395758265584625,0.960424173441538,0.960424173441538,"all","log"
"8545",15,1.44778166151097,1.01210260581047,"Exp2","mixed","IP",0,1.45164439119921,0.194519231303001,1.45023322253505,0.930277157834543,0,0.222374249798913,0.930277157834543,0.0697228421654572,0.930277157834543,0.930277157834543,"all","log"
"8546",15,1.76834346805288,1.19967722447564,"Exp2","mixed","IP",0,1.47202883626356,0.196292561851948,1.47289604082458,0.930277157834543,0,0.210367602028685,0.930277157834543,0.0697228421654572,0.930277157834543,0.930277157834543,"all","log"
"8547",15,0.4912,0.699241122974854,"Exp2","mixed","IP",0,0.639844402486037,0.0949927183241537,0.6392532994915,0.960424173441538,0,0.943281925816248,0.960424173441538,0.0395758265584625,0.960424173441538,0.960424173441538,"all","log"
"8548",15,1.31,1.22011811365428,"Exp2","mixed","IP",0,1.44163208743613,0.193730983147588,1.44125849824146,0.930277157834543,0,0.222459879608122,0.930277157834543,0.0697228421654572,0.930277157834543,0.930277157834543,"all","log"
"8549",15,0.599959465297448,0.615818492667131,"Exp2","mixed","IP",0,0.644906774594435,0.0904511648641104,0.644422626918436,0.960424173441538,0,0.98484866265935,0.960424173441538,0.0395758265584625,0.960424173441538,0.960424173441538,"all","log"
"8550",15,0.4912,0.782603718529572,"Exp2","mixed","IP",0,0.639844402486037,0.0949927183241537,0.639202901193552,0.960424173441538,0,0.941041597280231,0.960424173441538,0.0395758265584625,0.960424173441538,0.960424173441538,"all","log"
"8551",15,0.7328,0.845330595144333,"Exp2","mixed","IP",0,0.650050367416246,0.0865625858709175,0.649653627616007,0.960424173441538,0,1.03173391069395,0.960424173441538,0.0395758265584625,0.960424173441538,0.960424173441538,"all","log"
"8552",15,0.542862864224572,1.095589424217,"Exp2","mixed","IP",0,0.64236554416855,0.0926358009124481,0.642029576234899,0.960424173441538,0,0.964585251518859,0.960424173441538,0.0395758265584625,0.960424173441538,0.960424173441538,"all","log"
"8553",15,1.76834346805288,1.31467360351144,"Exp2","mixed","IP",0,1.47202883626356,0.196292561851948,1.4732116084823,0.930277157834543,0,0.208569172915891,0.930277157834543,0.0697228421654572,0.930277157834543,0.930277157834543,"all","log"
"8554",15,1.76834346805288,1.22879596717485,"Exp2","mixed","IP",0,1.47202883626356,0.196292561851948,1.47226411901054,0.930277157834543,0,0.209715943881861,0.930277157834543,0.0697228421654572,0.930277157834543,0.930277157834543,"all","log"
"8555",15,1.954332247557,1.39806149673041,"Exp2","mixed","IP",0,1.48240468753176,0.197268888603743,1.48270204490261,0.930277157834543,0,0.202997509987976,0.930277157834543,0.0697228421654572,0.930277157834543,0.930277157834543,"all","log"
"8556",15,1.60005476290647,1.19977954785918,"Exp2","mixed","IP",0,1.4617760279796,0.195374621400675,1.45907613676045,0.930277157834543,0,0.213586641302977,0.930277157834543,0.0697228421654572,0.930277157834543,0.930277157834543,"all","log"
"8557",15,0.7328,0.939123379344892,"Exp2","mixed","IP",0,0.650050367416246,0.0865625858709175,0.650737610753846,0.960424173441538,0,1.02809734424703,0.960424173441538,0.0395758265584625,0.960424173441538,0.960424173441538,"all","log"
"8558",15,0.663061306494331,0.907893980892368,"Exp2","mixed","IP",0,0.647468309506608,0.0884296824998774,0.648105236803477,0.960424173441538,0,1.01691782754032,0.960424173441538,0.0395758265584625,0.960424173441538,0.960424173441538,"all","log"
"8559",15,0.663061306494331,0.894705969417373,"Exp2","mixed","IP",0,0.647468309506608,0.0884296824998774,0.647453830069997,0.960424173441538,0,1.01212430274794,0.960424173441538,0.0395758265584625,0.960424173441538,0.960424173441538,"all","log"
"8560",15,0.7328,0.803592849596498,"Exp2","mixed","IP",0,0.650050367416246,0.0865625858709175,0.650189521168571,0.960424173441538,0,1.03302715917497,0.960424173441538,0.0395758265584625,0.960424173441538,0.960424173441538,"all","log"
"8561",15,0.542862864224572,0.761880401712006,"Exp2","mixed","IP",0,0.64236554416855,0.0926358009124481,0.642188117398701,0.960424173441538,0,0.971588292869201,0.960424173441538,0.0395758265584625,0.960424173441538,0.960424173441538,"all","log"
"8562",15,0.599959465297448,0.793059582414571,"Exp2","mixed","IP",0,0.644906774594435,0.0904511648641104,0.644258515939987,0.960424173441538,0,0.987592524737253,0.960424173441538,0.0395758265584625,0.960424173441538,0.960424173441538,"all","log"
"8563",15,1.76834346805288,1.35627353343352,"Exp2","mixed","IP",0,1.47202883626356,0.196292561851948,1.47178620507287,0.930277157834543,0,0.215147733044534,0.930277157834543,0.0697228421654572,0.930277157834543,0.930277157834543,"all","log"
"8564",15,1.60005476290647,1.10599846854711,"Exp2","mixed","IP",0,1.4617760279796,0.195374621400675,1.46019286063819,0.930277157834543,0,0.218577915477529,0.930277157834543,0.0697228421654572,0.930277157834543,0.930277157834543,"all","log"
"8565",15,1.60005476290647,1.19985317538521,"Exp2","mixed","IP",0,1.4617760279796,0.195374621400675,1.4620966136633,0.930277157834543,0,0.219601953524018,0.930277157834543,0.0697228421654572,0.930277157834543,0.930277157834543,"all","log"
"8566",15,0.4912,1.17890180202357,"Exp2","mixed","IP",0,0.639844402486037,0.0949927183241537,0.639536663153711,0.960424173441538,0,0.941838132814732,0.960424173441538,0.0395758265584625,0.960424173441538,0.960424173441538,"all","log"
"8567",15,1.60005476290647,1.11649964167918,"Exp2","mixed","IP",0,1.4617760279796,0.195374621400675,1.46230291454759,0.930277157834543,0,0.21334357344212,0.930277157834543,0.0697228421654572,0.930277157834543,0.930277157834543,"all","log"
"8568",15,1.44778166151097,1.25191878619535,"Exp2","mixed","IP",0,1.45164439119921,0.194519231303001,1.45114270796894,0.930277157834543,0,0.21977617865723,0.930277157834543,0.0697228421654572,0.930277157834543,0.930277157834543,"all","log"
"8569",15,1.954332247557,1.10320402074194,"Exp2","mixed","IP",0,1.48240468753176,0.197268888603743,1.48098256616563,0.930277157834543,0,0.203562299385192,0.930277157834543,0.0697228421654572,0.930277157834543,0.930277157834543,"all","log"
"8570",15,1.44778166151097,1.04314925696599,"Exp2","mixed","IP",0,1.45164439119921,0.194519231303001,1.45415171148864,0.930277157834543,0,0.216697436213079,0.930277157834543,0.0697228421654572,0.930277157834543,0.930277157834543,"all","log"
"8571",15,0.663061306494331,0.97043131382361,"Exp2","mixed","IP",0,0.647468309506608,0.0884296824998774,0.647163744783113,0.960424173441538,0,1.009505016097,0.960424173441538,0.0395758265584625,0.960424173441538,0.960424173441538,"all","log"
"8572",15,1.31,1.0642935722035,"Exp2","mixed","IP",0,1.44163208743613,0.193730983147588,1.44122422617994,0.930277157834543,0,0.220049776161059,0.930277157834543,0.0697228421654572,0.930277157834543,0.930277157834543,"all","log"
"8573",15,1.31,1.02266419127136,"Exp2","mixed","IP",0,1.44163208743613,0.193730983147588,1.44290564910801,0.930277157834543,0,0.228497625079328,0.930277157834543,0.0697228421654572,0.930277157834543,0.930277157834543,"all","log"
"8574",15,0.7328,1.00170224575231,"Exp2","mixed","IP",0,0.650050367416246,0.0865625858709175,0.650078208436384,0.960424173441538,0,1.03338022207512,0.960424173441538,0.0395758265584625,0.960424173441538,0.960424173441538,"all","log"
"8575",15,1.954332247557,1.2520188441149,"Exp2","mixed","IP",0,1.48240468753176,0.197268888603743,1.48169444750941,0.930277157834543,0,0.205166804252277,0.930277157834543,0.0697228421654572,0.930277157834543,0.930277157834543,"all","log"
"8576",15,0.542862864224572,0.782539908006584,"Exp2","mixed","IP",0,0.64236554416855,0.0926358009124481,0.643197802177221,0.960424173441538,0,0.968710786430565,0.960424173441538,0.0395758265584625,0.960424173441538,0.960424173441538,"all","log"
"8577",15,1.44778166151097,1.00158028836358,"Exp2","mixed","IP",0,1.45164439119921,0.194519231303001,1.45055568024674,0.930277157834543,0,0.223011251649663,0.930277157834543,0.0697228421654572,0.930277157834543,0.930277157834543,"all","log"
"8578",15,0.4912,0.584574368709582,"Exp2","mixed","IP",0,0.639844402486037,0.0949927183241537,0.639564473763595,0.960424173441538,0,0.941657780013711,0.960424173441538,0.0395758265584625,0.960424173441538,0.960424173441538,"all","log"
"8579",15,1.31,1.16855468033191,"Exp2","mixed","IP",0,1.44163208743613,0.193730983147588,1.44023370611861,0.930277157834543,0,0.225403336986845,0.930277157834543,0.0697228421654572,0.930277157834543,0.930277157834543,"all","log"
"8580",15,0.599959465297448,0.647265753081228,"Exp2","mixed","IP",0,0.644906774594435,0.0904511648641104,0.644931327151489,0.960424173441538,0,0.989393435889493,0.960424173441538,0.0395758265584625,0.960424173441538,0.960424173441538,"all","log"
"8581",15,1.76834346805288,1.06433925902729,"Exp2","mixed","IP",0,1.47202883626356,0.196292561851948,1.47106083049275,0.930277157834543,0,0.210059023072554,0.930277157834543,0.0697228421654572,0.930277157834543,0.930277157834543,"all","log"
"8582",15,0.599959465297448,0.803467494012693,"Exp2","mixed","IP",0,0.644906774594435,0.0904511648641104,0.644719850796464,0.960424173441538,0,0.989575861997074,0.960424173441538,0.0395758265584625,0.960424173441538,0.960424173441538,"all","log"
"8583",15,0.542862864224572,1.01002140106721,"Exp2","mixed","IP",0,0.64236554416855,0.0926358009124481,0.642038417338998,0.960424173441538,0,0.959986383449543,0.960424173441538,0.0395758265584625,0.960424173441538,0.960424173441538,"all","log"
"8584",15,0.4912,0.521832011436345,"Exp2","mixed","IP",0,0.639844402486037,0.0949927183241537,0.640027241778801,0.960424173441538,0,0.935927072280061,0.960424173441538,0.0395758265584625,0.960424173441538,0.960424173441538,"all","log"
"8585",15,1.31,1.01208825788126,"Exp2","mixed","IP",0,1.44163208743613,0.193730983147588,1.44033436156906,0.930277157834543,0,0.227861095496625,0.930277157834543,0.0697228421654572,0.930277157834543,0.930277157834543,"all","log"
"8586",15,1.31,1.15481125300448,"Exp2","mixed","IP",0,1.44163208743613,0.193730983147588,1.4407543495225,0.930277157834543,0,0.22545646170497,0.930277157834543,0.0697228421654572,0.930277157834543,0.930277157834543,"all","log"
"8587",15,0.542862864224572,1.05377691841204,"Exp2","mixed","IP",0,0.64236554416855,0.0926358009124481,0.642007849558487,0.960424173441538,0,0.9677533774373,0.960424173441538,0.0395758265584625,0.960424173441538,0.960424173441538,"all","log"
"8588",15,1.31,1.12673311267736,"Exp2","mixed","IP",0,1.44163208743613,0.193730983147588,1.44248663230644,0.930277157834543,0,0.225411322407383,0.930277157834543,0.0697228421654572,0.930277157834543,0.930277157834543,"all","log"
"8589",15,1.76834346805288,1.0015179881475,"Exp2","mixed","IP",0,1.47202883626356,0.196292561851948,1.47168427980227,0.930277157834543,0,0.209315074460965,0.930277157834543,0.0697228421654572,0.930277157834543,0.930277157834543,"all","log"
"8590",15,0.7328,0.936140520587287,"Exp2","mixed","IP",0,0.650050367416246,0.0865625858709175,0.649778051473699,0.960424173441538,0,1.02960909620043,0.960424173441538,0.0395758265584625,0.960424173441538,0.960424173441538,"all","log"
"8591",15,0.4912,0.866135091029719,"Exp2","mixed","IP",0,0.639844402486037,0.0949927183241537,0.639519397610099,0.960424173441538,0,0.944207738628926,0.960424173441538,0.0395758265584625,0.960424173441538,0.960424173441538,"all","log"
"8592",15,0.4912,0.793086390385724,"Exp2","mixed","IP",0,0.639844402486037,0.0949927183241537,0.639656079241204,0.960424173441538,0,0.940077176120381,0.960424173441538,0.0395758265584625,0.960424173441538,0.960424173441538,"all","log"
"8593",15,0.7328,0.813828586055934,"Exp2","mixed","IP",0,0.650050367416246,0.0865625858709175,0.64982946143044,0.960424173441538,0,1.03222442614292,0.960424173441538,0.0395758265584625,0.960424173441538,0.960424173441538,"all","log"
"8594",15,0.599959465297448,0.824235364923879,"Exp2","mixed","IP",0,0.644906774594435,0.0904511648641104,0.645704120924078,0.960424173441538,0,0.984156665714709,0.960424173441538,0.0395758265584625,0.960424173441538,0.960424173441538,"all","log"
"8595",15,0.542862864224572,0.939081468291988,"Exp2","mixed","IP",0,0.64236554416855,0.0926358009124481,0.641111516661303,0.960424173441538,0,0.966975038070007,0.960424173441538,0.0395758265584625,0.960424173441538,0.960424173441538,"all","log"
"8596",15,1.76834346805288,1.29368485002215,"Exp2","mixed","IP",0,1.47202883626356,0.196292561851948,1.47303184183801,0.930277157834543,0,0.210115071860188,0.930277157834543,0.0697228421654572,0.930277157834543,0.930277157834543,"all","log"
"8597",15,1.44778166151097,1.11629763795372,"Exp2","mixed","IP",0,1.45164439119921,0.194519231303001,1.45118722917513,0.930277157834543,0,0.222723204506317,0.930277157834543,0.0697228421654572,0.930277157834543,0.930277157834543,"all","log"
"8598",15,1.60005476290647,1.09552787915709,"Exp2","mixed","IP",0,1.4617760279796,0.195374621400675,1.46146863600287,0.930277157834543,0,0.214105417882717,0.930277157834543,0.0697228421654572,0.930277157834543,0.930277157834543,"all","log"
"8599",15,0.663061306494331,0.845037972924729,"Exp2","mixed","IP",0,0.647468309506608,0.0884296824998774,0.647541367590088,0.960424173441538,0,1.00831135189329,0.960424173441538,0.0395758265584625,0.960424173441538,0.960424173441538,"all","log"
"8600",15,1.954332247557,1.22075999465324,"Exp2","mixed","IP",0,1.48240468753176,0.197268888603743,1.48227981305912,0.930277157834543,0,0.207672511680272,0.930277157834543,0.0697228421654572,0.930277157834543,0.930277157834543,"all","log"
"8601",15,1.954332247557,1.14766183141455,"Exp2","mixed","IP",0,1.48240468753176,0.197268888603743,1.48418464227042,0.930277157834543,0,0.21139832487861,0.930277157834543,0.0697228421654572,0.930277157834543,0.930277157834543,"all","log"
"8602",15,0.542862864224572,1.04334106611077,"Exp2","mixed","IP",0,0.64236554416855,0.0926358009124481,0.64232776685471,0.960424173441538,0,0.968185775381819,0.960424173441538,0.0395758265584625,0.960424173441538,0.960424173441538,"all","log"
"8603",15,0.7328,0.824414336449081,"Exp2","mixed","IP",0,0.650050367416246,0.0865625858709175,0.650194434744715,0.960424173441538,0,1.02790455904685,0.960424173441538,0.0395758265584625,0.960424173441538,0.960424173441538,"all","log"
"8604",15,1.954332247557,1.10603849171457,"Exp2","mixed","IP",0,1.48240468753176,0.197268888603743,1.48215556451913,0.930277157834543,0,0.206122650486495,0.930277157834543,0.0697228421654572,0.930277157834543,0.930277157834543,"all","log"
"8605",15,1.44778166151097,0.991373247758929,"Exp2","mixed","IP",0,1.45164439119921,0.194519231303001,1.45119326301395,0.930277157834543,0,0.218704021019847,0.930277157834543,0.0697228421654572,0.930277157834543,0.930277157834543,"all","log"
"8606",15,1.60005476290647,1.01955597693086,"Exp2","mixed","IP",0,1.4617760279796,0.195374621400675,1.46180302690275,0.930277157834543,0,0.216963584784737,0.930277157834543,0.0697228421654572,0.930277157834543,0.930277157834543,"all","log"
"8607",15,0.4912,0.749264041902279,"Exp2","mixed","IP",0,0.639844402486037,0.0949927183241537,0.639492491709142,0.960424173441538,0,0.946087681747215,0.960424173441538,0.0395758265584625,0.960424173441538,0.960424173441538,"all","log"
"8608",15,1.954332247557,1.12355391384972,"Exp2","mixed","IP",0,1.48240468753176,0.197268888603743,1.48256964589298,0.930277157834543,0,0.212022062668192,0.930277157834543,0.0697228421654572,0.930277157834543,0.930277157834543,"all","log"
"8609",15,0.599959465297448,0.873849745475127,"Exp2","mixed","IP",0,0.644906774594435,0.0904511648641104,0.645395360087764,0.960424173441538,0,0.993695841814936,0.960424173441538,0.0395758265584625,0.960424173441538,0.960424173441538,"all","log"
"8610",15,1.44778166151097,0.936260590092388,"Exp2","mixed","IP",0,1.45164439119921,0.194519231303001,1.45171481215554,0.930277157834543,0,0.222464831895515,0.930277157834543,0.0697228421654572,0.930277157834543,0.930277157834543,"all","log"
"8611",15,1.44778166151097,1.05374293647674,"Exp2","mixed","IP",0,1.45164439119921,0.194519231303001,1.45283506832327,0.930277157834543,0,0.216288886111315,0.930277157834543,0.0697228421654572,0.930277157834543,0.930277157834543,"all","log"
"8612",15,0.599959465297448,1.03321898034483,"Exp2","mixed","IP",0,0.644906774594435,0.0904511648641104,0.645219780853325,0.960424173441538,0,0.987035051543311,0.960424173441538,0.0395758265584625,0.960424173441538,0.960424173441538,"all","log"
"8613",15,0.663061306494331,0.834810165581985,"Exp2","mixed","IP",0,0.647468309506608,0.0884296824998774,0.647450260799996,0.960424173441538,0,1.01045635392971,0.960424173441538,0.0395758265584625,0.960424173441538,0.960424173441538,"all","log"
"8614",15,1.76834346805288,1.24166077268819,"Exp2","mixed","IP",0,1.47202883626356,0.196292561851948,1.47007452522016,0.930277157834543,0,0.21053345106594,0.930277157834543,0.0697228421654572,0.930277157834543,0.930277157834543,"all","log"
"8615",15,1.60005476290647,1.25171074123591,"Exp2","mixed","IP",0,1.4617760279796,0.195374621400675,1.4616368381555,0.930277157834543,0,0.221794367118592,0.930277157834543,0.0697228421654572,0.930277157834543,0.930277157834543,"all","log"
"8616",15,1.60005476290647,1.04362085071079,"Exp2","mixed","IP",0,1.4617760279796,0.195374621400675,1.46206552143049,0.930277157834543,0,0.207636213666512,0.930277157834543,0.0697228421654572,0.930277157834543,0.930277157834543,"all","log"
"8617",15,0.599959465297448,0.793136985711499,"Exp2","mixed","IP",0,0.644906774594435,0.0904511648641104,0.644835573382668,0.960424173441538,0,0.987013273553777,0.960424173441538,0.0395758265584625,0.960424173441538,0.960424173441538,"all","log"
"8618",15,0.663061306494331,0.751613326356164,"Exp2","mixed","IP",0,0.647468309506608,0.0884296824998774,0.6470320223074,0.960424173441538,0,1.01312120759614,0.960424173441538,0.0395758265584625,0.960424173441538,0.960424173441538,"all","log"
"8619",15,0.663061306494331,0.729529221821394,"Exp2","mixed","IP",0,0.647468309506608,0.0884296824998774,0.647017768777706,0.960424173441538,0,1.01091376582768,0.960424173441538,0.0395758265584625,0.960424173441538,0.960424173441538,"all","log"
"8620",15,0.542862864224572,0.655495422633066,"Exp2","mixed","IP",0,0.64236554416855,0.0926358009124481,0.642908846081539,0.960424173441538,0,0.968443018071625,0.960424173441538,0.0395758265584625,0.960424173441538,0.960424173441538,"all","log"
"8621",16,1.60005476290647,1.59671342590809,"Exp2","mixed","IP",0,1.44760319419232,0.260538511868994,1.44723406259148,0.31845021066015,0,-0.0721259494493483,0.31845021066015,0.68154978933985,0.31845021066015,0.31845021066015,"all","log"
"8622",16,0.7328,0.949436351917939,"Exp2","mixed","IP",0,0.72154826921106,0.121803371339929,0.721621853811786,0.522357488854894,0,0.694082049229636,0.522357488854894,0.477642511145106,0.522357488854894,0.522357488854894,"all","log"
"8623",16,0.663061306494331,0.688684551818369,"Exp2","mixed","IP",0,0.687822528484781,0.118730795803023,0.688026323055318,0.522357488854894,0,0.711577982618406,0.522357488854894,0.477642511145106,0.522357488854894,0.522357488854894,"all","log"
"8624",16,1.60005476290647,1.26194411544475,"Exp2","mixed","IP",0,1.44760319419232,0.260538511868994,1.44804540117718,0.31845021066015,0,-0.0747588574055953,0.31845021066015,0.68154978933985,0.31845021066015,0.31845021066015,"all","log"
"8625",16,0.599959465297448,0.886679117254971,"Exp2","mixed","IP",0,0.655723031407514,0.116131222544417,0.655457331219643,0.522357488854894,0,0.738421342025992,0.522357488854894,0.477642511145106,0.522357488854894,0.522357488854894,"all","log"
"8626",16,0.542862864224572,0.532162792988856,"Exp2","mixed","IP",0,0.625169050818052,0.114008207174791,0.624197778843769,0.522357488854894,0,0.755028779502752,0.522357488854894,0.477642511145106,0.522357488854894,0.522357488854894,"all","log"
"8627",16,0.663061306494331,0.667200773388686,"Exp2","mixed","IP",0,0.687822528484781,0.118730795803023,0.689028165513468,0.522357488854894,0,0.714040471133775,0.522357488854894,0.477642511145106,0.522357488854894,0.522357488854894,"all","log"
"8628",16,0.4912,0.636356966294443,"Exp2","mixed","IP",0,0.596083978198117,0.112365179995434,0.596359679831666,0.522357488854894,0,0.771481688725171,0.522357488854894,0.477642511145106,0.522357488854894,0.522357488854894,"all","log"
"8629",16,1.31,1.16829172586404,"Exp2","mixed","IP",0,1.26320349143998,0.228890610048041,1.26382005514637,0.31845021066015,0,0.0577666586515417,0.31845021066015,0.68154978933985,0.31845021066015,0.31845021066015,"all","log"
"8630",16,0.663061306494331,0.812343703453735,"Exp2","mixed","IP",0,0.687822528484781,0.118730795803023,0.687861028112415,0.522357488854894,0,0.714906148233109,0.522357488854894,0.477642511145106,0.522357488854894,0.522357488854894,"all","log"
"8631",16,1.954332247557,0.95980483673884,"Exp2","mixed","IP",0,1.65925834624035,0.297365545644195,1.65872674463978,0.31845021066015,0,-0.201525169846248,0.31845021066015,0.68154978933985,0.31845021066015,0.31845021066015,"all","log"
"8632",16,1.60005476290647,0.918005442868889,"Exp2","mixed","IP",0,1.44760319419232,0.260538511868994,1.44754283526202,0.31845021066015,0,-0.0743382496953479,0.31845021066015,0.68154978933985,0.31845021066015,0.31845021066015,"all","log"
"8633",16,0.4912,0.511352577188518,"Exp2","mixed","IP",0,0.596083978198117,0.112365179995434,0.59571834518958,0.522357488854894,0,0.77618821566142,0.522357488854894,0.477642511145106,0.522357488854894,0.522357488854894,"all","log"
"8634",16,1.76834346805288,1.57492307076609,"Exp2","mixed","IP",0,1.549782591183,0.278267847993004,1.54909954366671,0.31845021066015,0,-0.143887496648507,0.31845021066015,0.68154978933985,0.31845021066015,0.31845021066015,"all","log"
"8635",16,1.60005476290647,1.16826756218325,"Exp2","mixed","IP",0,1.44760319419232,0.260538511868994,1.44646995087779,0.31845021066015,0,-0.071265206108808,0.31845021066015,0.68154978933985,0.31845021066015,0.31845021066015,"all","log"
"8636",16,1.44778166151097,1.29020467393548,"Exp2","mixed","IP",0,1.3522293344075,0.244102034023526,1.35483491159818,0.31845021066015,0,-0.00764701315391868,0.31845021066015,0.68154978933985,0.31845021066015,0.31845021066015,"all","log"
"8637",16,1.44778166151097,1.14746980578002,"Exp2","mixed","IP",0,1.3522293344075,0.244102034023526,1.35306590486721,0.31845021066015,0,-0.00622380906379545,0.31845021066015,0.68154978933985,0.31845021066015,0.31845021066015,"all","log"
"8638",16,1.954332247557,1.6793018697017,"Exp2","mixed","IP",0,1.65925834624035,0.297365545644195,1.66034722534242,0.31845021066015,0,-0.204014537512894,0.31845021066015,0.68154978933985,0.31845021066015,0.31845021066015,"all","log"
"8639",16,1.76834346805288,1.53068956351672,"Exp2","mixed","IP",0,1.549782591183,0.278267847993004,1.55100206170589,0.31845021066015,0,-0.139642406062033,0.31845021066015,0.68154978933985,0.31845021066015,0.31845021066015,"all","log"
"8640",16,1.31,1.07444225125437,"Exp2","mixed","IP",0,1.26320349143998,0.228890610048041,1.26521757707161,0.31845021066015,0,0.0583257772451156,0.31845021066015,0.68154978933985,0.31845021066015,0.31845021066015,"all","log"
"8641",16,0.7328,0.927491953304525,"Exp2","mixed","IP",0,0.72154826921106,0.121803371339929,0.720935419143044,0.522357488854894,0,0.689280682047264,0.522357488854894,0.477642511145106,0.522357488854894,0.522357488854894,"all","log"
"8642",16,0.542862864224572,0.636557826899661,"Exp2","mixed","IP",0,0.625169050818052,0.114008207174791,0.625366299403444,0.522357488854894,0,0.759191314227767,0.522357488854894,0.477642511145106,0.522357488854894,0.522357488854894,"all","log"
"8643",16,0.542862864224572,0.442208956947979,"Exp2","mixed","IP",0,0.625169050818052,0.114008207174791,0.624716569380203,0.522357488854894,0,0.752401843795698,0.522357488854894,0.477642511145106,0.522357488854894,0.522357488854894,"all","log"
"8644",16,1.76834346805288,0.948829239414408,"Exp2","mixed","IP",0,1.549782591183,0.278267847993004,1.54915274819507,0.31845021066015,0,-0.134493181118826,0.31845021066015,0.68154978933985,0.31845021066015,0.31845021066015,"all","log"
"8645",16,0.663061306494331,0.907547854472796,"Exp2","mixed","IP",0,0.687822528484781,0.118730795803023,0.688050691410965,0.522357488854894,0,0.719940746258901,0.522357488854894,0.477642511145106,0.522357488854894,0.522357488854894,"all","log"
"8646",16,0.599959465297448,0.584279701412925,"Exp2","mixed","IP",0,0.655723031407514,0.116131222544417,0.655787401377742,0.522357488854894,0,0.736943777135309,0.522357488854894,0.477642511145106,0.522357488854894,0.522357488854894,"all","log"
"8647",16,0.7328,0.793084116418868,"Exp2","mixed","IP",0,0.72154826921106,0.121803371339929,0.721066189332607,0.522357488854894,0,0.686865818839354,0.522357488854894,0.477642511145106,0.522357488854894,0.522357488854894,"all","log"
"8648",16,1.44778166151097,1.2413404236122,"Exp2","mixed","IP",0,1.3522293344075,0.244102034023526,1.3522081333822,0.31845021066015,0,-0.00939241297967292,0.31845021066015,0.68154978933985,0.31845021066015,0.31845021066015,"all","log"
"8649",16,0.4912,0.845014511423869,"Exp2","mixed","IP",0,0.596083978198117,0.112365179995434,0.596424823129134,0.522357488854894,0,0.774399362412507,0.522357488854894,0.477642511145106,0.522357488854894,0.522357488854894,"all","log"
"8650",16,1.44778166151097,1.22047546196973,"Exp2","mixed","IP",0,1.3522293344075,0.244102034023526,1.35249435766209,0.31845021066015,0,-0.0120503635872684,0.31845021066015,0.68154978933985,0.31845021066015,0.31845021066015,"all","log"
"8651",16,1.31,1.10571081056696,"Exp2","mixed","IP",0,1.26320349143998,0.228890610048041,1.2630502612915,0.31845021066015,0,0.0537736603282551,0.31845021066015,0.68154978933985,0.31845021066015,0.31845021066015,"all","log"
"8652",16,0.599959465297448,0.936453281219656,"Exp2","mixed","IP",0,0.655723031407514,0.116131222544417,0.656254064695014,0.522357488854894,0,0.740231581940058,0.522357488854894,0.477642511145106,0.522357488854894,0.522357488854894,"all","log"
"8653",16,0.7328,0.77205265190787,"Exp2","mixed","IP",0,0.72154826921106,0.121803371339929,0.720689457827522,0.522357488854894,0,0.685316491869919,0.522357488854894,0.477642511145106,0.522357488854894,0.522357488854894,"all","log"
"8654",16,1.954332247557,1.33507927386654,"Exp2","mixed","IP",0,1.65925834624035,0.297365545644195,1.65594265620766,0.31845021066015,0,-0.212896664902891,0.31845021066015,0.68154978933985,0.31845021066015,0.31845021066015,"all","log"
"8655",16,1.954332247557,1.7210053639601,"Exp2","mixed","IP",0,1.65925834624035,0.297365545644195,1.6603854634727,0.31845021066015,0,-0.207840439586563,0.31845021066015,0.68154978933985,0.31845021066015,0.31845021066015,"all","log"
"8656",16,0.542862864224572,0.813825616749455,"Exp2","mixed","IP",0,0.625169050818052,0.114008207174791,0.624778523103973,0.522357488854894,0,0.758293637317914,0.522357488854894,0.477642511145106,0.522357488854894,0.522357488854894,"all","log"
"8657",16,1.76834346805288,1.17867531298543,"Exp2","mixed","IP",0,1.549782591183,0.278267847993004,1.54634983728344,0.31845021066015,0,-0.139163302663899,0.31845021066015,0.68154978933985,0.31845021066015,0.31845021066015,"all","log"
"8658",16,0.599959465297448,0.605135601673283,"Exp2","mixed","IP",0,0.655723031407514,0.116131222544417,0.654996671136034,0.522357488854894,0,0.734907803284391,0.522357488854894,0.477642511145106,0.522357488854894,0.522357488854894,"all","log"
"8659",16,1.44778166151097,1.30379976538643,"Exp2","mixed","IP",0,1.3522293344075,0.244102034023526,1.35218154513715,0.31845021066015,0,-0.00552940919446474,0.31845021066015,0.68154978933985,0.31845021066015,0.31845021066015,"all","log"
"8660",16,0.4912,0.91801790226782,"Exp2","mixed","IP",0,0.596083978198117,0.112365179995434,0.594849986752831,0.522357488854894,0,0.769620035198769,0.522357488854894,0.477642511145106,0.522357488854894,0.522357488854894,"all","log"
"8661",16,0.663061306494331,0.855181002965764,"Exp2","mixed","IP",0,0.687822528484781,0.118730795803023,0.687158079545058,0.522357488854894,0,0.709488977658017,0.522357488854894,0.477642511145106,0.522357488854894,0.522357488854894,"all","log"
"8662",16,0.599959465297448,0.865884003756037,"Exp2","mixed","IP",0,0.655723031407514,0.116131222544417,0.655180467169225,0.522357488854894,0,0.736706460907272,0.522357488854894,0.477642511145106,0.522357488854894,0.522357488854894,"all","log"
"8663",16,1.31,0.907488955498593,"Exp2","mixed","IP",0,1.26320349143998,0.228890610048041,1.26277760353945,0.31845021066015,0,0.0599252798228186,0.31845021066015,0.68154978933985,0.31845021066015,0.31845021066015,"all","log"
"8664",16,0.7328,0.636457019039881,"Exp2","mixed","IP",0,0.72154826921106,0.121803371339929,0.721381579582503,0.522357488854894,0,0.684777554690548,0.522357488854894,0.477642511145106,0.522357488854894,0.522357488854894,"all","log"
"8665",16,1.954332247557,1.90850873838008,"Exp2","mixed","IP",0,1.65925834624035,0.297365545644195,1.65811550096609,0.31845021066015,0,-0.205601776532985,0.31845021066015,0.68154978933985,0.31845021066015,0.31845021066015,"all","log"
"8666",16,0.542862864224572,0.490536320467982,"Exp2","mixed","IP",0,0.625169050818052,0.114008207174791,0.624831453178349,0.522357488854894,0,0.753215482169317,0.522357488854894,0.477642511145106,0.522357488854894,0.522357488854894,"all","log"
"8667",16,1.76834346805288,1.06395596848506,"Exp2","mixed","IP",0,1.549782591183,0.278267847993004,1.55238783684773,0.31845021066015,0,-0.13863050307997,0.31845021066015,0.68154978933985,0.31845021066015,0.31845021066015,"all","log"
"8668",16,1.60005476290647,1.2308616919936,"Exp2","mixed","IP",0,1.44760319419232,0.260538511868994,1.4473105618968,0.31845021066015,0,-0.0722910443969301,0.31845021066015,0.68154978933985,0.31845021066015,0.31845021066015,"all","log"
"8669",16,1.31,1.30378239773927,"Exp2","mixed","IP",0,1.26320349143998,0.228890610048041,1.26327386509005,0.31845021066015,0,0.0635338167621819,0.31845021066015,0.68154978933985,0.31845021066015,0.31845021066015,"all","log"
"8670",16,0.663061306494331,0.792838326467972,"Exp2","mixed","IP",0,0.687822528484781,0.118730795803023,0.688190470742251,0.522357488854894,0,0.717713436861903,0.522357488854894,0.477642511145106,0.522357488854894,0.522357488854894,"all","log"
"8671",16,0.7328,0.990941628472683,"Exp2","mixed","IP",0,0.72154826921106,0.121803371339929,0.722453256555488,0.522357488854894,0,0.684221426934565,0.522357488854894,0.477642511145106,0.522357488854894,0.522357488854894,"all","log"
"8672",16,1.76834346805288,1.5853825469494,"Exp2","mixed","IP",0,1.549782591183,0.278267847993004,1.54820618487051,0.31845021066015,0,-0.134290958333581,0.31845021066015,0.68154978933985,0.31845021066015,0.31845021066015,"all","log"
"8673",16,1.954332247557,1.07436636219154,"Exp2","mixed","IP",0,1.65925834624035,0.297365545644195,1.65926798555887,0.31845021066015,0,-0.202556535612394,0.31845021066015,0.68154978933985,0.31845021066015,0.31845021066015,"all","log"
"8674",16,0.663061306494331,0.740726326293043,"Exp2","mixed","IP",0,0.687822528484781,0.118730795803023,0.687387305263903,0.522357488854894,0,0.713857138247715,0.522357488854894,0.477642511145106,0.522357488854894,0.522357488854894,"all","log"
"8675",16,0.4912,0.667765599449922,"Exp2","mixed","IP",0,0.596083978198117,0.112365179995434,0.596748463926254,0.522357488854894,0,0.769524337192171,0.522357488854894,0.477642511145106,0.522357488854894,0.522357488854894,"all","log"
"8676",16,1.60005476290647,1.42890496235123,"Exp2","mixed","IP",0,1.44760319419232,0.260538511868994,1.44831738065067,0.31845021066015,0,-0.0734157585845541,0.31845021066015,0.68154978933985,0.31845021066015,0.31845021066015,"all","log"
"8677",16,1.44778166151097,1.30390434882065,"Exp2","mixed","IP",0,1.3522293344075,0.244102034023526,1.35103855915935,0.31845021066015,0,-0.000303855732185471,0.31845021066015,0.68154978933985,0.31845021066015,0.31845021066015,"all","log"
"8678",16,0.542862864224572,0.824221663268872,"Exp2","mixed","IP",0,0.625169050818052,0.114008207174791,0.625290516149148,0.522357488854894,0,0.758695651652381,0.522357488854894,0.477642511145106,0.522357488854894,0.522357488854894,"all","log"
"8679",16,1.44778166151097,0.970214852886784,"Exp2","mixed","IP",0,1.3522293344075,0.244102034023526,1.34990756097598,0.31845021066015,0,-0.00267008173616254,0.31845021066015,0.68154978933985,0.31845021066015,0.31845021066015,"all","log"
"8680",16,1.954332247557,1.27250402193113,"Exp2","mixed","IP",0,1.65925834624035,0.297365545644195,1.65732081847894,0.31845021066015,0,-0.203279591843327,0.31845021066015,0.68154978933985,0.31845021066015,0.31845021066015,"all","log"
"8681",16,1.954332247557,1.4707485304516,"Exp2","mixed","IP",0,1.65925834624035,0.297365545644195,1.65963292967794,0.31845021066015,0,-0.199754456729444,0.31845021066015,0.68154978933985,0.31845021066015,0.31845021066015,"all","log"
"8682",16,1.31,1.19963541912421,"Exp2","mixed","IP",0,1.26320349143998,0.228890610048041,1.26183898511869,0.31845021066015,0,0.0553614466374309,0.31845021066015,0.68154978933985,0.31845021066015,0.31845021066015,"all","log"
"8683",16,0.663061306494331,0.761588267475418,"Exp2","mixed","IP",0,0.687822528484781,0.118730795803023,0.687580111496277,0.522357488854894,0,0.716310254358526,0.522357488854894,0.477642511145106,0.522357488854894,0.522357488854894,"all","log"
"8684",16,0.599959465297448,0.907674336243872,"Exp2","mixed","IP",0,0.655723031407514,0.116131222544417,0.656086493890737,0.522357488854894,0,0.737517600430882,0.522357488854894,0.477642511145106,0.522357488854894,0.522357488854894,"all","log"
"8685",16,0.7328,0.761624135439888,"Exp2","mixed","IP",0,0.72154826921106,0.121803371339929,0.721778835515778,0.522357488854894,0,0.690800867163863,0.522357488854894,0.477642511145106,0.522357488854894,0.522357488854894,"all","log"
"8686",16,0.7328,0.740939646296283,"Exp2","mixed","IP",0,0.72154826921106,0.121803371339929,0.721215979514041,0.522357488854894,0,0.690043027517638,0.522357488854894,0.477642511145106,0.522357488854894,0.522357488854894,"all","log"
"8687",16,1.60005476290647,0.907616947500173,"Exp2","mixed","IP",0,1.44760319419232,0.260538511868994,1.44845804845504,0.31845021066015,0,-0.0680770817676057,0.31845021066015,0.68154978933985,0.31845021066015,0.31845021066015,"all","log"
"8688",16,1.31,1.09528191654226,"Exp2","mixed","IP",0,1.26320349143998,0.228890610048041,1.26328372607948,0.31845021066015,0,0.0545136420078455,0.31845021066015,0.68154978933985,0.31845021066015,0.31845021066015,"all","log"
"8689",16,0.4912,0.490540851157675,"Exp2","mixed","IP",0,0.596083978198117,0.112365179995434,0.596360217292322,0.522357488854894,0,0.775203194756232,0.522357488854894,0.477642511145106,0.522357488854894,0.522357488854894,"all","log"
"8690",16,0.599959465297448,0.688603754507312,"Exp2","mixed","IP",0,0.655723031407514,0.116131222544417,0.655506244458041,0.522357488854894,0,0.738194005839509,0.522357488854894,0.477642511145106,0.522357488854894,0.522357488854894,"all","log"
"8691",16,0.542862864224572,0.7094373788741,"Exp2","mixed","IP",0,0.625169050818052,0.114008207174791,0.624059499504459,0.522357488854894,0,0.756585344721003,0.522357488854894,0.477642511145106,0.522357488854894,0.522357488854894,"all","log"
"8692",16,0.599959465297448,0.552192219823155,"Exp2","mixed","IP",0,0.655723031407514,0.116131222544417,0.655356259305749,0.522357488854894,0,0.73537717196538,0.522357488854894,0.477642511145106,0.522357488854894,0.522357488854894,"all","log"
"8693",16,0.4912,0.615691732585219,"Exp2","mixed","IP",0,0.596083978198117,0.112365179995434,0.595799832598141,0.522357488854894,0,0.76907972803315,0.522357488854894,0.477642511145106,0.522357488854894,0.522357488854894,"all","log"
"8694",16,1.31,1.2515748755095,"Exp2","mixed","IP",0,1.26320349143998,0.228890610048041,1.26176270196715,0.31845021066015,0,0.0628577823505949,0.31845021066015,0.68154978933985,0.31845021066015,0.31845021066015,"all","log"
"8695",16,1.76834346805288,1.76252876327635,"Exp2","mixed","IP",0,1.549782591183,0.278267847993004,1.54957085802725,0.31845021066015,0,-0.136346913820518,0.31845021066015,0.68154978933985,0.31845021066015,0.31845021066015,"all","log"
"8696",16,1.954332247557,1.83550723532335,"Exp2","mixed","IP",0,1.65925834624035,0.297365545644195,1.65875640566584,0.31845021066015,0,-0.204065294720569,0.31845021066015,0.68154978933985,0.31845021066015,0.31845021066015,"all","log"
"8697",16,0.542862864224572,0.572759666133607,"Exp2","mixed","IP",0,0.625169050818052,0.114008207174791,0.624652338728569,0.522357488854894,0,0.755444420874047,0.522357488854894,0.477642511145106,0.522357488854894,0.522357488854894,"all","log"
"8698",16,1.954332247557,1.67907382495559,"Exp2","mixed","IP",0,1.65925834624035,0.297365545644195,1.65858173146208,0.31845021066015,0,-0.203589274095608,0.31845021066015,0.68154978933985,0.31845021066015,0.31845021066015,"all","log"
"8699",16,0.4912,0.63450089348953,"Exp2","mixed","IP",0,0.596083978198117,0.112365179995434,0.596008715364629,0.522357488854894,0,0.774737930243285,0.522357488854894,0.477642511145106,0.522357488854894,0.522357488854894,"all","log"
"8700",16,1.31,0.95849357944553,"Exp2","mixed","IP",0,1.26320349143998,0.228890610048041,1.26342023281822,0.31845021066015,0,0.0604769452907839,0.31845021066015,0.68154978933985,0.31845021066015,0.31845021066015,"all","log"
"8701",16,1.954332247557,1.74091170704014,"Exp2","mixed","IP",0,1.65925834624035,0.297365545644195,1.65944549657081,0.31845021066015,0,-0.204008256472103,0.31845021066015,0.68154978933985,0.31845021066015,0.31845021066015,"all","log"
"8702",16,0.599959465297448,0.730211726709967,"Exp2","mixed","IP",0,0.655723031407514,0.116131222544417,0.656352333148647,0.522357488854894,0,0.733914185806008,0.522357488854894,0.477642511145106,0.522357488854894,0.522357488854894,"all","log"
"8703",16,1.44778166151097,1.35595216421643,"Exp2","mixed","IP",0,1.3522293344075,0.244102034023526,1.35394350765166,0.31845021066015,0,-0.00618105606914146,0.31845021066015,0.68154978933985,0.31845021066015,0.31845021066015,"all","log"
"8704",16,0.7328,0.740795041762794,"Exp2","mixed","IP",0,0.72154826921106,0.121803371339929,0.721154873933117,0.522357488854894,0,0.689562259171643,0.522357488854894,0.477642511145106,0.522357488854894,0.522357488854894,"all","log"
"8705",16,1.44778166151097,1.13709339225261,"Exp2","mixed","IP",0,1.3522293344075,0.244102034023526,1.35264813597013,0.31845021066015,0,-0.00901244217722984,0.31845021066015,0.68154978933985,0.31845021066015,0.31845021066015,"all","log"
"8706",16,1.76834346805288,1.6165861663676,"Exp2","mixed","IP",0,1.549782591183,0.278267847993004,1.55002362195686,0.31845021066015,0,-0.141170144089935,0.31845021066015,0.68154978933985,0.31845021066015,0.31845021066015,"all","log"
"8707",16,1.31,1.10575876037274,"Exp2","mixed","IP",0,1.26320349143998,0.228890610048041,1.26572985242552,0.31845021066015,0,0.0566222772150418,0.31845021066015,0.68154978933985,0.31845021066015,0.31845021066015,"all","log"
"8708",16,0.663061306494331,0.928517021991865,"Exp2","mixed","IP",0,0.687822528484781,0.118730795803023,0.687428341187418,0.522357488854894,0,0.712081541479378,0.522357488854894,0.477642511145106,0.522357488854894,0.522357488854894,"all","log"
"8709",16,1.60005476290647,1.59585146207246,"Exp2","mixed","IP",0,1.44760319419232,0.260538511868994,1.44616964483369,0.31845021066015,0,-0.0727632353502696,0.31845021066015,0.68154978933985,0.31845021066015,0.31845021066015,"all","log"
"8710",16,1.44778166151097,1.29351849635441,"Exp2","mixed","IP",0,1.3522293344075,0.244102034023526,1.35167132165195,0.31845021066015,0,-0.0125577561187805,0.31845021066015,0.68154978933985,0.31845021066015,0.31845021066015,"all","log"
"8711",16,0.4912,0.740782582365682,"Exp2","mixed","IP",0,0.596083978198117,0.112365179995434,0.596740461379492,0.522357488854894,0,0.768218064958803,0.522357488854894,0.477642511145106,0.522357488854894,0.522357488854894,"all","log"
"8712",16,0.542862864224572,0.709424164360826,"Exp2","mixed","IP",0,0.625169050818052,0.114008207174791,0.624558500187018,0.522357488854894,0,0.758866505325792,0.522357488854894,0.477642511145106,0.522357488854894,0.522357488854894,"all","log"
"8713",16,1.60005476290647,1.14745470347953,"Exp2","mixed","IP",0,1.44760319419232,0.260538511868994,1.44774889023909,0.31845021066015,0,-0.0751251065613112,0.31845021066015,0.68154978933985,0.31845021066015,0.31845021066015,"all","log"
"8714",16,1.60005476290647,1.18916197331237,"Exp2","mixed","IP",0,1.44760319419232,0.260538511868994,1.44960097200442,0.31845021066015,0,-0.0774354435545478,0.31845021066015,0.68154978933985,0.31845021066015,0.31845021066015,"all","log"
"8715",16,0.663061306494331,0.657411461816082,"Exp2","mixed","IP",0,0.687822528484781,0.118730795803023,0.686725696240262,0.522357488854894,0,0.713016162114677,0.522357488854894,0.477642511145106,0.522357488854894,0.522357488854894,"all","log"
"8716",16,0.599959465297448,0.813577183896996,"Exp2","mixed","IP",0,0.655723031407514,0.116131222544417,0.655774181329022,0.522357488854894,0,0.731712142695789,0.522357488854894,0.477642511145106,0.522357488854894,0.522357488854894,"all","log"
"8717",16,1.76834346805288,1.10577046465642,"Exp2","mixed","IP",0,1.549782591183,0.278267847993004,1.55080594369733,0.31845021066015,0,-0.137540215356665,0.31845021066015,0.68154978933985,0.31845021066015,0.31845021066015,"all","log"
"8718",16,0.663061306494331,0.918078689029244,"Exp2","mixed","IP",0,0.687822528484781,0.118730795803023,0.687348677865045,0.522357488854894,0,0.706984235441773,0.522357488854894,0.477642511145106,0.522357488854894,0.522357488854894,"all","log"
"8719",16,0.7328,0.646849289983948,"Exp2","mixed","IP",0,0.72154826921106,0.121803371339929,0.721401982664163,0.522357488854894,0,0.689661765924865,0.522357488854894,0.477642511145106,0.522357488854894,0.522357488854894,"all","log"
"8720",16,1.60005476290647,1.32457788879674,"Exp2","mixed","IP",0,1.44760319419232,0.260538511868994,1.44900461311274,0.31845021066015,0,-0.0773081320581383,0.31845021066015,0.68154978933985,0.31845021066015,0.31845021066015,"all","log"
"8721",16,0.4912,0.771963170773233,"Exp2","mixed","IP",0,0.596083978198117,0.112365179995434,0.596162474806739,0.522357488854894,0,0.772526609876119,0.522357488854894,0.477642511145106,0.522357488854894,0.522357488854894,"all","log"
"8722",16,1.76834346805288,1.0431242319064,"Exp2","mixed","IP",0,1.549782591183,0.278267847993004,1.54921542579835,0.31845021066015,0,-0.140701759824308,0.31845021066015,0.68154978933985,0.31845021066015,0.31845021066015,"all","log"
"8723",16,0.542862864224572,0.749955342495014,"Exp2","mixed","IP",0,0.625169050818052,0.114008207174791,0.625220354932467,0.522357488854894,0,0.754982308008601,0.522357488854894,0.477642511145106,0.522357488854894,0.522357488854894,"all","log"
"8724",16,0.599959465297448,0.928516644434239,"Exp2","mixed","IP",0,0.655723031407514,0.116131222544417,0.655538823795267,0.522357488854894,0,0.742527203168595,0.522357488854894,0.477642511145106,0.522357488854894,0.522357488854894,"all","log"
"8725",16,0.599959465297448,0.855469834474206,"Exp2","mixed","IP",0,0.655723031407514,0.116131222544417,0.655637363241975,0.522357488854894,0,0.742842146315465,0.522357488854894,0.477642511145106,0.522357488854894,0.522357488854894,"all","log"
"8726",16,1.60005476290647,0.989742883322833,"Exp2","mixed","IP",0,1.44760319419232,0.260538511868994,1.44697847368998,0.31845021066015,0,-0.0727863867108831,0.31845021066015,0.68154978933985,0.31845021066015,0.31845021066015,"all","log"
"8727",16,1.31,0.917894063398307,"Exp2","mixed","IP",0,1.26320349143998,0.228890610048041,1.26102125715295,0.31845021066015,0,0.0583488094097105,0.31845021066015,0.68154978933985,0.31845021066015,0.31845021066015,"all","log"
"8728",16,1.954332247557,1.08472465295836,"Exp2","mixed","IP",0,1.65925834624035,0.297365545644195,1.66072126665129,0.31845021066015,0,-0.198330636433503,0.31845021066015,0.68154978933985,0.31845021066015,0.31845021066015,"all","log"
"8729",16,0.4912,0.605227348152766,"Exp2","mixed","IP",0,0.596083978198117,0.112365179995434,0.595446290349013,0.522357488854894,0,0.768984177340057,0.522357488854894,0.477642511145106,0.522357488854894,0.522357488854894,"all","log"
"8730",16,1.60005476290647,1.00131464398419,"Exp2","mixed","IP",0,1.44760319419232,0.260538511868994,1.44834320963504,0.31845021066015,0,-0.0700614414264546,0.31845021066015,0.68154978933985,0.31845021066015,0.31845021066015,"all","log"
"8731",16,0.7328,0.803202280598271,"Exp2","mixed","IP",0,0.72154826921106,0.121803371339929,0.72195097821115,0.522357488854894,0,0.689067484227146,0.522357488854894,0.477642511145106,0.522357488854894,0.522357488854894,"all","log"
"8732",16,1.31,1.04302946496682,"Exp2","mixed","IP",0,1.26320349143998,0.228890610048041,1.26414322239962,0.31845021066015,0,0.0565794472082893,0.31845021066015,0.68154978933985,0.31845021066015,0.31845021066015,"all","log"
"8733",16,0.663061306494331,1.0325080693483,"Exp2","mixed","IP",0,0.687822528484781,0.118730795803023,0.688085796945896,0.522357488854894,0,0.712723004830546,0.522357488854894,0.477642511145106,0.522357488854894,0.522357488854894,"all","log"
"8734",16,1.44778166151097,1.03275008372293,"Exp2","mixed","IP",0,1.3522293344075,0.244102034023526,1.35369243362803,0.31845021066015,0,-0.0108523551569428,0.31845021066015,0.68154978933985,0.31845021066015,0.31845021066015,"all","log"
"8735",16,1.954332247557,1.78348358360927,"Exp2","mixed","IP",0,1.65925834624035,0.297365545644195,1.65999381602875,0.31845021066015,0,-0.197233372498919,0.31845021066015,0.68154978933985,0.31845021066015,0.31845021066015,"all","log"
"8736",16,0.4912,0.532189222016314,"Exp2","mixed","IP",0,0.596083978198117,0.112365179995434,0.596158511249821,0.522357488854894,0,0.770265192402905,0.522357488854894,0.477642511145106,0.522357488854894,0.522357488854894,"all","log"
"8737",16,0.542862864224572,0.521655366998857,"Exp2","mixed","IP",0,0.625169050818052,0.114008207174791,0.625500555518865,0.522357488854894,0,0.755404215256429,0.522357488854894,0.477642511145106,0.522357488854894,0.522357488854894,"all","log"
"8738",16,0.599959465297448,0.573745468836933,"Exp2","mixed","IP",0,0.655723031407514,0.116131222544417,0.654834198952843,0.522357488854894,0,0.736084203900228,0.522357488854894,0.477642511145106,0.522357488854894,0.522357488854894,"all","log"
"8739",16,0.599959465297448,0.605074814911859,"Exp2","mixed","IP",0,0.655723031407514,0.116131222544417,0.656799615215916,0.522357488854894,0,0.735462710542464,0.522357488854894,0.477642511145106,0.522357488854894,0.522357488854894,"all","log"
"8740",16,0.663061306494331,0.751139740458711,"Exp2","mixed","IP",0,0.687822528484781,0.118730795803023,0.688546664992919,0.522357488854894,0,0.718387673644227,0.522357488854894,0.477642511145106,0.522357488854894,0.522357488854894,"all","log"
"8741",16,1.44778166151097,1.42871014266802,"Exp2","mixed","IP",0,1.3522293344075,0.244102034023526,1.3520286793252,0.31845021066015,0,-0.00484132896198875,0.31845021066015,0.68154978933985,0.31845021066015,0.31845021066015,"all","log"
"8742",16,1.31,1.00119609091962,"Exp2","mixed","IP",0,1.26320349143998,0.228890610048041,1.2648815654283,0.31845021066015,0,0.0562987795747671,0.31845021066015,0.68154978933985,0.31845021066015,0.31845021066015,"all","log"
"8743",16,1.31,1.21911512219776,"Exp2","mixed","IP",0,1.26320349143998,0.228890610048041,1.2628728610155,0.31845021066015,0,0.060284819127715,0.31845021066015,0.68154978933985,0.31845021066015,0.31845021066015,"all","log"
"8744",16,1.44778166151097,1.0536014532945,"Exp2","mixed","IP",0,1.3522293344075,0.244102034023526,1.35237375105661,0.31845021066015,0,-0.00573833563234751,0.31845021066015,0.68154978933985,0.31845021066015,0.31845021066015,"all","log"
"8745",16,1.76834346805288,1.2829627430001,"Exp2","mixed","IP",0,1.549782591183,0.278267847993004,1.5485628642345,0.31845021066015,0,-0.14109814257358,0.31845021066015,0.68154978933985,0.31845021066015,0.31845021066015,"all","log"
"8746",16,0.663061306494331,0.907564467003795,"Exp2","mixed","IP",0,0.687822528484781,0.118730795803023,0.687714744575266,0.522357488854894,0,0.713286762509413,0.522357488854894,0.477642511145106,0.522357488854894,0.522357488854894,"all","log"
"8747",16,0.4912,0.540962526282783,"Exp2","mixed","IP",0,0.596083978198117,0.112365179995434,0.595691405693869,0.522357488854894,0,0.773136309777232,0.522357488854894,0.477642511145106,0.522357488854894,0.522357488854894,"all","log"
"8748",16,0.542862864224572,0.625987348802482,"Exp2","mixed","IP",0,0.625169050818052,0.114008207174791,0.625533467288537,0.522357488854894,0,0.7577388987218,0.522357488854894,0.477642511145106,0.522357488854894,0.522357488854894,"all","log"
"8749",16,0.7328,0.688588274649192,"Exp2","mixed","IP",0,0.72154826921106,0.121803371339929,0.72219713318431,0.522357488854894,0,0.689793294862792,0.522357488854894,0.477642511145106,0.522357488854894,0.522357488854894,"all","log"
"8750",16,0.4912,0.55307532687948,"Exp2","mixed","IP",0,0.596083978198117,0.112365179995434,0.596162885964421,0.522357488854894,0,0.771133880066306,0.522357488854894,0.477642511145106,0.522357488854894,0.522357488854894,"all","log"
"8751",16,1.954332247557,1.53323694415485,"Exp2","mixed","IP",0,1.65925834624035,0.297365545644195,1.65927079537799,0.31845021066015,0,-0.203123935952576,0.31845021066015,0.68154978933985,0.31845021066015,0.31845021066015,"all","log"
"8752",16,0.7328,0.926412893891211,"Exp2","mixed","IP",0,0.72154826921106,0.121803371339929,0.72120882595881,0.522357488854894,0,0.687670809089173,0.522357488854894,0.477642511145106,0.522357488854894,0.522357488854894,"all","log"
"8753",16,1.76834346805288,2.00255869603734,"Exp2","mixed","IP",0,1.549782591183,0.278267847993004,1.54941508825213,0.31845021066015,0,-0.140352391603094,0.31845021066015,0.68154978933985,0.31845021066015,0.31845021066015,"all","log"
"8754",16,1.60005476290647,1.32474363655092,"Exp2","mixed","IP",0,1.44760319419232,0.260538511868994,1.44837369142732,0.31845021066015,0,-0.0744144578909543,0.31845021066015,0.68154978933985,0.31845021066015,0.31845021066015,"all","log"
"8755",16,1.76834346805288,1.54093760748583,"Exp2","mixed","IP",0,1.549782591183,0.278267847993004,1.54936390570966,0.31845021066015,0,-0.144800145680908,0.31845021066015,0.68154978933985,0.31845021066015,0.31845021066015,"all","log"
"8756",16,1.44778166151097,1.54240290825055,"Exp2","mixed","IP",0,1.3522293344075,0.244102034023526,1.35247465041907,0.31845021066015,0,-0.00859058256796988,0.31845021066015,0.68154978933985,0.31845021066015,0.31845021066015,"all","log"
"8757",16,1.76834346805288,0.946568802496586,"Exp2","mixed","IP",0,1.549782591183,0.278267847993004,1.54924287107401,0.31845021066015,0,-0.14205920672972,0.31845021066015,0.68154978933985,0.31845021066015,0.31845021066015,"all","log"
"8758",16,0.7328,0.8236387,"Exp2","mixed","IP",0,0.72154826921106,0.121803371339929,0.722203776863686,0.522357488854894,0,0.684198262514767,0.522357488854894,0.477642511145106,0.522357488854894,0.522357488854894,"all","log"
